/*--------------------------------*- C++ -*----------------------------------*\
| =========                 |                                                 |
| \\      /  F ield         | OpenFOAM: The Open Source CFD Toolbox           |
|  \\    /   O peration     | Version:  v2012                                 |
|   \\  /    A nd           | Website:  www.openfoam.com                      |
|    \\/     M anipulation  |                                                 |
\*---------------------------------------------------------------------------*/
FoamFile
{
    version     2.0;
    format      ascii;
    class       volScalarField;
    location    "0.5";
    object      p;
}
// * * * * * * * * * * * * * * * * * * * * * * * * * * * * * * * * * * * * * //

dimensions      [1 -1 -2 0 0 0 0];


internalField   nonuniform List<scalar> 
3320
(
4.49378e+06
4.49613e+06
4.49765e+06
4.49865e+06
4.4993e+06
4.49972e+06
4.49998e+06
4.50013e+06
4.5002e+06
4.50023e+06
4.50022e+06
4.5002e+06
4.50016e+06
4.50011e+06
4.50007e+06
4.50002e+06
4.49997e+06
4.49993e+06
4.49989e+06
4.49986e+06
4.49983e+06
4.4998e+06
4.49978e+06
4.49976e+06
4.49974e+06
4.49973e+06
4.49972e+06
4.49971e+06
4.49971e+06
4.4997e+06
4.4997e+06
4.4997e+06
4.4997e+06
4.49971e+06
4.49971e+06
4.49972e+06
4.49972e+06
4.49972e+06
4.49973e+06
4.49973e+06
4.49974e+06
4.49974e+06
4.49974e+06
4.49414e+06
4.49632e+06
4.49775e+06
4.49869e+06
4.49931e+06
4.49971e+06
4.49996e+06
4.50011e+06
4.50018e+06
4.50021e+06
4.50021e+06
4.50018e+06
4.50015e+06
4.5001e+06
4.50006e+06
4.50001e+06
4.49997e+06
4.49992e+06
4.49989e+06
4.49985e+06
4.49982e+06
4.4998e+06
4.49977e+06
4.49976e+06
4.49974e+06
4.49973e+06
4.49972e+06
4.49971e+06
4.49971e+06
4.4997e+06
4.4997e+06
4.4997e+06
4.4997e+06
4.49971e+06
4.49971e+06
4.49971e+06
4.49972e+06
4.49972e+06
4.49973e+06
4.49973e+06
4.49973e+06
4.49974e+06
4.49974e+06
4.49451e+06
4.49649e+06
4.49782e+06
4.49871e+06
4.49931e+06
4.4997e+06
4.49994e+06
4.50008e+06
4.50016e+06
4.50019e+06
4.50019e+06
4.50016e+06
4.50013e+06
4.50009e+06
4.50004e+06
4.5e+06
4.49996e+06
4.49992e+06
4.49988e+06
4.49985e+06
4.49982e+06
4.49979e+06
4.49977e+06
4.49975e+06
4.49974e+06
4.49973e+06
4.49972e+06
4.49971e+06
4.4997e+06
4.4997e+06
4.4997e+06
4.4997e+06
4.4997e+06
4.49971e+06
4.49971e+06
4.49971e+06
4.49972e+06
4.49972e+06
4.49973e+06
4.49973e+06
4.49973e+06
4.49973e+06
4.49974e+06
4.49501e+06
4.49674e+06
4.49793e+06
4.49875e+06
4.49931e+06
4.49967e+06
4.49991e+06
4.50005e+06
4.50013e+06
4.50016e+06
4.50016e+06
4.50014e+06
4.50011e+06
4.50007e+06
4.50003e+06
4.49998e+06
4.49994e+06
4.49991e+06
4.49987e+06
4.49984e+06
4.49981e+06
4.49979e+06
4.49977e+06
4.49975e+06
4.49973e+06
4.49972e+06
4.49971e+06
4.49971e+06
4.4997e+06
4.4997e+06
4.4997e+06
4.4997e+06
4.4997e+06
4.4997e+06
4.49971e+06
4.49971e+06
4.49972e+06
4.49972e+06
4.49972e+06
4.49973e+06
4.49973e+06
4.49973e+06
4.49973e+06
4.4955e+06
4.49699e+06
4.49804e+06
4.49879e+06
4.4993e+06
4.49964e+06
4.49987e+06
4.50001e+06
4.50008e+06
4.50012e+06
4.50012e+06
4.50011e+06
4.50008e+06
4.50004e+06
4.50001e+06
4.49997e+06
4.49993e+06
4.49989e+06
4.49986e+06
4.49983e+06
4.4998e+06
4.49978e+06
4.49976e+06
4.49974e+06
4.49973e+06
4.49972e+06
4.49971e+06
4.4997e+06
4.4997e+06
4.4997e+06
4.4997e+06
4.4997e+06
4.4997e+06
4.4997e+06
4.49971e+06
4.49971e+06
4.49972e+06
4.49972e+06
4.49972e+06
4.49973e+06
4.49973e+06
4.49973e+06
4.49973e+06
4.49599e+06
4.49725e+06
4.49816e+06
4.49883e+06
4.49929e+06
4.49961e+06
4.49983e+06
4.49996e+06
4.50004e+06
4.50007e+06
4.50008e+06
4.50007e+06
4.50005e+06
4.50002e+06
4.49998e+06
4.49995e+06
4.49991e+06
4.49988e+06
4.49985e+06
4.49982e+06
4.49979e+06
4.49977e+06
4.49975e+06
4.49974e+06
4.49972e+06
4.49971e+06
4.49971e+06
4.4997e+06
4.4997e+06
4.49969e+06
4.49969e+06
4.49969e+06
4.4997e+06
4.4997e+06
4.4997e+06
4.49971e+06
4.49971e+06
4.49972e+06
4.49972e+06
4.49972e+06
4.49973e+06
4.49973e+06
4.49973e+06
4.49644e+06
4.49749e+06
4.49829e+06
4.49887e+06
4.49929e+06
4.49959e+06
4.49979e+06
4.49991e+06
4.49999e+06
4.50003e+06
4.50004e+06
4.50003e+06
4.50001e+06
4.49999e+06
4.49996e+06
4.49992e+06
4.49989e+06
4.49986e+06
4.49983e+06
4.49981e+06
4.49978e+06
4.49976e+06
4.49974e+06
4.49973e+06
4.49972e+06
4.49971e+06
4.4997e+06
4.49969e+06
4.49969e+06
4.49969e+06
4.49969e+06
4.49969e+06
4.49969e+06
4.4997e+06
4.4997e+06
4.49971e+06
4.49971e+06
4.49972e+06
4.49972e+06
4.49972e+06
4.49973e+06
4.49973e+06
4.49973e+06
4.49684e+06
4.49773e+06
4.4984e+06
4.49891e+06
4.49929e+06
4.49956e+06
4.49975e+06
4.49987e+06
4.49994e+06
4.49998e+06
4.5e+06
4.49999e+06
4.49998e+06
4.49996e+06
4.49993e+06
4.4999e+06
4.49987e+06
4.49984e+06
4.49982e+06
4.49979e+06
4.49977e+06
4.49975e+06
4.49974e+06
4.49972e+06
4.49971e+06
4.4997e+06
4.49969e+06
4.49969e+06
4.49969e+06
4.49968e+06
4.49968e+06
4.49969e+06
4.49969e+06
4.49969e+06
4.4997e+06
4.4997e+06
4.49971e+06
4.49971e+06
4.49972e+06
4.49972e+06
4.49972e+06
4.49972e+06
4.49973e+06
4.49721e+06
4.49794e+06
4.49852e+06
4.49896e+06
4.4993e+06
4.49954e+06
4.49971e+06
4.49983e+06
4.4999e+06
4.49994e+06
4.49996e+06
4.49996e+06
4.49994e+06
4.49992e+06
4.4999e+06
4.49988e+06
4.49985e+06
4.49982e+06
4.4998e+06
4.49978e+06
4.49976e+06
4.49974e+06
4.49973e+06
4.49971e+06
4.4997e+06
4.49969e+06
4.49969e+06
4.49968e+06
4.49968e+06
4.49968e+06
4.49968e+06
4.49968e+06
4.49968e+06
4.49969e+06
4.49969e+06
4.4997e+06
4.49971e+06
4.49971e+06
4.49972e+06
4.49972e+06
4.49972e+06
4.49972e+06
4.49972e+06
4.49752e+06
4.49814e+06
4.49863e+06
4.49901e+06
4.4993e+06
4.49952e+06
4.49968e+06
4.49979e+06
4.49986e+06
4.4999e+06
4.49992e+06
4.49992e+06
4.49991e+06
4.49989e+06
4.49987e+06
4.49985e+06
4.49983e+06
4.49981e+06
4.49978e+06
4.49976e+06
4.49975e+06
4.49973e+06
4.49972e+06
4.49971e+06
4.4997e+06
4.49969e+06
4.49968e+06
4.49968e+06
4.49967e+06
4.49967e+06
4.49967e+06
4.49967e+06
4.49968e+06
4.49968e+06
4.49969e+06
4.4997e+06
4.4997e+06
4.49971e+06
4.49971e+06
4.49972e+06
4.49972e+06
4.49972e+06
4.49972e+06
4.49873e+06
4.49906e+06
4.49932e+06
4.49951e+06
4.49965e+06
4.49975e+06
4.49982e+06
4.49986e+06
4.49988e+06
4.49988e+06
4.49988e+06
4.49987e+06
4.49985e+06
4.49983e+06
4.49981e+06
4.49979e+06
4.49977e+06
4.49975e+06
4.49974e+06
4.49972e+06
4.49971e+06
4.4997e+06
4.49969e+06
4.49968e+06
4.49968e+06
4.49967e+06
4.49967e+06
4.49967e+06
4.49967e+06
4.49967e+06
4.49967e+06
4.49968e+06
4.49968e+06
4.49969e+06
4.4997e+06
4.49971e+06
4.49971e+06
4.49972e+06
4.49972e+06
4.49972e+06
4.49972e+06
4.49882e+06
4.4991e+06
4.49933e+06
4.4995e+06
4.49963e+06
4.49972e+06
4.49979e+06
4.49982e+06
4.49985e+06
4.49985e+06
4.49985e+06
4.49984e+06
4.49982e+06
4.49981e+06
4.49979e+06
4.49977e+06
4.49976e+06
4.49974e+06
4.49972e+06
4.49971e+06
4.4997e+06
4.49969e+06
4.49968e+06
4.49968e+06
4.49967e+06
4.49967e+06
4.49966e+06
4.49966e+06
4.49966e+06
4.49966e+06
4.49967e+06
4.49967e+06
4.49968e+06
4.49969e+06
4.49969e+06
4.4997e+06
4.49971e+06
4.49971e+06
4.49972e+06
4.49972e+06
4.49972e+06
4.4989e+06
4.49915e+06
4.49935e+06
4.4995e+06
4.49961e+06
4.4997e+06
4.49976e+06
4.49979e+06
4.49981e+06
4.49982e+06
4.49982e+06
4.49981e+06
4.4998e+06
4.49979e+06
4.49977e+06
4.49976e+06
4.49974e+06
4.49973e+06
4.49971e+06
4.4997e+06
4.49969e+06
4.49968e+06
4.49968e+06
4.49967e+06
4.49966e+06
4.49966e+06
4.49966e+06
4.49966e+06
4.49966e+06
4.49966e+06
4.49966e+06
4.49967e+06
4.49967e+06
4.49968e+06
4.49969e+06
4.4997e+06
4.4997e+06
4.49971e+06
4.49971e+06
4.49972e+06
4.49972e+06
4.49898e+06
4.49919e+06
4.49936e+06
4.4995e+06
4.4996e+06
4.49968e+06
4.49973e+06
4.49977e+06
4.49979e+06
4.49979e+06
4.4998e+06
4.49979e+06
4.49978e+06
4.49977e+06
4.49976e+06
4.49974e+06
4.49973e+06
4.49972e+06
4.4997e+06
4.49969e+06
4.49968e+06
4.49968e+06
4.49967e+06
4.49966e+06
4.49966e+06
4.49966e+06
4.49965e+06
4.49965e+06
4.49965e+06
4.49965e+06
4.49966e+06
4.49966e+06
4.49967e+06
4.49967e+06
4.49968e+06
4.49969e+06
4.4997e+06
4.49971e+06
4.49971e+06
4.49971e+06
4.49972e+06
4.49905e+06
4.49923e+06
4.49938e+06
4.4995e+06
4.49959e+06
4.49966e+06
4.49971e+06
4.49974e+06
4.49976e+06
4.49977e+06
4.49977e+06
4.49977e+06
4.49976e+06
4.49975e+06
4.49974e+06
4.49973e+06
4.49972e+06
4.49971e+06
4.49969e+06
4.49969e+06
4.49968e+06
4.49967e+06
4.49966e+06
4.49966e+06
4.49965e+06
4.49965e+06
4.49965e+06
4.49965e+06
4.49965e+06
4.49965e+06
4.49965e+06
4.49965e+06
4.49966e+06
4.49967e+06
4.49968e+06
4.49969e+06
4.4997e+06
4.4997e+06
4.49971e+06
4.49971e+06
4.49971e+06
4.49912e+06
4.49927e+06
4.4994e+06
4.4995e+06
4.49958e+06
4.49964e+06
4.49969e+06
4.49972e+06
4.49974e+06
4.49975e+06
4.49975e+06
4.49975e+06
4.49974e+06
4.49974e+06
4.49973e+06
4.49972e+06
4.4997e+06
4.4997e+06
4.49969e+06
4.49968e+06
4.49967e+06
4.49966e+06
4.49966e+06
4.49965e+06
4.49965e+06
4.49965e+06
4.49964e+06
4.49964e+06
4.49964e+06
4.49964e+06
4.49965e+06
4.49965e+06
4.49966e+06
4.49966e+06
4.49967e+06
4.49968e+06
4.49969e+06
4.4997e+06
4.49971e+06
4.49971e+06
4.49971e+06
4.49917e+06
4.4993e+06
4.49941e+06
4.4995e+06
4.49958e+06
4.49963e+06
4.49967e+06
4.4997e+06
4.49972e+06
4.49973e+06
4.49973e+06
4.49973e+06
4.49973e+06
4.49972e+06
4.49971e+06
4.4997e+06
4.49969e+06
4.49969e+06
4.49968e+06
4.49967e+06
4.49966e+06
4.49966e+06
4.49965e+06
4.49965e+06
4.49964e+06
4.49964e+06
4.49964e+06
4.49964e+06
4.49964e+06
4.49964e+06
4.49964e+06
4.49964e+06
4.49965e+06
4.49966e+06
4.49967e+06
4.49968e+06
4.49969e+06
4.4997e+06
4.4997e+06
4.49971e+06
4.49971e+06
4.49922e+06
4.49934e+06
4.49943e+06
4.49951e+06
4.49957e+06
4.49962e+06
4.49966e+06
4.49968e+06
4.4997e+06
4.49971e+06
4.49972e+06
4.49972e+06
4.49971e+06
4.49971e+06
4.4997e+06
4.49969e+06
4.49968e+06
4.49968e+06
4.49967e+06
4.49966e+06
4.49966e+06
4.49965e+06
4.49965e+06
4.49964e+06
4.49964e+06
4.49964e+06
4.49964e+06
4.49964e+06
4.49964e+06
4.49964e+06
4.49964e+06
4.49964e+06
4.49965e+06
4.49965e+06
4.49966e+06
4.49967e+06
4.49968e+06
4.49969e+06
4.4997e+06
4.4997e+06
4.4997e+06
4.49927e+06
4.49936e+06
4.49945e+06
4.49951e+06
4.49957e+06
4.49961e+06
4.49965e+06
4.49967e+06
4.49969e+06
4.4997e+06
4.4997e+06
4.4997e+06
4.4997e+06
4.49969e+06
4.49969e+06
4.49968e+06
4.49968e+06
4.49967e+06
4.49966e+06
4.49966e+06
4.49965e+06
4.49965e+06
4.49964e+06
4.49964e+06
4.49964e+06
4.49963e+06
4.49963e+06
4.49963e+06
4.49963e+06
4.49963e+06
4.49963e+06
4.49964e+06
4.49964e+06
4.49965e+06
4.49966e+06
4.49967e+06
4.49968e+06
4.49969e+06
4.49969e+06
4.4997e+06
4.4997e+06
4.49931e+06
4.49939e+06
4.49946e+06
4.49952e+06
4.49957e+06
4.49961e+06
4.49964e+06
4.49966e+06
4.49967e+06
4.49968e+06
4.49969e+06
4.49969e+06
4.49969e+06
4.49968e+06
4.49968e+06
4.49967e+06
4.49967e+06
4.49966e+06
4.49966e+06
4.49965e+06
4.49965e+06
4.49964e+06
4.49964e+06
4.49964e+06
4.49963e+06
4.49963e+06
4.49963e+06
4.49963e+06
4.49963e+06
4.49963e+06
4.49963e+06
4.49963e+06
4.49964e+06
4.49964e+06
4.49965e+06
4.49966e+06
4.49967e+06
4.49968e+06
4.49969e+06
4.49969e+06
4.4997e+06
4.49934e+06
4.49941e+06
4.49947e+06
4.49953e+06
4.49957e+06
4.4996e+06
4.49963e+06
4.49965e+06
4.49966e+06
4.49967e+06
4.49967e+06
4.49968e+06
4.49968e+06
4.49967e+06
4.49967e+06
4.49966e+06
4.49966e+06
4.49965e+06
4.49965e+06
4.49965e+06
4.49964e+06
4.49964e+06
4.49963e+06
4.49963e+06
4.49963e+06
4.49963e+06
4.49963e+06
4.49963e+06
4.49963e+06
4.49963e+06
4.49963e+06
4.49963e+06
4.49963e+06
4.49964e+06
4.49965e+06
4.49966e+06
4.49967e+06
4.49968e+06
4.49969e+06
4.49969e+06
4.49969e+06
4.49938e+06
4.49944e+06
4.49949e+06
4.49953e+06
4.49957e+06
4.4996e+06
4.49962e+06
4.49964e+06
4.49965e+06
4.49966e+06
4.49966e+06
4.49967e+06
4.49967e+06
4.49966e+06
4.49966e+06
4.49966e+06
4.49965e+06
4.49965e+06
4.49964e+06
4.49964e+06
4.49964e+06
4.49963e+06
4.49963e+06
4.49963e+06
4.49963e+06
4.49962e+06
4.49962e+06
4.49962e+06
4.49962e+06
4.49962e+06
4.49962e+06
4.49963e+06
4.49963e+06
4.49963e+06
4.49964e+06
4.49965e+06
4.49966e+06
4.49967e+06
4.49968e+06
4.49969e+06
4.49969e+06
4.4994e+06
4.49945e+06
4.4995e+06
4.49954e+06
4.49957e+06
4.4996e+06
4.49962e+06
4.49963e+06
4.49964e+06
4.49965e+06
4.49965e+06
4.49966e+06
4.49966e+06
4.49966e+06
4.49965e+06
4.49965e+06
4.49965e+06
4.49964e+06
4.49964e+06
4.49964e+06
4.49963e+06
4.49963e+06
4.49963e+06
4.49962e+06
4.49962e+06
4.49962e+06
4.49962e+06
4.49962e+06
4.49962e+06
4.49962e+06
4.49962e+06
4.49962e+06
4.49962e+06
4.49963e+06
4.49964e+06
4.49965e+06
4.49966e+06
4.49967e+06
4.49968e+06
4.49968e+06
4.49968e+06
4.49943e+06
4.49947e+06
4.49951e+06
4.49954e+06
4.49957e+06
4.49959e+06
4.49961e+06
4.49963e+06
4.49964e+06
4.49964e+06
4.49965e+06
4.49965e+06
4.49965e+06
4.49965e+06
4.49965e+06
4.49964e+06
4.49964e+06
4.49964e+06
4.49963e+06
4.49963e+06
4.49963e+06
4.49963e+06
4.49962e+06
4.49962e+06
4.49962e+06
4.49962e+06
4.49962e+06
4.49962e+06
4.49962e+06
4.49962e+06
4.49962e+06
4.49962e+06
4.49962e+06
4.49963e+06
4.49963e+06
4.49964e+06
4.49965e+06
4.49966e+06
4.49967e+06
4.49968e+06
4.49968e+06
4.49945e+06
4.49949e+06
4.49952e+06
4.49955e+06
4.49957e+06
4.49959e+06
4.49961e+06
4.49962e+06
4.49963e+06
4.49964e+06
4.49964e+06
4.49964e+06
4.49964e+06
4.49964e+06
4.49964e+06
4.49964e+06
4.49963e+06
4.49963e+06
4.49963e+06
4.49963e+06
4.49962e+06
4.49962e+06
4.49962e+06
4.49962e+06
4.49962e+06
4.49962e+06
4.49962e+06
4.49961e+06
4.49961e+06
4.49961e+06
4.49961e+06
4.49962e+06
4.49962e+06
4.49962e+06
4.49963e+06
4.49964e+06
4.49965e+06
4.49966e+06
4.49967e+06
4.49967e+06
4.49968e+06
4.49947e+06
4.4995e+06
4.49953e+06
4.49955e+06
4.49957e+06
4.49959e+06
4.4996e+06
4.49962e+06
4.49962e+06
4.49963e+06
4.49963e+06
4.49963e+06
4.49963e+06
4.49963e+06
4.49963e+06
4.49963e+06
4.49963e+06
4.49963e+06
4.49962e+06
4.49962e+06
4.49962e+06
4.49962e+06
4.49962e+06
4.49962e+06
4.49961e+06
4.49961e+06
4.49961e+06
4.49961e+06
4.49961e+06
4.49961e+06
4.49961e+06
4.49961e+06
4.49962e+06
4.49962e+06
4.49962e+06
4.49963e+06
4.49964e+06
4.49965e+06
4.49966e+06
4.49967e+06
4.49967e+06
4.49948e+06
4.49951e+06
4.49953e+06
4.49956e+06
4.49957e+06
4.49959e+06
4.4996e+06
4.49961e+06
4.49962e+06
4.49962e+06
4.49963e+06
4.49963e+06
4.49963e+06
4.49963e+06
4.49963e+06
4.49963e+06
4.49962e+06
4.49962e+06
4.49962e+06
4.49962e+06
4.49962e+06
4.49962e+06
4.49961e+06
4.49961e+06
4.49961e+06
4.49961e+06
4.49961e+06
4.49961e+06
4.49961e+06
4.49961e+06
4.49961e+06
4.49961e+06
4.49961e+06
4.49962e+06
4.49962e+06
4.49963e+06
4.49964e+06
4.49965e+06
4.49966e+06
4.49966e+06
4.49966e+06
4.4995e+06
4.49952e+06
4.49954e+06
4.49956e+06
4.49958e+06
4.49959e+06
4.4996e+06
4.49961e+06
4.49961e+06
4.49962e+06
4.49962e+06
4.49962e+06
4.49962e+06
4.49962e+06
4.49962e+06
4.49962e+06
4.49962e+06
4.49962e+06
4.49962e+06
4.49962e+06
4.49961e+06
4.49961e+06
4.49961e+06
4.49961e+06
4.49961e+06
4.49961e+06
4.49961e+06
4.49961e+06
4.49961e+06
4.49961e+06
4.49961e+06
4.49961e+06
4.49961e+06
4.49961e+06
4.49962e+06
4.49962e+06
4.49963e+06
4.49964e+06
4.49965e+06
4.49966e+06
4.49966e+06
4.49951e+06
4.49953e+06
4.49955e+06
4.49956e+06
4.49958e+06
4.49959e+06
4.4996e+06
4.4996e+06
4.49961e+06
4.49961e+06
4.49962e+06
4.49962e+06
4.49962e+06
4.49962e+06
4.49962e+06
4.49962e+06
4.49962e+06
4.49961e+06
4.49961e+06
4.49961e+06
4.49961e+06
4.49961e+06
4.49961e+06
4.49961e+06
4.49961e+06
4.49961e+06
4.49961e+06
4.4996e+06
4.4996e+06
4.4996e+06
4.4996e+06
4.49961e+06
4.49961e+06
4.49961e+06
4.49961e+06
4.49962e+06
4.49963e+06
4.49964e+06
4.49964e+06
4.49965e+06
4.49965e+06
4.49952e+06
4.49954e+06
4.49955e+06
4.49957e+06
4.49958e+06
4.49959e+06
4.4996e+06
4.4996e+06
4.49961e+06
4.49961e+06
4.49961e+06
4.49961e+06
4.49961e+06
4.49961e+06
4.49961e+06
4.49961e+06
4.49961e+06
4.49961e+06
4.49961e+06
4.49961e+06
4.49961e+06
4.49961e+06
4.49961e+06
4.4996e+06
4.4996e+06
4.4996e+06
4.4996e+06
4.4996e+06
4.4996e+06
4.4996e+06
4.4996e+06
4.4996e+06
4.4996e+06
4.49961e+06
4.49961e+06
4.49962e+06
4.49962e+06
4.49963e+06
4.49964e+06
4.49964e+06
4.49965e+06
4.49953e+06
4.49955e+06
4.49956e+06
4.49957e+06
4.49958e+06
4.49959e+06
4.49959e+06
4.4996e+06
4.4996e+06
4.49961e+06
4.49961e+06
4.49961e+06
4.49961e+06
4.49961e+06
4.49961e+06
4.49961e+06
4.49961e+06
4.49961e+06
4.49961e+06
4.49961e+06
4.4996e+06
4.4996e+06
4.4996e+06
4.4996e+06
4.4996e+06
4.4996e+06
4.4996e+06
4.4996e+06
4.4996e+06
4.4996e+06
4.4996e+06
4.4996e+06
4.4996e+06
4.4996e+06
4.49961e+06
4.49961e+06
4.49962e+06
4.49963e+06
4.49963e+06
4.49964e+06
4.49964e+06
4.49954e+06
4.49955e+06
4.49956e+06
4.49957e+06
4.49958e+06
4.49959e+06
4.49959e+06
4.4996e+06
4.4996e+06
4.4996e+06
4.4996e+06
4.49961e+06
4.49961e+06
4.49961e+06
4.49961e+06
4.49961e+06
4.4996e+06
4.4996e+06
4.4996e+06
4.4996e+06
4.4996e+06
4.4996e+06
4.4996e+06
4.4996e+06
4.4996e+06
4.4996e+06
4.4996e+06
4.4996e+06
4.4996e+06
4.4996e+06
4.4996e+06
4.4996e+06
4.4996e+06
4.4996e+06
4.4996e+06
4.49961e+06
4.49961e+06
4.49962e+06
4.49963e+06
4.49963e+06
4.49964e+06
4.49955e+06
4.49956e+06
4.49957e+06
4.49957e+06
4.49958e+06
4.49959e+06
4.49959e+06
4.49959e+06
4.4996e+06
4.4996e+06
4.4996e+06
4.4996e+06
4.4996e+06
4.4996e+06
4.4996e+06
4.4996e+06
4.4996e+06
4.4996e+06
4.4996e+06
4.4996e+06
4.4996e+06
4.4996e+06
4.4996e+06
4.4996e+06
4.4996e+06
4.4996e+06
4.4996e+06
4.4996e+06
4.4996e+06
4.4996e+06
4.4996e+06
4.4996e+06
4.4996e+06
4.4996e+06
4.4996e+06
4.4996e+06
4.49961e+06
4.49962e+06
4.49962e+06
4.49963e+06
4.49963e+06
4.49955e+06
4.49956e+06
4.49957e+06
4.49957e+06
4.49958e+06
4.49959e+06
4.49959e+06
4.49959e+06
4.4996e+06
4.4996e+06
4.4996e+06
4.4996e+06
4.4996e+06
4.4996e+06
4.4996e+06
4.4996e+06
4.4996e+06
4.4996e+06
4.4996e+06
4.4996e+06
4.4996e+06
4.4996e+06
4.4996e+06
4.4996e+06
4.49959e+06
4.49959e+06
4.49959e+06
4.49959e+06
4.49959e+06
4.49959e+06
4.49959e+06
4.49959e+06
4.4996e+06
4.4996e+06
4.4996e+06
4.4996e+06
4.49961e+06
4.49961e+06
4.49962e+06
4.49962e+06
4.49962e+06
4.49956e+06
4.49957e+06
4.49957e+06
4.49958e+06
4.49958e+06
4.49958e+06
4.49959e+06
4.49959e+06
4.49959e+06
4.49959e+06
4.4996e+06
4.4996e+06
4.4996e+06
4.4996e+06
4.4996e+06
4.4996e+06
4.4996e+06
4.4996e+06
4.49959e+06
4.49959e+06
4.49959e+06
4.49959e+06
4.49959e+06
4.49959e+06
4.49959e+06
4.49959e+06
4.49959e+06
4.49959e+06
4.49959e+06
4.49959e+06
4.49959e+06
4.49959e+06
4.49959e+06
4.49959e+06
4.4996e+06
4.4996e+06
4.4996e+06
4.49961e+06
4.49961e+06
4.49962e+06
4.49962e+06
4.49956e+06
4.49957e+06
4.49957e+06
4.49958e+06
4.49958e+06
4.49958e+06
4.49959e+06
4.49959e+06
4.49959e+06
4.49959e+06
4.49959e+06
4.49959e+06
4.49959e+06
4.49959e+06
4.49959e+06
4.49959e+06
4.49959e+06
4.49959e+06
4.49959e+06
4.49959e+06
4.49959e+06
4.49959e+06
4.49959e+06
4.49959e+06
4.49959e+06
4.49959e+06
4.49959e+06
4.49959e+06
4.49959e+06
4.49959e+06
4.49959e+06
4.49959e+06
4.49959e+06
4.49959e+06
4.49959e+06
4.4996e+06
4.4996e+06
4.4996e+06
4.49961e+06
4.49961e+06
4.49961e+06
4.49957e+06
4.49957e+06
4.49958e+06
4.49958e+06
4.49958e+06
4.49958e+06
4.49959e+06
4.49959e+06
4.49959e+06
4.49959e+06
4.49959e+06
4.49959e+06
4.49959e+06
4.49959e+06
4.49959e+06
4.49959e+06
4.49959e+06
4.49959e+06
4.49959e+06
4.49959e+06
4.49959e+06
4.49959e+06
4.49959e+06
4.49959e+06
4.49959e+06
4.49959e+06
4.49959e+06
4.49959e+06
4.49959e+06
4.49959e+06
4.49959e+06
4.49959e+06
4.49959e+06
4.49959e+06
4.49959e+06
4.49959e+06
4.49959e+06
4.4996e+06
4.4996e+06
4.4996e+06
4.49961e+06
4.49957e+06
4.49957e+06
4.49958e+06
4.49958e+06
4.49958e+06
4.49958e+06
4.49958e+06
4.49959e+06
4.49959e+06
4.49959e+06
4.49959e+06
4.49959e+06
4.49959e+06
4.49959e+06
4.49959e+06
4.49959e+06
4.49959e+06
4.49959e+06
4.49959e+06
4.49959e+06
4.49959e+06
4.49959e+06
4.49959e+06
4.49959e+06
4.49959e+06
4.49959e+06
4.49959e+06
4.49959e+06
4.49959e+06
4.49959e+06
4.49959e+06
4.49959e+06
4.49959e+06
4.49959e+06
4.49959e+06
4.49959e+06
4.49959e+06
4.49959e+06
4.4996e+06
4.4996e+06
4.4996e+06
4.49958e+06
4.49958e+06
4.49958e+06
4.49958e+06
4.49958e+06
4.49958e+06
4.49958e+06
4.49958e+06
4.49958e+06
4.49958e+06
4.49958e+06
4.49958e+06
4.49958e+06
4.49958e+06
4.49958e+06
4.49958e+06
4.49958e+06
4.49958e+06
4.49958e+06
4.49958e+06
4.49958e+06
4.49958e+06
4.49958e+06
4.49958e+06
4.49958e+06
4.49958e+06
4.49958e+06
4.49958e+06
4.49958e+06
4.49958e+06
4.49958e+06
4.49958e+06
4.49958e+06
4.49958e+06
4.49959e+06
4.49959e+06
4.49959e+06
4.49959e+06
4.49959e+06
4.49959e+06
4.49959e+06
4.49958e+06
4.49958e+06
4.49958e+06
4.49958e+06
4.49958e+06
4.49958e+06
4.49958e+06
4.49958e+06
4.49958e+06
4.49958e+06
4.49958e+06
4.49958e+06
4.49958e+06
4.49958e+06
4.49958e+06
4.49958e+06
4.49958e+06
4.49958e+06
4.49958e+06
4.49958e+06
4.49958e+06
4.49958e+06
4.49958e+06
4.49958e+06
4.49958e+06
4.49958e+06
4.49958e+06
4.49958e+06
4.49958e+06
4.49958e+06
4.49958e+06
4.49958e+06
4.49958e+06
4.49958e+06
4.49958e+06
4.49958e+06
4.49958e+06
4.49958e+06
4.49959e+06
4.49959e+06
4.49959e+06
4.49378e+06
4.49613e+06
4.49765e+06
4.49865e+06
4.4993e+06
4.49972e+06
4.49998e+06
4.50013e+06
4.5002e+06
4.50023e+06
4.50022e+06
4.5002e+06
4.50016e+06
4.50011e+06
4.50007e+06
4.50002e+06
4.49997e+06
4.49993e+06
4.49989e+06
4.49986e+06
4.49983e+06
4.4998e+06
4.49978e+06
4.49976e+06
4.49974e+06
4.49973e+06
4.49972e+06
4.49971e+06
4.49971e+06
4.4997e+06
4.4997e+06
4.4997e+06
4.4997e+06
4.49971e+06
4.49971e+06
4.49972e+06
4.49972e+06
4.49972e+06
4.49973e+06
4.49973e+06
4.49974e+06
4.49974e+06
4.49974e+06
4.49414e+06
4.49632e+06
4.49775e+06
4.49869e+06
4.49931e+06
4.49971e+06
4.49996e+06
4.50011e+06
4.50018e+06
4.50021e+06
4.50021e+06
4.50018e+06
4.50015e+06
4.5001e+06
4.50006e+06
4.50001e+06
4.49997e+06
4.49992e+06
4.49989e+06
4.49985e+06
4.49982e+06
4.4998e+06
4.49977e+06
4.49976e+06
4.49974e+06
4.49973e+06
4.49972e+06
4.49971e+06
4.49971e+06
4.4997e+06
4.4997e+06
4.4997e+06
4.4997e+06
4.49971e+06
4.49971e+06
4.49971e+06
4.49972e+06
4.49972e+06
4.49973e+06
4.49973e+06
4.49973e+06
4.49974e+06
4.49974e+06
4.49451e+06
4.49649e+06
4.49782e+06
4.49871e+06
4.49931e+06
4.4997e+06
4.49994e+06
4.50008e+06
4.50016e+06
4.50019e+06
4.50019e+06
4.50016e+06
4.50013e+06
4.50009e+06
4.50004e+06
4.5e+06
4.49996e+06
4.49992e+06
4.49988e+06
4.49985e+06
4.49982e+06
4.49979e+06
4.49977e+06
4.49975e+06
4.49974e+06
4.49973e+06
4.49972e+06
4.49971e+06
4.4997e+06
4.4997e+06
4.4997e+06
4.4997e+06
4.4997e+06
4.49971e+06
4.49971e+06
4.49971e+06
4.49972e+06
4.49972e+06
4.49973e+06
4.49973e+06
4.49973e+06
4.49973e+06
4.49974e+06
4.49501e+06
4.49674e+06
4.49793e+06
4.49875e+06
4.49931e+06
4.49967e+06
4.49991e+06
4.50005e+06
4.50013e+06
4.50016e+06
4.50016e+06
4.50014e+06
4.50011e+06
4.50007e+06
4.50003e+06
4.49998e+06
4.49994e+06
4.49991e+06
4.49987e+06
4.49984e+06
4.49981e+06
4.49979e+06
4.49977e+06
4.49975e+06
4.49973e+06
4.49972e+06
4.49971e+06
4.49971e+06
4.4997e+06
4.4997e+06
4.4997e+06
4.4997e+06
4.4997e+06
4.4997e+06
4.49971e+06
4.49971e+06
4.49972e+06
4.49972e+06
4.49972e+06
4.49973e+06
4.49973e+06
4.49973e+06
4.49973e+06
4.4955e+06
4.49699e+06
4.49804e+06
4.49879e+06
4.4993e+06
4.49964e+06
4.49987e+06
4.50001e+06
4.50008e+06
4.50012e+06
4.50012e+06
4.50011e+06
4.50008e+06
4.50004e+06
4.50001e+06
4.49997e+06
4.49993e+06
4.49989e+06
4.49986e+06
4.49983e+06
4.4998e+06
4.49978e+06
4.49976e+06
4.49974e+06
4.49973e+06
4.49972e+06
4.49971e+06
4.4997e+06
4.4997e+06
4.4997e+06
4.4997e+06
4.4997e+06
4.4997e+06
4.4997e+06
4.49971e+06
4.49971e+06
4.49972e+06
4.49972e+06
4.49972e+06
4.49973e+06
4.49973e+06
4.49973e+06
4.49973e+06
4.49599e+06
4.49725e+06
4.49816e+06
4.49883e+06
4.49929e+06
4.49961e+06
4.49983e+06
4.49996e+06
4.50004e+06
4.50007e+06
4.50008e+06
4.50007e+06
4.50005e+06
4.50002e+06
4.49998e+06
4.49995e+06
4.49991e+06
4.49988e+06
4.49985e+06
4.49982e+06
4.49979e+06
4.49977e+06
4.49975e+06
4.49974e+06
4.49972e+06
4.49971e+06
4.49971e+06
4.4997e+06
4.4997e+06
4.49969e+06
4.49969e+06
4.49969e+06
4.4997e+06
4.4997e+06
4.4997e+06
4.49971e+06
4.49971e+06
4.49972e+06
4.49972e+06
4.49972e+06
4.49973e+06
4.49973e+06
4.49973e+06
4.49644e+06
4.49749e+06
4.49829e+06
4.49887e+06
4.49929e+06
4.49959e+06
4.49979e+06
4.49991e+06
4.49999e+06
4.50003e+06
4.50004e+06
4.50003e+06
4.50001e+06
4.49999e+06
4.49996e+06
4.49992e+06
4.49989e+06
4.49986e+06
4.49983e+06
4.49981e+06
4.49978e+06
4.49976e+06
4.49974e+06
4.49973e+06
4.49972e+06
4.49971e+06
4.4997e+06
4.49969e+06
4.49969e+06
4.49969e+06
4.49969e+06
4.49969e+06
4.49969e+06
4.4997e+06
4.4997e+06
4.49971e+06
4.49971e+06
4.49972e+06
4.49972e+06
4.49972e+06
4.49973e+06
4.49973e+06
4.49973e+06
4.49684e+06
4.49773e+06
4.4984e+06
4.49891e+06
4.49929e+06
4.49956e+06
4.49975e+06
4.49987e+06
4.49994e+06
4.49998e+06
4.5e+06
4.49999e+06
4.49998e+06
4.49996e+06
4.49993e+06
4.4999e+06
4.49987e+06
4.49984e+06
4.49982e+06
4.49979e+06
4.49977e+06
4.49975e+06
4.49974e+06
4.49972e+06
4.49971e+06
4.4997e+06
4.49969e+06
4.49969e+06
4.49969e+06
4.49968e+06
4.49968e+06
4.49969e+06
4.49969e+06
4.49969e+06
4.4997e+06
4.4997e+06
4.49971e+06
4.49971e+06
4.49972e+06
4.49972e+06
4.49972e+06
4.49972e+06
4.49973e+06
4.49721e+06
4.49794e+06
4.49852e+06
4.49896e+06
4.4993e+06
4.49954e+06
4.49971e+06
4.49983e+06
4.4999e+06
4.49994e+06
4.49996e+06
4.49996e+06
4.49994e+06
4.49992e+06
4.4999e+06
4.49988e+06
4.49985e+06
4.49982e+06
4.4998e+06
4.49978e+06
4.49976e+06
4.49974e+06
4.49973e+06
4.49971e+06
4.4997e+06
4.49969e+06
4.49969e+06
4.49968e+06
4.49968e+06
4.49968e+06
4.49968e+06
4.49968e+06
4.49968e+06
4.49969e+06
4.49969e+06
4.4997e+06
4.49971e+06
4.49971e+06
4.49972e+06
4.49972e+06
4.49972e+06
4.49972e+06
4.49972e+06
4.49752e+06
4.49814e+06
4.49863e+06
4.49901e+06
4.4993e+06
4.49952e+06
4.49968e+06
4.49979e+06
4.49986e+06
4.4999e+06
4.49992e+06
4.49992e+06
4.49991e+06
4.49989e+06
4.49987e+06
4.49985e+06
4.49983e+06
4.49981e+06
4.49978e+06
4.49976e+06
4.49975e+06
4.49973e+06
4.49972e+06
4.49971e+06
4.4997e+06
4.49969e+06
4.49968e+06
4.49968e+06
4.49967e+06
4.49967e+06
4.49967e+06
4.49967e+06
4.49968e+06
4.49968e+06
4.49969e+06
4.4997e+06
4.4997e+06
4.49971e+06
4.49971e+06
4.49972e+06
4.49972e+06
4.49972e+06
4.49972e+06
4.49873e+06
4.49906e+06
4.49932e+06
4.49951e+06
4.49965e+06
4.49975e+06
4.49982e+06
4.49986e+06
4.49988e+06
4.49988e+06
4.49988e+06
4.49987e+06
4.49985e+06
4.49983e+06
4.49981e+06
4.49979e+06
4.49977e+06
4.49975e+06
4.49974e+06
4.49972e+06
4.49971e+06
4.4997e+06
4.49969e+06
4.49968e+06
4.49968e+06
4.49967e+06
4.49967e+06
4.49967e+06
4.49967e+06
4.49967e+06
4.49967e+06
4.49968e+06
4.49968e+06
4.49969e+06
4.4997e+06
4.49971e+06
4.49971e+06
4.49972e+06
4.49972e+06
4.49972e+06
4.49972e+06
4.49882e+06
4.4991e+06
4.49933e+06
4.4995e+06
4.49963e+06
4.49972e+06
4.49979e+06
4.49982e+06
4.49985e+06
4.49985e+06
4.49985e+06
4.49984e+06
4.49982e+06
4.49981e+06
4.49979e+06
4.49977e+06
4.49976e+06
4.49974e+06
4.49972e+06
4.49971e+06
4.4997e+06
4.49969e+06
4.49968e+06
4.49968e+06
4.49967e+06
4.49967e+06
4.49966e+06
4.49966e+06
4.49966e+06
4.49966e+06
4.49967e+06
4.49967e+06
4.49968e+06
4.49969e+06
4.49969e+06
4.4997e+06
4.49971e+06
4.49971e+06
4.49972e+06
4.49972e+06
4.49972e+06
4.4989e+06
4.49915e+06
4.49935e+06
4.4995e+06
4.49961e+06
4.4997e+06
4.49976e+06
4.49979e+06
4.49981e+06
4.49982e+06
4.49982e+06
4.49981e+06
4.4998e+06
4.49979e+06
4.49977e+06
4.49976e+06
4.49974e+06
4.49973e+06
4.49971e+06
4.4997e+06
4.49969e+06
4.49968e+06
4.49968e+06
4.49967e+06
4.49966e+06
4.49966e+06
4.49966e+06
4.49966e+06
4.49966e+06
4.49966e+06
4.49966e+06
4.49967e+06
4.49967e+06
4.49968e+06
4.49969e+06
4.4997e+06
4.4997e+06
4.49971e+06
4.49971e+06
4.49972e+06
4.49972e+06
4.49898e+06
4.49919e+06
4.49936e+06
4.4995e+06
4.4996e+06
4.49968e+06
4.49973e+06
4.49977e+06
4.49979e+06
4.49979e+06
4.4998e+06
4.49979e+06
4.49978e+06
4.49977e+06
4.49976e+06
4.49974e+06
4.49973e+06
4.49972e+06
4.4997e+06
4.49969e+06
4.49968e+06
4.49968e+06
4.49967e+06
4.49966e+06
4.49966e+06
4.49966e+06
4.49965e+06
4.49965e+06
4.49965e+06
4.49965e+06
4.49966e+06
4.49966e+06
4.49967e+06
4.49967e+06
4.49968e+06
4.49969e+06
4.4997e+06
4.49971e+06
4.49971e+06
4.49971e+06
4.49971e+06
4.49905e+06
4.49923e+06
4.49938e+06
4.4995e+06
4.49959e+06
4.49966e+06
4.49971e+06
4.49974e+06
4.49976e+06
4.49977e+06
4.49977e+06
4.49977e+06
4.49976e+06
4.49975e+06
4.49974e+06
4.49973e+06
4.49972e+06
4.49971e+06
4.49969e+06
4.49969e+06
4.49968e+06
4.49967e+06
4.49966e+06
4.49966e+06
4.49965e+06
4.49965e+06
4.49965e+06
4.49965e+06
4.49965e+06
4.49965e+06
4.49965e+06
4.49965e+06
4.49966e+06
4.49967e+06
4.49968e+06
4.49969e+06
4.4997e+06
4.4997e+06
4.49971e+06
4.49971e+06
4.49971e+06
4.49912e+06
4.49927e+06
4.4994e+06
4.4995e+06
4.49958e+06
4.49964e+06
4.49969e+06
4.49972e+06
4.49974e+06
4.49975e+06
4.49975e+06
4.49975e+06
4.49974e+06
4.49974e+06
4.49973e+06
4.49972e+06
4.4997e+06
4.4997e+06
4.49969e+06
4.49968e+06
4.49967e+06
4.49966e+06
4.49966e+06
4.49965e+06
4.49965e+06
4.49965e+06
4.49964e+06
4.49964e+06
4.49964e+06
4.49964e+06
4.49965e+06
4.49965e+06
4.49966e+06
4.49966e+06
4.49967e+06
4.49968e+06
4.49969e+06
4.4997e+06
4.49971e+06
4.49971e+06
4.49971e+06
4.49917e+06
4.4993e+06
4.49941e+06
4.4995e+06
4.49958e+06
4.49963e+06
4.49967e+06
4.4997e+06
4.49972e+06
4.49973e+06
4.49973e+06
4.49973e+06
4.49973e+06
4.49972e+06
4.49971e+06
4.4997e+06
4.49969e+06
4.49969e+06
4.49968e+06
4.49967e+06
4.49966e+06
4.49966e+06
4.49965e+06
4.49965e+06
4.49964e+06
4.49964e+06
4.49964e+06
4.49964e+06
4.49964e+06
4.49964e+06
4.49964e+06
4.49964e+06
4.49965e+06
4.49966e+06
4.49967e+06
4.49968e+06
4.49969e+06
4.4997e+06
4.4997e+06
4.49971e+06
4.49971e+06
4.49922e+06
4.49934e+06
4.49943e+06
4.49951e+06
4.49957e+06
4.49962e+06
4.49966e+06
4.49968e+06
4.4997e+06
4.49971e+06
4.49972e+06
4.49972e+06
4.49971e+06
4.49971e+06
4.4997e+06
4.49969e+06
4.49968e+06
4.49968e+06
4.49967e+06
4.49966e+06
4.49966e+06
4.49965e+06
4.49965e+06
4.49964e+06
4.49964e+06
4.49964e+06
4.49964e+06
4.49964e+06
4.49964e+06
4.49964e+06
4.49964e+06
4.49964e+06
4.49965e+06
4.49965e+06
4.49966e+06
4.49967e+06
4.49968e+06
4.49969e+06
4.4997e+06
4.4997e+06
4.4997e+06
4.49927e+06
4.49936e+06
4.49945e+06
4.49951e+06
4.49957e+06
4.49961e+06
4.49965e+06
4.49967e+06
4.49969e+06
4.4997e+06
4.4997e+06
4.4997e+06
4.4997e+06
4.49969e+06
4.49969e+06
4.49968e+06
4.49968e+06
4.49967e+06
4.49966e+06
4.49966e+06
4.49965e+06
4.49965e+06
4.49964e+06
4.49964e+06
4.49964e+06
4.49963e+06
4.49963e+06
4.49963e+06
4.49963e+06
4.49963e+06
4.49963e+06
4.49964e+06
4.49964e+06
4.49965e+06
4.49966e+06
4.49967e+06
4.49968e+06
4.49969e+06
4.49969e+06
4.4997e+06
4.4997e+06
4.49931e+06
4.49939e+06
4.49946e+06
4.49952e+06
4.49957e+06
4.49961e+06
4.49964e+06
4.49966e+06
4.49967e+06
4.49968e+06
4.49969e+06
4.49969e+06
4.49969e+06
4.49968e+06
4.49968e+06
4.49967e+06
4.49967e+06
4.49966e+06
4.49966e+06
4.49965e+06
4.49965e+06
4.49964e+06
4.49964e+06
4.49964e+06
4.49963e+06
4.49963e+06
4.49963e+06
4.49963e+06
4.49963e+06
4.49963e+06
4.49963e+06
4.49963e+06
4.49964e+06
4.49964e+06
4.49965e+06
4.49966e+06
4.49967e+06
4.49968e+06
4.49969e+06
4.49969e+06
4.4997e+06
4.49934e+06
4.49941e+06
4.49947e+06
4.49953e+06
4.49957e+06
4.4996e+06
4.49963e+06
4.49965e+06
4.49966e+06
4.49967e+06
4.49967e+06
4.49968e+06
4.49968e+06
4.49967e+06
4.49967e+06
4.49966e+06
4.49966e+06
4.49965e+06
4.49965e+06
4.49965e+06
4.49964e+06
4.49964e+06
4.49963e+06
4.49963e+06
4.49963e+06
4.49963e+06
4.49963e+06
4.49963e+06
4.49963e+06
4.49963e+06
4.49963e+06
4.49963e+06
4.49963e+06
4.49964e+06
4.49965e+06
4.49966e+06
4.49967e+06
4.49968e+06
4.49969e+06
4.49969e+06
4.49969e+06
4.49938e+06
4.49944e+06
4.49949e+06
4.49953e+06
4.49957e+06
4.4996e+06
4.49962e+06
4.49964e+06
4.49965e+06
4.49966e+06
4.49966e+06
4.49967e+06
4.49967e+06
4.49966e+06
4.49966e+06
4.49966e+06
4.49965e+06
4.49965e+06
4.49964e+06
4.49964e+06
4.49964e+06
4.49963e+06
4.49963e+06
4.49963e+06
4.49963e+06
4.49962e+06
4.49962e+06
4.49962e+06
4.49962e+06
4.49962e+06
4.49962e+06
4.49963e+06
4.49963e+06
4.49963e+06
4.49964e+06
4.49965e+06
4.49966e+06
4.49967e+06
4.49968e+06
4.49969e+06
4.49969e+06
4.4994e+06
4.49945e+06
4.4995e+06
4.49954e+06
4.49957e+06
4.4996e+06
4.49962e+06
4.49963e+06
4.49964e+06
4.49965e+06
4.49965e+06
4.49966e+06
4.49966e+06
4.49966e+06
4.49965e+06
4.49965e+06
4.49965e+06
4.49964e+06
4.49964e+06
4.49964e+06
4.49963e+06
4.49963e+06
4.49963e+06
4.49962e+06
4.49962e+06
4.49962e+06
4.49962e+06
4.49962e+06
4.49962e+06
4.49962e+06
4.49962e+06
4.49962e+06
4.49962e+06
4.49963e+06
4.49964e+06
4.49965e+06
4.49966e+06
4.49967e+06
4.49968e+06
4.49968e+06
4.49968e+06
4.49943e+06
4.49947e+06
4.49951e+06
4.49954e+06
4.49957e+06
4.49959e+06
4.49961e+06
4.49963e+06
4.49964e+06
4.49964e+06
4.49965e+06
4.49965e+06
4.49965e+06
4.49965e+06
4.49965e+06
4.49964e+06
4.49964e+06
4.49964e+06
4.49963e+06
4.49963e+06
4.49963e+06
4.49963e+06
4.49962e+06
4.49962e+06
4.49962e+06
4.49962e+06
4.49962e+06
4.49962e+06
4.49962e+06
4.49962e+06
4.49962e+06
4.49962e+06
4.49962e+06
4.49963e+06
4.49963e+06
4.49964e+06
4.49965e+06
4.49966e+06
4.49967e+06
4.49968e+06
4.49968e+06
4.49945e+06
4.49949e+06
4.49952e+06
4.49955e+06
4.49957e+06
4.49959e+06
4.49961e+06
4.49962e+06
4.49963e+06
4.49964e+06
4.49964e+06
4.49964e+06
4.49964e+06
4.49964e+06
4.49964e+06
4.49964e+06
4.49963e+06
4.49963e+06
4.49963e+06
4.49963e+06
4.49962e+06
4.49962e+06
4.49962e+06
4.49962e+06
4.49962e+06
4.49962e+06
4.49962e+06
4.49961e+06
4.49961e+06
4.49961e+06
4.49961e+06
4.49962e+06
4.49962e+06
4.49962e+06
4.49963e+06
4.49964e+06
4.49965e+06
4.49966e+06
4.49967e+06
4.49967e+06
4.49968e+06
4.49947e+06
4.4995e+06
4.49953e+06
4.49955e+06
4.49957e+06
4.49959e+06
4.4996e+06
4.49962e+06
4.49962e+06
4.49963e+06
4.49963e+06
4.49963e+06
4.49963e+06
4.49963e+06
4.49963e+06
4.49963e+06
4.49963e+06
4.49963e+06
4.49962e+06
4.49962e+06
4.49962e+06
4.49962e+06
4.49962e+06
4.49962e+06
4.49961e+06
4.49961e+06
4.49961e+06
4.49961e+06
4.49961e+06
4.49961e+06
4.49961e+06
4.49961e+06
4.49962e+06
4.49962e+06
4.49962e+06
4.49963e+06
4.49964e+06
4.49965e+06
4.49966e+06
4.49967e+06
4.49967e+06
4.49948e+06
4.49951e+06
4.49953e+06
4.49956e+06
4.49957e+06
4.49959e+06
4.4996e+06
4.49961e+06
4.49962e+06
4.49962e+06
4.49963e+06
4.49963e+06
4.49963e+06
4.49963e+06
4.49963e+06
4.49963e+06
4.49962e+06
4.49962e+06
4.49962e+06
4.49962e+06
4.49962e+06
4.49962e+06
4.49961e+06
4.49961e+06
4.49961e+06
4.49961e+06
4.49961e+06
4.49961e+06
4.49961e+06
4.49961e+06
4.49961e+06
4.49961e+06
4.49961e+06
4.49962e+06
4.49962e+06
4.49963e+06
4.49964e+06
4.49965e+06
4.49966e+06
4.49966e+06
4.49966e+06
4.4995e+06
4.49952e+06
4.49954e+06
4.49956e+06
4.49958e+06
4.49959e+06
4.4996e+06
4.49961e+06
4.49961e+06
4.49962e+06
4.49962e+06
4.49962e+06
4.49962e+06
4.49962e+06
4.49962e+06
4.49962e+06
4.49962e+06
4.49962e+06
4.49962e+06
4.49962e+06
4.49961e+06
4.49961e+06
4.49961e+06
4.49961e+06
4.49961e+06
4.49961e+06
4.49961e+06
4.49961e+06
4.49961e+06
4.49961e+06
4.49961e+06
4.49961e+06
4.49961e+06
4.49961e+06
4.49962e+06
4.49962e+06
4.49963e+06
4.49964e+06
4.49965e+06
4.49966e+06
4.49966e+06
4.49951e+06
4.49953e+06
4.49955e+06
4.49956e+06
4.49958e+06
4.49959e+06
4.4996e+06
4.4996e+06
4.49961e+06
4.49961e+06
4.49962e+06
4.49962e+06
4.49962e+06
4.49962e+06
4.49962e+06
4.49962e+06
4.49962e+06
4.49961e+06
4.49961e+06
4.49961e+06
4.49961e+06
4.49961e+06
4.49961e+06
4.49961e+06
4.49961e+06
4.49961e+06
4.49961e+06
4.4996e+06
4.4996e+06
4.4996e+06
4.4996e+06
4.49961e+06
4.49961e+06
4.49961e+06
4.49961e+06
4.49962e+06
4.49963e+06
4.49964e+06
4.49964e+06
4.49965e+06
4.49965e+06
4.49952e+06
4.49954e+06
4.49955e+06
4.49957e+06
4.49958e+06
4.49959e+06
4.4996e+06
4.4996e+06
4.49961e+06
4.49961e+06
4.49961e+06
4.49961e+06
4.49961e+06
4.49961e+06
4.49961e+06
4.49961e+06
4.49961e+06
4.49961e+06
4.49961e+06
4.49961e+06
4.49961e+06
4.49961e+06
4.49961e+06
4.4996e+06
4.4996e+06
4.4996e+06
4.4996e+06
4.4996e+06
4.4996e+06
4.4996e+06
4.4996e+06
4.4996e+06
4.4996e+06
4.49961e+06
4.49961e+06
4.49962e+06
4.49962e+06
4.49963e+06
4.49964e+06
4.49964e+06
4.49965e+06
4.49953e+06
4.49955e+06
4.49956e+06
4.49957e+06
4.49958e+06
4.49959e+06
4.49959e+06
4.4996e+06
4.4996e+06
4.49961e+06
4.49961e+06
4.49961e+06
4.49961e+06
4.49961e+06
4.49961e+06
4.49961e+06
4.49961e+06
4.49961e+06
4.49961e+06
4.49961e+06
4.4996e+06
4.4996e+06
4.4996e+06
4.4996e+06
4.4996e+06
4.4996e+06
4.4996e+06
4.4996e+06
4.4996e+06
4.4996e+06
4.4996e+06
4.4996e+06
4.4996e+06
4.4996e+06
4.49961e+06
4.49961e+06
4.49962e+06
4.49963e+06
4.49963e+06
4.49964e+06
4.49964e+06
4.49954e+06
4.49955e+06
4.49956e+06
4.49957e+06
4.49958e+06
4.49959e+06
4.49959e+06
4.4996e+06
4.4996e+06
4.4996e+06
4.4996e+06
4.49961e+06
4.49961e+06
4.49961e+06
4.49961e+06
4.49961e+06
4.4996e+06
4.4996e+06
4.4996e+06
4.4996e+06
4.4996e+06
4.4996e+06
4.4996e+06
4.4996e+06
4.4996e+06
4.4996e+06
4.4996e+06
4.4996e+06
4.4996e+06
4.4996e+06
4.4996e+06
4.4996e+06
4.4996e+06
4.4996e+06
4.4996e+06
4.49961e+06
4.49961e+06
4.49962e+06
4.49963e+06
4.49963e+06
4.49964e+06
4.49955e+06
4.49956e+06
4.49957e+06
4.49957e+06
4.49958e+06
4.49959e+06
4.49959e+06
4.49959e+06
4.4996e+06
4.4996e+06
4.4996e+06
4.4996e+06
4.4996e+06
4.4996e+06
4.4996e+06
4.4996e+06
4.4996e+06
4.4996e+06
4.4996e+06
4.4996e+06
4.4996e+06
4.4996e+06
4.4996e+06
4.4996e+06
4.4996e+06
4.4996e+06
4.4996e+06
4.4996e+06
4.4996e+06
4.4996e+06
4.4996e+06
4.4996e+06
4.4996e+06
4.4996e+06
4.4996e+06
4.4996e+06
4.49961e+06
4.49962e+06
4.49962e+06
4.49963e+06
4.49963e+06
4.49955e+06
4.49956e+06
4.49957e+06
4.49957e+06
4.49958e+06
4.49959e+06
4.49959e+06
4.49959e+06
4.4996e+06
4.4996e+06
4.4996e+06
4.4996e+06
4.4996e+06
4.4996e+06
4.4996e+06
4.4996e+06
4.4996e+06
4.4996e+06
4.4996e+06
4.4996e+06
4.4996e+06
4.4996e+06
4.4996e+06
4.4996e+06
4.49959e+06
4.49959e+06
4.49959e+06
4.49959e+06
4.49959e+06
4.49959e+06
4.49959e+06
4.49959e+06
4.4996e+06
4.4996e+06
4.4996e+06
4.4996e+06
4.49961e+06
4.49961e+06
4.49962e+06
4.49962e+06
4.49962e+06
4.49956e+06
4.49957e+06
4.49957e+06
4.49958e+06
4.49958e+06
4.49958e+06
4.49959e+06
4.49959e+06
4.49959e+06
4.49959e+06
4.4996e+06
4.4996e+06
4.4996e+06
4.4996e+06
4.4996e+06
4.4996e+06
4.4996e+06
4.4996e+06
4.49959e+06
4.49959e+06
4.49959e+06
4.49959e+06
4.49959e+06
4.49959e+06
4.49959e+06
4.49959e+06
4.49959e+06
4.49959e+06
4.49959e+06
4.49959e+06
4.49959e+06
4.49959e+06
4.49959e+06
4.49959e+06
4.4996e+06
4.4996e+06
4.4996e+06
4.49961e+06
4.49961e+06
4.49962e+06
4.49962e+06
4.49956e+06
4.49957e+06
4.49957e+06
4.49958e+06
4.49958e+06
4.49958e+06
4.49959e+06
4.49959e+06
4.49959e+06
4.49959e+06
4.49959e+06
4.49959e+06
4.49959e+06
4.49959e+06
4.49959e+06
4.49959e+06
4.49959e+06
4.49959e+06
4.49959e+06
4.49959e+06
4.49959e+06
4.49959e+06
4.49959e+06
4.49959e+06
4.49959e+06
4.49959e+06
4.49959e+06
4.49959e+06
4.49959e+06
4.49959e+06
4.49959e+06
4.49959e+06
4.49959e+06
4.49959e+06
4.49959e+06
4.4996e+06
4.4996e+06
4.4996e+06
4.49961e+06
4.49961e+06
4.49961e+06
4.49957e+06
4.49957e+06
4.49958e+06
4.49958e+06
4.49958e+06
4.49958e+06
4.49959e+06
4.49959e+06
4.49959e+06
4.49959e+06
4.49959e+06
4.49959e+06
4.49959e+06
4.49959e+06
4.49959e+06
4.49959e+06
4.49959e+06
4.49959e+06
4.49959e+06
4.49959e+06
4.49959e+06
4.49959e+06
4.49959e+06
4.49959e+06
4.49959e+06
4.49959e+06
4.49959e+06
4.49959e+06
4.49959e+06
4.49959e+06
4.49959e+06
4.49959e+06
4.49959e+06
4.49959e+06
4.49959e+06
4.49959e+06
4.49959e+06
4.4996e+06
4.4996e+06
4.4996e+06
4.49961e+06
4.49957e+06
4.49957e+06
4.49958e+06
4.49958e+06
4.49958e+06
4.49958e+06
4.49958e+06
4.49959e+06
4.49959e+06
4.49959e+06
4.49959e+06
4.49959e+06
4.49959e+06
4.49959e+06
4.49959e+06
4.49959e+06
4.49959e+06
4.49959e+06
4.49959e+06
4.49959e+06
4.49959e+06
4.49959e+06
4.49959e+06
4.49959e+06
4.49959e+06
4.49959e+06
4.49959e+06
4.49959e+06
4.49959e+06
4.49959e+06
4.49959e+06
4.49959e+06
4.49959e+06
4.49959e+06
4.49959e+06
4.49959e+06
4.49959e+06
4.49959e+06
4.4996e+06
4.4996e+06
4.4996e+06
4.49958e+06
4.49958e+06
4.49958e+06
4.49958e+06
4.49958e+06
4.49958e+06
4.49958e+06
4.49958e+06
4.49958e+06
4.49958e+06
4.49958e+06
4.49958e+06
4.49958e+06
4.49958e+06
4.49958e+06
4.49958e+06
4.49958e+06
4.49958e+06
4.49958e+06
4.49958e+06
4.49958e+06
4.49958e+06
4.49958e+06
4.49958e+06
4.49958e+06
4.49958e+06
4.49958e+06
4.49958e+06
4.49958e+06
4.49958e+06
4.49958e+06
4.49958e+06
4.49958e+06
4.49958e+06
4.49959e+06
4.49959e+06
4.49959e+06
4.49959e+06
4.49959e+06
4.49959e+06
4.49959e+06
4.49958e+06
4.49958e+06
4.49958e+06
4.49958e+06
4.49958e+06
4.49958e+06
4.49958e+06
4.49958e+06
4.49958e+06
4.49958e+06
4.49958e+06
4.49958e+06
4.49958e+06
4.49958e+06
4.49958e+06
4.49958e+06
4.49958e+06
4.49958e+06
4.49958e+06
4.49958e+06
4.49958e+06
4.49958e+06
4.49958e+06
4.49958e+06
4.49958e+06
4.49958e+06
4.49958e+06
4.49958e+06
4.49958e+06
4.49958e+06
4.49958e+06
4.49958e+06
4.49958e+06
4.49958e+06
4.49958e+06
4.49958e+06
4.49958e+06
4.49958e+06
4.49959e+06
4.49959e+06
4.49959e+06
)
;

boundaryField
{
    inlet
    {
        type            calculated;
        value           uniform 4.49958e+06;
    }
    outlet
    {
        type            calculated;
        value           nonuniform List<scalar> 0();
    }
    walls
    {
        type            calculated;
        value           nonuniform List<scalar> 
166
(
4.49974e+06
4.49974e+06
4.49974e+06
4.49973e+06
4.49973e+06
4.49973e+06
4.49973e+06
4.49973e+06
4.49972e+06
4.49972e+06
4.49972e+06
4.49972e+06
4.49972e+06
4.49972e+06
4.49971e+06
4.49971e+06
4.49971e+06
4.4997e+06
4.4997e+06
4.4997e+06
4.49969e+06
4.49969e+06
4.49968e+06
4.49968e+06
4.49968e+06
4.49967e+06
4.49966e+06
4.49966e+06
4.49965e+06
4.49965e+06
4.49964e+06
4.49964e+06
4.49963e+06
4.49962e+06
4.49962e+06
4.49961e+06
4.49961e+06
4.4996e+06
4.49959e+06
4.49959e+06
4.49974e+06
4.49974e+06
4.49974e+06
4.49973e+06
4.49973e+06
4.49973e+06
4.49973e+06
4.49973e+06
4.49972e+06
4.49972e+06
4.49972e+06
4.49972e+06
4.49972e+06
4.49971e+06
4.49971e+06
4.49971e+06
4.49971e+06
4.4997e+06
4.4997e+06
4.4997e+06
4.49969e+06
4.49969e+06
4.49968e+06
4.49968e+06
4.49968e+06
4.49967e+06
4.49966e+06
4.49966e+06
4.49965e+06
4.49965e+06
4.49964e+06
4.49964e+06
4.49963e+06
4.49962e+06
4.49962e+06
4.49961e+06
4.49961e+06
4.4996e+06
4.49959e+06
4.49959e+06
4.49378e+06
4.49613e+06
4.49765e+06
4.49865e+06
4.4993e+06
4.49972e+06
4.49998e+06
4.50013e+06
4.5002e+06
4.50023e+06
4.50022e+06
4.5002e+06
4.50016e+06
4.50011e+06
4.50007e+06
4.50002e+06
4.49997e+06
4.49993e+06
4.49989e+06
4.49986e+06
4.49983e+06
4.4998e+06
4.49978e+06
4.49976e+06
4.49974e+06
4.49973e+06
4.49972e+06
4.49971e+06
4.49971e+06
4.49971e+06
4.4997e+06
4.4997e+06
4.49971e+06
4.49971e+06
4.49971e+06
4.49972e+06
4.49972e+06
4.49973e+06
4.49973e+06
4.49973e+06
4.49974e+06
4.49974e+06
4.49974e+06
4.49378e+06
4.49613e+06
4.49765e+06
4.49865e+06
4.4993e+06
4.49972e+06
4.49998e+06
4.50013e+06
4.5002e+06
4.50023e+06
4.50022e+06
4.5002e+06
4.50016e+06
4.50011e+06
4.50007e+06
4.50002e+06
4.49997e+06
4.49993e+06
4.49989e+06
4.49986e+06
4.49983e+06
4.4998e+06
4.49978e+06
4.49976e+06
4.49974e+06
4.49973e+06
4.49972e+06
4.49971e+06
4.49971e+06
4.49971e+06
4.4997e+06
4.4997e+06
4.49971e+06
4.49971e+06
4.49971e+06
4.49972e+06
4.49972e+06
4.49973e+06
4.49973e+06
4.49973e+06
4.49974e+06
4.49974e+06
4.49974e+06
)
;
    }
    side1
    {
        type            cyclic;
    }
    side2
    {
        type            cyclic;
    }
    procBoundary2to1
    {
        type            processor;
        value           nonuniform List<scalar> 
84
(
4.49013e+06
4.49084e+06
4.49159e+06
4.49255e+06
4.49345e+06
4.49431e+06
4.49506e+06
4.49572e+06
4.49629e+06
4.49678e+06
4.4978e+06
4.49831e+06
4.49831e+06
4.49847e+06
4.49861e+06
4.49873e+06
4.49884e+06
4.49894e+06
4.49902e+06
4.49909e+06
4.49916e+06
4.49922e+06
4.49927e+06
4.49931e+06
4.49935e+06
4.49938e+06
4.49941e+06
4.49943e+06
4.49945e+06
4.49947e+06
4.49949e+06
4.4995e+06
4.49952e+06
4.49953e+06
4.49954e+06
4.49954e+06
4.49955e+06
4.49956e+06
4.49956e+06
4.49957e+06
4.49957e+06
4.49958e+06
4.49013e+06
4.49084e+06
4.49159e+06
4.49255e+06
4.49345e+06
4.49431e+06
4.49506e+06
4.49572e+06
4.49629e+06
4.49678e+06
4.4978e+06
4.49831e+06
4.49831e+06
4.49847e+06
4.49861e+06
4.49873e+06
4.49884e+06
4.49894e+06
4.49902e+06
4.49909e+06
4.49916e+06
4.49922e+06
4.49927e+06
4.49931e+06
4.49935e+06
4.49938e+06
4.49941e+06
4.49943e+06
4.49945e+06
4.49947e+06
4.49949e+06
4.4995e+06
4.49952e+06
4.49953e+06
4.49954e+06
4.49954e+06
4.49955e+06
4.49956e+06
4.49956e+06
4.49957e+06
4.49957e+06
4.49958e+06
)
;
    }
}


// ************************************************************************* //
