/*--------------------------------*- C++ -*----------------------------------*\
| =========                 |                                                 |
| \\      /  F ield         | OpenFOAM: The Open Source CFD Toolbox           |
|  \\    /   O peration     | Version:  v2012                                 |
|   \\  /    A nd           | Website:  www.openfoam.com                      |
|    \\/     M anipulation  |                                                 |
\*---------------------------------------------------------------------------*/
FoamFile
{
    version     2.0;
    format      ascii;
    class       volScalarField;
    location    "0.75";
    object      p;
}
// * * * * * * * * * * * * * * * * * * * * * * * * * * * * * * * * * * * * * //

dimensions      [1 -1 -2 0 0 0 0];


internalField   nonuniform List<scalar> 
2660
(
6.13524e+06
6.13368e+06
6.13352e+06
6.13283e+06
6.13235e+06
6.12296e+06
6.12136e+06
6.12216e+06
6.12166e+06
6.1224e+06
6.12769e+06
6.12623e+06
6.12701e+06
6.12636e+06
6.12623e+06
6.11867e+06
6.11789e+06
6.11816e+06
6.11803e+06
6.11819e+06
6.12066e+06
6.12006e+06
6.12036e+06
6.12012e+06
6.12011e+06
6.11415e+06
6.1137e+06
6.11385e+06
6.11386e+06
6.11396e+06
6.11473e+06
6.11409e+06
6.1144e+06
6.11432e+06
6.11439e+06
6.10997e+06
6.10931e+06
6.10959e+06
6.1096e+06
6.10971e+06
6.10979e+06
6.10913e+06
6.10944e+06
6.1094e+06
6.10944e+06
6.10598e+06
6.10565e+06
6.10579e+06
6.10583e+06
6.10584e+06
6.10513e+06
6.10524e+06
6.10525e+06
6.10529e+06
6.10524e+06
6.10185e+06
6.10223e+06
6.10214e+06
6.10226e+06
6.10223e+06
6.10118e+06
6.10125e+06
6.10138e+06
6.10142e+06
6.10146e+06
6.09853e+06
6.09842e+06
6.09865e+06
6.09873e+06
6.0988e+06
6.09876e+06
6.09739e+06
6.09836e+06
6.098e+06
6.09828e+06
6.09122e+06
6.09559e+06
6.096e+06
6.09597e+06
6.09603e+06
6.11061e+06
6.09284e+06
6.09751e+06
6.09552e+06
6.09625e+06
6.10182e+06
6.09575e+06
6.09358e+06
6.09487e+06
6.09408e+06
6.09359e+06
6.09489e+06
6.0944e+06
6.09479e+06
6.09433e+06
6.047e+06
6.09904e+06
6.0888e+06
6.09373e+06
6.09148e+06
6.08214e+06
6.09419e+06
6.09069e+06
6.09156e+06
6.09123e+06
6.08639e+06
6.08982e+06
6.08828e+06
6.08948e+06
6.08891e+06
6.08806e+06
6.08865e+06
6.08806e+06
6.08832e+06
6.08818e+06
6.08616e+06
6.08673e+06
6.0864e+06
6.08674e+06
6.0866e+06
6.08476e+06
6.08518e+06
6.08498e+06
6.08515e+06
6.08507e+06
6.08433e+06
6.08468e+06
6.08455e+06
6.08471e+06
6.08465e+06
6.08187e+06
6.0822e+06
6.08208e+06
6.08221e+06
6.08215e+06
6.08295e+06
6.08316e+06
6.08317e+06
6.08319e+06
6.08319e+06
6.07893e+06
6.07947e+06
6.07936e+06
6.07946e+06
6.07942e+06
6.08319e+06
6.08176e+06
6.08261e+06
6.08205e+06
6.08231e+06
6.06754e+06
6.07711e+06
6.07613e+06
6.07697e+06
6.07673e+06
6.11881e+06
6.07771e+06
6.08477e+06
6.08104e+06
6.08223e+06
6.03324e+06
6.08136e+06
6.06982e+06
6.07557e+06
6.07374e+06
6.11284e+06
6.07615e+06
6.08604e+06
6.08082e+06
6.08243e+06
6.09967e+06
6.09967e+06
6.09967e+06
6.09967e+06
6.09967e+06
6.09967e+06
6.09967e+06
6.09967e+06
6.09967e+06
6.09967e+06
6.09967e+06
6.09967e+06
6.09967e+06
6.09967e+06
6.09967e+06
6.09967e+06
6.09967e+06
6.09967e+06
6.09967e+06
6.09967e+06
6.09967e+06
6.09967e+06
6.09967e+06
6.09967e+06
6.09967e+06
6.09967e+06
6.09967e+06
6.09967e+06
6.09967e+06
6.09967e+06
6.09967e+06
6.09967e+06
6.09967e+06
6.09967e+06
6.09967e+06
6.09967e+06
6.09967e+06
6.09967e+06
6.09967e+06
6.09967e+06
6.09967e+06
6.09967e+06
6.09967e+06
6.09967e+06
6.09967e+06
6.09966e+06
6.09966e+06
6.09966e+06
6.09966e+06
6.09966e+06
6.09966e+06
6.09966e+06
6.09966e+06
6.09966e+06
6.09966e+06
6.09966e+06
6.09966e+06
6.09966e+06
6.09967e+06
6.09967e+06
6.09967e+06
6.09967e+06
6.09967e+06
6.09967e+06
6.09967e+06
6.09966e+06
6.09966e+06
6.09966e+06
6.09966e+06
6.09966e+06
6.09966e+06
6.09966e+06
6.09966e+06
6.09966e+06
6.09966e+06
6.09966e+06
6.09966e+06
6.09966e+06
6.09966e+06
6.09966e+06
6.09966e+06
6.09966e+06
6.09966e+06
6.09966e+06
6.09966e+06
6.09966e+06
6.09966e+06
6.09966e+06
6.09966e+06
6.09966e+06
6.09966e+06
6.09966e+06
6.09966e+06
6.09966e+06
6.09966e+06
6.09966e+06
6.09966e+06
6.09966e+06
6.09966e+06
6.09966e+06
6.09966e+06
6.09966e+06
6.09966e+06
6.09966e+06
6.09966e+06
6.09966e+06
6.09966e+06
6.09966e+06
6.09966e+06
6.09966e+06
6.09966e+06
6.09966e+06
6.09966e+06
6.09966e+06
6.09966e+06
6.09966e+06
6.09966e+06
6.09966e+06
6.09966e+06
6.09966e+06
6.09966e+06
6.09966e+06
6.09966e+06
6.09966e+06
6.09966e+06
6.09966e+06
6.09966e+06
6.09966e+06
6.09966e+06
6.09966e+06
6.09966e+06
6.09966e+06
6.09966e+06
6.09966e+06
6.09966e+06
6.09966e+06
6.09966e+06
6.09966e+06
6.09966e+06
6.09966e+06
6.09966e+06
6.09966e+06
6.09966e+06
6.09966e+06
6.09966e+06
6.09966e+06
6.09966e+06
6.09966e+06
6.09966e+06
6.09966e+06
6.09966e+06
6.09966e+06
6.09966e+06
6.09966e+06
6.09966e+06
6.09966e+06
6.09966e+06
6.09966e+06
6.09966e+06
6.09966e+06
6.09966e+06
6.09966e+06
6.09966e+06
6.09966e+06
6.09966e+06
6.09966e+06
6.09966e+06
6.09966e+06
6.09966e+06
6.09966e+06
6.09965e+06
6.09965e+06
6.09965e+06
6.09965e+06
6.09966e+06
6.09966e+06
6.09966e+06
6.09966e+06
6.09966e+06
6.09966e+06
6.09966e+06
6.09966e+06
6.09966e+06
6.09966e+06
6.09966e+06
6.09966e+06
6.09966e+06
6.09965e+06
6.09965e+06
6.09965e+06
6.09965e+06
6.09965e+06
6.09965e+06
6.09965e+06
6.09965e+06
6.09965e+06
6.09965e+06
6.09965e+06
6.09965e+06
6.09965e+06
6.09965e+06
6.09965e+06
6.09965e+06
6.09966e+06
6.09966e+06
6.09966e+06
6.09966e+06
6.09965e+06
6.09965e+06
6.09965e+06
6.09965e+06
6.09965e+06
6.09965e+06
6.09965e+06
6.09965e+06
6.09965e+06
6.09965e+06
6.09965e+06
6.09965e+06
6.09965e+06
6.09965e+06
6.09965e+06
6.09965e+06
6.09965e+06
6.09965e+06
6.09965e+06
6.09965e+06
6.09965e+06
6.09965e+06
6.09965e+06
6.09965e+06
6.09965e+06
6.09965e+06
6.09965e+06
6.09965e+06
6.09965e+06
6.09965e+06
6.09965e+06
6.09965e+06
6.09965e+06
6.09965e+06
6.09965e+06
6.09965e+06
6.09965e+06
6.09965e+06
6.09965e+06
6.09965e+06
6.09965e+06
6.09965e+06
6.09965e+06
6.09965e+06
6.09965e+06
6.09965e+06
6.09965e+06
6.09965e+06
6.09965e+06
6.09965e+06
6.09965e+06
6.09965e+06
6.09965e+06
6.09965e+06
6.09965e+06
6.09965e+06
6.09965e+06
6.09965e+06
6.09965e+06
6.09965e+06
6.09965e+06
6.09965e+06
6.09965e+06
6.09965e+06
6.09965e+06
6.09965e+06
6.09965e+06
6.09965e+06
6.09965e+06
6.09965e+06
6.09965e+06
6.09965e+06
6.09965e+06
6.09965e+06
6.09965e+06
6.09965e+06
6.09965e+06
6.09965e+06
6.09965e+06
6.09965e+06
6.09965e+06
6.09965e+06
6.09965e+06
6.09965e+06
6.09965e+06
6.09965e+06
6.09965e+06
6.09965e+06
6.09965e+06
6.09965e+06
6.09965e+06
6.09965e+06
6.09965e+06
6.09965e+06
6.09965e+06
6.09965e+06
6.09965e+06
6.09965e+06
6.09965e+06
6.09965e+06
6.09965e+06
6.09965e+06
6.09965e+06
6.09964e+06
6.09964e+06
6.09964e+06
6.09964e+06
6.09964e+06
6.09964e+06
6.09964e+06
6.09964e+06
6.09964e+06
6.09965e+06
6.09965e+06
6.09965e+06
6.09965e+06
6.09965e+06
6.09965e+06
6.09965e+06
6.09965e+06
6.09965e+06
6.09965e+06
6.09964e+06
6.09964e+06
6.09964e+06
6.09964e+06
6.09964e+06
6.09964e+06
6.09964e+06
6.09964e+06
6.09964e+06
6.09964e+06
6.09964e+06
6.09964e+06
6.09964e+06
6.09964e+06
6.09964e+06
6.09964e+06
6.09964e+06
6.09964e+06
6.09964e+06
6.09964e+06
6.09964e+06
6.09964e+06
6.09964e+06
6.09964e+06
6.09964e+06
6.09964e+06
6.09964e+06
6.09964e+06
6.09964e+06
6.09964e+06
6.09964e+06
6.09964e+06
6.09964e+06
6.09964e+06
6.09964e+06
6.09964e+06
6.09964e+06
6.09964e+06
6.09964e+06
6.09964e+06
6.09964e+06
6.09964e+06
6.09964e+06
6.09964e+06
6.09964e+06
6.09964e+06
6.09964e+06
6.09964e+06
6.09964e+06
6.09964e+06
6.09964e+06
6.09964e+06
6.09964e+06
6.09964e+06
6.09964e+06
6.09964e+06
6.09964e+06
6.09964e+06
6.09964e+06
6.09964e+06
6.09964e+06
6.09964e+06
6.09964e+06
6.09964e+06
6.09964e+06
6.09964e+06
6.09964e+06
6.09964e+06
6.09964e+06
6.09964e+06
6.09964e+06
6.09964e+06
6.09964e+06
6.09964e+06
6.09964e+06
6.09964e+06
6.09964e+06
6.09964e+06
6.09964e+06
6.09964e+06
6.09964e+06
6.09964e+06
6.09964e+06
6.09964e+06
6.09964e+06
6.09964e+06
6.09964e+06
6.09964e+06
6.09964e+06
6.09964e+06
6.09964e+06
6.09964e+06
6.09964e+06
6.09964e+06
6.09964e+06
6.09964e+06
6.09964e+06
6.09964e+06
6.09964e+06
6.09964e+06
6.09964e+06
6.09964e+06
6.09964e+06
6.09964e+06
6.09964e+06
6.09964e+06
6.09964e+06
6.09964e+06
6.09964e+06
6.09964e+06
6.09964e+06
6.09964e+06
6.09964e+06
6.09964e+06
6.09964e+06
6.09964e+06
6.09964e+06
6.09964e+06
6.09964e+06
6.09964e+06
6.09964e+06
6.09964e+06
6.09964e+06
6.09963e+06
6.09963e+06
6.09963e+06
6.09963e+06
6.09963e+06
6.09963e+06
6.09963e+06
6.09963e+06
6.09963e+06
6.09963e+06
6.09963e+06
6.09963e+06
6.09964e+06
6.09964e+06
6.09964e+06
6.09964e+06
6.09964e+06
6.09964e+06
6.09963e+06
6.09963e+06
6.09963e+06
6.09963e+06
6.09963e+06
6.09963e+06
6.09963e+06
6.09963e+06
6.09963e+06
6.09963e+06
6.09963e+06
6.09963e+06
6.09963e+06
6.09963e+06
6.09963e+06
6.09963e+06
6.09963e+06
6.09963e+06
6.09963e+06
6.09963e+06
6.09963e+06
6.09963e+06
6.09963e+06
6.09963e+06
6.09963e+06
6.09963e+06
6.09963e+06
6.09963e+06
6.09963e+06
6.09963e+06
6.09963e+06
6.09963e+06
6.09963e+06
6.09963e+06
6.09963e+06
6.09963e+06
6.09963e+06
6.09963e+06
6.09963e+06
6.09963e+06
6.09963e+06
6.09963e+06
6.09963e+06
6.09963e+06
6.09963e+06
6.09963e+06
6.09963e+06
6.09963e+06
6.09963e+06
6.09963e+06
6.09963e+06
6.09963e+06
6.09963e+06
6.09963e+06
6.09963e+06
6.09963e+06
6.09963e+06
6.09963e+06
6.09963e+06
6.09963e+06
6.09963e+06
6.09963e+06
6.09963e+06
6.09963e+06
6.09963e+06
6.09963e+06
6.09963e+06
6.09963e+06
6.09963e+06
6.09963e+06
6.09963e+06
6.09963e+06
6.09963e+06
6.09963e+06
6.09963e+06
6.09963e+06
6.09963e+06
6.09963e+06
6.09963e+06
6.09963e+06
6.09963e+06
6.09963e+06
6.09963e+06
6.09963e+06
6.09963e+06
6.09963e+06
6.09963e+06
6.09963e+06
6.09963e+06
6.09963e+06
6.09963e+06
6.09963e+06
6.09963e+06
6.09963e+06
6.09963e+06
6.09963e+06
6.09963e+06
6.09963e+06
6.09963e+06
6.09963e+06
6.09963e+06
6.09963e+06
6.09963e+06
6.09963e+06
6.09963e+06
6.09963e+06
6.09963e+06
6.09963e+06
6.09963e+06
6.09963e+06
6.09963e+06
6.09963e+06
6.09963e+06
6.09963e+06
6.09963e+06
6.09963e+06
6.09963e+06
6.09963e+06
6.09963e+06
6.09963e+06
6.09963e+06
6.09963e+06
6.09962e+06
6.09962e+06
6.09962e+06
6.09962e+06
6.09962e+06
6.09962e+06
6.09962e+06
6.09962e+06
6.09962e+06
6.09962e+06
6.09962e+06
6.09962e+06
6.09962e+06
6.09962e+06
6.09962e+06
6.09962e+06
6.09962e+06
6.09963e+06
6.09962e+06
6.09962e+06
6.09962e+06
6.09962e+06
6.09962e+06
6.09962e+06
6.09962e+06
6.09962e+06
6.09962e+06
6.09962e+06
6.09962e+06
6.09962e+06
6.09962e+06
6.09962e+06
6.09962e+06
6.09962e+06
6.09962e+06
6.09962e+06
6.09962e+06
6.09962e+06
6.09962e+06
6.09962e+06
6.09962e+06
6.09962e+06
6.09962e+06
6.09962e+06
6.09962e+06
6.09962e+06
6.09962e+06
6.09962e+06
6.09962e+06
6.09962e+06
6.09962e+06
6.09962e+06
6.09962e+06
6.09962e+06
6.09962e+06
6.09962e+06
6.09962e+06
6.09962e+06
6.09962e+06
6.09962e+06
6.09962e+06
6.09962e+06
6.09962e+06
6.09962e+06
6.09962e+06
6.09962e+06
6.09962e+06
6.09962e+06
6.09962e+06
6.09962e+06
6.09962e+06
6.09962e+06
6.09962e+06
6.09962e+06
6.09962e+06
6.09962e+06
6.09962e+06
6.09962e+06
6.09962e+06
6.09962e+06
6.09962e+06
6.09962e+06
6.09962e+06
6.09962e+06
6.09962e+06
6.09962e+06
6.09962e+06
6.09962e+06
6.09962e+06
6.09962e+06
6.09962e+06
6.09962e+06
6.09962e+06
6.09962e+06
6.09962e+06
6.09962e+06
6.09962e+06
6.09962e+06
6.09962e+06
6.09962e+06
6.09962e+06
6.09962e+06
6.09962e+06
6.09962e+06
6.09962e+06
6.09962e+06
6.09962e+06
6.09962e+06
6.09962e+06
6.09962e+06
6.09962e+06
6.09962e+06
6.09962e+06
6.09962e+06
6.09962e+06
6.09962e+06
6.09962e+06
6.09962e+06
6.09962e+06
6.09962e+06
6.09962e+06
6.09962e+06
6.09962e+06
6.09962e+06
6.09962e+06
6.09962e+06
6.09962e+06
6.09961e+06
6.09961e+06
6.09961e+06
6.09961e+06
6.09961e+06
6.09961e+06
6.09962e+06
6.09962e+06
6.09962e+06
6.09962e+06
6.09962e+06
6.09962e+06
6.09961e+06
6.09961e+06
6.09961e+06
6.09961e+06
6.09961e+06
6.09961e+06
6.09961e+06
6.09961e+06
6.09961e+06
6.09961e+06
6.09961e+06
6.09961e+06
6.09961e+06
6.09961e+06
6.09961e+06
6.09961e+06
6.09961e+06
6.09961e+06
6.09961e+06
6.09961e+06
6.09961e+06
6.09961e+06
6.09961e+06
6.09961e+06
6.09961e+06
6.09961e+06
6.09961e+06
6.09961e+06
6.09961e+06
6.09961e+06
6.09961e+06
6.09961e+06
6.09961e+06
6.09961e+06
6.09961e+06
6.09961e+06
6.09961e+06
6.09961e+06
6.09961e+06
6.09961e+06
6.09961e+06
6.09961e+06
6.09961e+06
6.09961e+06
6.09961e+06
6.09961e+06
6.09961e+06
6.09961e+06
6.09961e+06
6.09961e+06
6.09961e+06
6.09961e+06
6.09961e+06
6.09961e+06
6.09961e+06
6.09961e+06
6.09961e+06
6.09961e+06
6.09961e+06
6.09961e+06
6.09961e+06
6.09961e+06
6.09961e+06
6.09961e+06
6.09961e+06
6.09961e+06
6.09961e+06
6.09961e+06
6.09961e+06
6.09961e+06
6.09961e+06
6.09961e+06
6.09961e+06
6.09961e+06
6.09961e+06
6.09961e+06
6.09961e+06
6.09961e+06
6.09961e+06
6.09961e+06
6.09961e+06
6.09961e+06
6.09961e+06
6.09961e+06
6.09961e+06
6.09961e+06
6.09961e+06
6.09961e+06
6.09961e+06
6.09961e+06
6.09961e+06
6.09961e+06
6.09961e+06
6.09961e+06
6.09961e+06
6.09961e+06
6.09961e+06
6.09961e+06
6.09961e+06
6.09961e+06
6.09961e+06
6.09961e+06
6.09961e+06
6.09961e+06
6.09961e+06
6.09961e+06
6.09961e+06
6.09961e+06
6.09961e+06
6.09961e+06
6.09961e+06
6.09961e+06
6.09961e+06
6.09961e+06
6.09961e+06
6.09961e+06
6.09961e+06
6.09961e+06
6.09961e+06
6.09961e+06
6.09961e+06
6.09961e+06
6.09961e+06
6.09961e+06
6.0996e+06
6.0996e+06
6.0996e+06
6.0996e+06
6.0996e+06
6.0996e+06
6.0996e+06
6.0996e+06
6.0996e+06
6.0996e+06
6.0996e+06
6.0996e+06
6.0996e+06
6.0996e+06
6.0996e+06
6.0996e+06
6.0996e+06
6.0996e+06
6.0996e+06
6.0996e+06
6.0996e+06
6.0996e+06
6.0996e+06
6.0996e+06
6.0996e+06
6.0996e+06
6.0996e+06
6.0996e+06
6.0996e+06
6.0996e+06
6.0996e+06
6.0996e+06
6.0996e+06
6.0996e+06
6.0996e+06
6.0996e+06
6.0996e+06
6.0996e+06
6.0996e+06
6.0996e+06
6.0996e+06
6.0996e+06
6.0996e+06
6.0996e+06
6.0996e+06
6.0996e+06
6.0996e+06
6.0996e+06
6.0996e+06
6.0996e+06
6.0996e+06
6.0996e+06
6.0996e+06
6.0996e+06
6.0996e+06
6.0996e+06
6.0996e+06
6.0996e+06
6.0996e+06
6.0996e+06
6.0996e+06
6.0996e+06
6.0996e+06
6.0996e+06
6.0996e+06
6.0996e+06
6.0996e+06
6.0996e+06
6.0996e+06
6.0996e+06
6.0996e+06
6.0996e+06
6.0996e+06
6.0996e+06
6.0996e+06
6.0996e+06
6.0996e+06
6.0996e+06
6.0996e+06
6.0996e+06
6.0996e+06
6.0996e+06
6.0996e+06
6.0996e+06
6.0996e+06
6.0996e+06
6.0996e+06
6.0996e+06
6.0996e+06
6.0996e+06
6.0996e+06
6.0996e+06
6.0996e+06
6.0996e+06
6.0996e+06
6.0996e+06
6.0996e+06
6.0996e+06
6.0996e+06
6.0996e+06
6.0996e+06
6.0996e+06
6.0996e+06
6.0996e+06
6.0996e+06
6.0996e+06
6.0996e+06
6.0996e+06
6.0996e+06
6.0996e+06
6.0996e+06
6.0996e+06
6.0996e+06
6.0996e+06
6.0996e+06
6.0996e+06
6.0996e+06
6.0996e+06
6.0996e+06
6.0996e+06
6.0996e+06
6.0996e+06
6.0996e+06
6.0996e+06
6.0996e+06
6.0996e+06
6.0996e+06
6.0996e+06
6.0996e+06
6.0996e+06
6.0996e+06
6.0996e+06
6.0996e+06
6.0996e+06
6.09959e+06
6.09959e+06
6.09959e+06
6.09959e+06
6.09959e+06
6.09959e+06
6.09959e+06
6.09959e+06
6.09959e+06
6.09959e+06
6.09959e+06
6.09959e+06
6.09959e+06
6.09959e+06
6.09959e+06
6.09959e+06
6.09959e+06
6.09959e+06
6.09959e+06
6.09959e+06
6.09959e+06
6.09959e+06
6.09959e+06
6.09959e+06
6.09959e+06
6.09959e+06
6.09959e+06
6.09959e+06
6.09959e+06
6.09959e+06
6.09959e+06
6.09959e+06
6.09959e+06
6.09959e+06
6.09959e+06
6.09959e+06
6.09959e+06
6.09959e+06
6.09959e+06
6.09959e+06
6.09959e+06
6.09959e+06
6.09959e+06
6.09959e+06
6.09959e+06
6.09959e+06
6.09959e+06
6.09959e+06
6.09959e+06
6.09959e+06
6.09959e+06
6.09959e+06
6.09959e+06
6.09959e+06
6.09959e+06
6.09959e+06
6.09959e+06
6.09959e+06
6.09959e+06
6.09959e+06
6.09959e+06
6.09959e+06
6.09959e+06
6.09959e+06
6.09959e+06
6.09959e+06
6.09959e+06
6.09959e+06
6.09959e+06
6.09959e+06
6.09959e+06
6.09959e+06
6.09959e+06
6.09959e+06
6.09959e+06
6.09959e+06
6.09959e+06
6.09959e+06
6.09959e+06
6.09959e+06
6.09959e+06
6.09959e+06
6.09959e+06
6.09959e+06
6.09959e+06
6.09959e+06
6.09959e+06
6.09959e+06
6.09959e+06
6.09959e+06
6.09959e+06
6.09959e+06
6.09959e+06
6.09959e+06
6.09959e+06
6.09959e+06
6.09959e+06
6.09959e+06
6.09959e+06
6.09959e+06
6.09959e+06
6.09959e+06
6.09959e+06
6.09959e+06
6.09959e+06
6.09959e+06
6.09959e+06
6.09959e+06
6.09959e+06
6.09959e+06
6.09959e+06
6.09959e+06
6.09959e+06
6.09959e+06
6.09959e+06
6.09959e+06
6.09959e+06
6.09959e+06
6.09959e+06
6.09959e+06
6.09959e+06
6.09959e+06
6.09959e+06
6.09959e+06
6.09959e+06
6.09959e+06
6.09959e+06
6.09959e+06
6.09959e+06
6.09959e+06
6.09959e+06
6.09959e+06
6.09959e+06
6.09959e+06
6.09959e+06
6.09959e+06
6.09959e+06
6.09959e+06
6.09959e+06
6.09959e+06
6.09959e+06
6.09959e+06
6.09958e+06
6.09958e+06
6.09958e+06
6.09958e+06
6.09958e+06
6.09958e+06
6.09958e+06
6.09958e+06
6.09958e+06
6.09958e+06
6.09958e+06
6.09958e+06
6.09958e+06
6.09958e+06
6.09958e+06
6.09958e+06
6.09958e+06
6.09958e+06
6.09958e+06
6.09958e+06
6.09958e+06
6.09958e+06
6.09958e+06
6.09958e+06
6.09958e+06
6.09958e+06
6.09958e+06
6.09958e+06
6.09958e+06
6.13524e+06
6.13368e+06
6.13352e+06
6.13283e+06
6.13235e+06
6.12296e+06
6.12136e+06
6.12216e+06
6.12166e+06
6.1224e+06
6.12769e+06
6.12623e+06
6.12701e+06
6.12636e+06
6.12623e+06
6.11867e+06
6.11789e+06
6.11816e+06
6.11803e+06
6.11819e+06
6.12066e+06
6.12006e+06
6.12036e+06
6.12012e+06
6.12011e+06
6.11415e+06
6.1137e+06
6.11385e+06
6.11386e+06
6.11396e+06
6.11473e+06
6.11409e+06
6.1144e+06
6.11432e+06
6.11439e+06
6.10997e+06
6.10931e+06
6.10959e+06
6.1096e+06
6.10971e+06
6.10979e+06
6.10913e+06
6.10944e+06
6.1094e+06
6.10944e+06
6.10598e+06
6.10565e+06
6.10579e+06
6.10583e+06
6.10584e+06
6.10513e+06
6.10524e+06
6.10525e+06
6.10529e+06
6.10524e+06
6.10185e+06
6.10223e+06
6.10214e+06
6.10226e+06
6.10223e+06
6.10118e+06
6.10125e+06
6.10138e+06
6.10142e+06
6.10146e+06
6.09853e+06
6.09842e+06
6.09865e+06
6.09873e+06
6.0988e+06
6.09876e+06
6.09739e+06
6.09836e+06
6.098e+06
6.09828e+06
6.09122e+06
6.09559e+06
6.096e+06
6.09597e+06
6.09603e+06
6.11061e+06
6.09284e+06
6.09751e+06
6.09552e+06
6.09625e+06
6.10182e+06
6.09575e+06
6.09358e+06
6.09487e+06
6.09408e+06
6.09359e+06
6.09489e+06
6.0944e+06
6.09479e+06
6.09433e+06
6.047e+06
6.09905e+06
6.0888e+06
6.09373e+06
6.09148e+06
6.08214e+06
6.0942e+06
6.09069e+06
6.09156e+06
6.09123e+06
6.08639e+06
6.08982e+06
6.08828e+06
6.08948e+06
6.08891e+06
6.08806e+06
6.08865e+06
6.08806e+06
6.08832e+06
6.08818e+06
6.08616e+06
6.08673e+06
6.0864e+06
6.08674e+06
6.0866e+06
6.08476e+06
6.08518e+06
6.08498e+06
6.08515e+06
6.08507e+06
6.08433e+06
6.08468e+06
6.08455e+06
6.08471e+06
6.08465e+06
6.08187e+06
6.0822e+06
6.08208e+06
6.08221e+06
6.08215e+06
6.08295e+06
6.08316e+06
6.08317e+06
6.08319e+06
6.08319e+06
6.07893e+06
6.07947e+06
6.07936e+06
6.07946e+06
6.07942e+06
6.08319e+06
6.08176e+06
6.08261e+06
6.08205e+06
6.08231e+06
6.06754e+06
6.07711e+06
6.07613e+06
6.07697e+06
6.07673e+06
6.11881e+06
6.07771e+06
6.08477e+06
6.08104e+06
6.08223e+06
6.03328e+06
6.08136e+06
6.06982e+06
6.07557e+06
6.07374e+06
6.11284e+06
6.07615e+06
6.08604e+06
6.08082e+06
6.08243e+06
6.09967e+06
6.09967e+06
6.09967e+06
6.09967e+06
6.09967e+06
6.09967e+06
6.09967e+06
6.09967e+06
6.09967e+06
6.09967e+06
6.09967e+06
6.09967e+06
6.09967e+06
6.09967e+06
6.09967e+06
6.09967e+06
6.09967e+06
6.09967e+06
6.09967e+06
6.09967e+06
6.09967e+06
6.09967e+06
6.09967e+06
6.09967e+06
6.09967e+06
6.09967e+06
6.09967e+06
6.09967e+06
6.09967e+06
6.09967e+06
6.09967e+06
6.09967e+06
6.09967e+06
6.09967e+06
6.09967e+06
6.09967e+06
6.09967e+06
6.09967e+06
6.09967e+06
6.09967e+06
6.09967e+06
6.09967e+06
6.09967e+06
6.09967e+06
6.09967e+06
6.09966e+06
6.09966e+06
6.09966e+06
6.09966e+06
6.09966e+06
6.09966e+06
6.09966e+06
6.09966e+06
6.09966e+06
6.09966e+06
6.09966e+06
6.09966e+06
6.09966e+06
6.09967e+06
6.09967e+06
6.09967e+06
6.09967e+06
6.09967e+06
6.09967e+06
6.09967e+06
6.09966e+06
6.09966e+06
6.09966e+06
6.09966e+06
6.09966e+06
6.09966e+06
6.09966e+06
6.09966e+06
6.09966e+06
6.09966e+06
6.09966e+06
6.09966e+06
6.09966e+06
6.09966e+06
6.09966e+06
6.09966e+06
6.09966e+06
6.09966e+06
6.09966e+06
6.09966e+06
6.09966e+06
6.09966e+06
6.09966e+06
6.09966e+06
6.09966e+06
6.09966e+06
6.09966e+06
6.09966e+06
6.09966e+06
6.09966e+06
6.09966e+06
6.09966e+06
6.09966e+06
6.09966e+06
6.09966e+06
6.09966e+06
6.09966e+06
6.09966e+06
6.09966e+06
6.09966e+06
6.09966e+06
6.09966e+06
6.09966e+06
6.09966e+06
6.09966e+06
6.09966e+06
6.09966e+06
6.09966e+06
6.09966e+06
6.09966e+06
6.09966e+06
6.09966e+06
6.09966e+06
6.09966e+06
6.09966e+06
6.09966e+06
6.09966e+06
6.09966e+06
6.09966e+06
6.09966e+06
6.09966e+06
6.09966e+06
6.09966e+06
6.09966e+06
6.09966e+06
6.09966e+06
6.09966e+06
6.09966e+06
6.09966e+06
6.09966e+06
6.09966e+06
6.09966e+06
6.09966e+06
6.09966e+06
6.09966e+06
6.09966e+06
6.09966e+06
6.09966e+06
6.09966e+06
6.09966e+06
6.09966e+06
6.09966e+06
6.09966e+06
6.09966e+06
6.09966e+06
6.09966e+06
6.09966e+06
6.09966e+06
6.09966e+06
6.09966e+06
6.09966e+06
6.09966e+06
6.09966e+06
6.09966e+06
6.09966e+06
6.09966e+06
6.09966e+06
6.09966e+06
6.09966e+06
6.09966e+06
6.09966e+06
6.09966e+06
6.09966e+06
6.09966e+06
6.09966e+06
6.09965e+06
6.09965e+06
6.09965e+06
6.09965e+06
6.09966e+06
6.09966e+06
6.09966e+06
6.09966e+06
6.09966e+06
6.09966e+06
6.09966e+06
6.09966e+06
6.09966e+06
6.09966e+06
6.09966e+06
6.09966e+06
6.09966e+06
6.09965e+06
6.09965e+06
6.09965e+06
6.09965e+06
6.09965e+06
6.09965e+06
6.09965e+06
6.09965e+06
6.09965e+06
6.09965e+06
6.09965e+06
6.09965e+06
6.09965e+06
6.09965e+06
6.09965e+06
6.09965e+06
6.09966e+06
6.09966e+06
6.09966e+06
6.09966e+06
6.09965e+06
6.09965e+06
6.09965e+06
6.09965e+06
6.09965e+06
6.09965e+06
6.09965e+06
6.09965e+06
6.09965e+06
6.09965e+06
6.09965e+06
6.09965e+06
6.09965e+06
6.09965e+06
6.09965e+06
6.09965e+06
6.09965e+06
6.09965e+06
6.09965e+06
6.09965e+06
6.09965e+06
6.09965e+06
6.09965e+06
6.09965e+06
6.09965e+06
6.09965e+06
6.09965e+06
6.09965e+06
6.09965e+06
6.09965e+06
6.09965e+06
6.09965e+06
6.09965e+06
6.09965e+06
6.09965e+06
6.09965e+06
6.09965e+06
6.09965e+06
6.09965e+06
6.09965e+06
6.09965e+06
6.09965e+06
6.09965e+06
6.09965e+06
6.09965e+06
6.09965e+06
6.09965e+06
6.09965e+06
6.09965e+06
6.09965e+06
6.09965e+06
6.09965e+06
6.09965e+06
6.09965e+06
6.09965e+06
6.09965e+06
6.09965e+06
6.09965e+06
6.09965e+06
6.09965e+06
6.09965e+06
6.09965e+06
6.09965e+06
6.09965e+06
6.09965e+06
6.09965e+06
6.09965e+06
6.09965e+06
6.09965e+06
6.09965e+06
6.09965e+06
6.09965e+06
6.09965e+06
6.09965e+06
6.09965e+06
6.09965e+06
6.09965e+06
6.09965e+06
6.09965e+06
6.09965e+06
6.09965e+06
6.09965e+06
6.09965e+06
6.09965e+06
6.09965e+06
6.09965e+06
6.09965e+06
6.09965e+06
6.09965e+06
6.09965e+06
6.09965e+06
6.09965e+06
6.09965e+06
6.09965e+06
6.09965e+06
6.09965e+06
6.09965e+06
6.09965e+06
6.09965e+06
6.09965e+06
6.09965e+06
6.09965e+06
6.09965e+06
6.09964e+06
6.09964e+06
6.09964e+06
6.09964e+06
6.09964e+06
6.09964e+06
6.09964e+06
6.09964e+06
6.09964e+06
6.09965e+06
6.09965e+06
6.09965e+06
6.09965e+06
6.09965e+06
6.09965e+06
6.09965e+06
6.09965e+06
6.09965e+06
6.09965e+06
6.09964e+06
6.09964e+06
6.09964e+06
6.09964e+06
6.09964e+06
6.09964e+06
6.09964e+06
6.09964e+06
6.09964e+06
6.09964e+06
6.09964e+06
6.09964e+06
6.09964e+06
6.09964e+06
6.09964e+06
6.09964e+06
6.09964e+06
6.09964e+06
6.09964e+06
6.09964e+06
6.09964e+06
6.09964e+06
6.09964e+06
6.09964e+06
6.09964e+06
6.09964e+06
6.09964e+06
6.09964e+06
6.09964e+06
6.09964e+06
6.09964e+06
6.09964e+06
6.09964e+06
6.09964e+06
6.09964e+06
6.09964e+06
6.09964e+06
6.09964e+06
6.09964e+06
6.09964e+06
6.09964e+06
6.09964e+06
6.09964e+06
6.09964e+06
6.09964e+06
6.09964e+06
6.09964e+06
6.09964e+06
6.09964e+06
6.09964e+06
6.09964e+06
6.09964e+06
6.09964e+06
6.09964e+06
6.09964e+06
6.09964e+06
6.09964e+06
6.09964e+06
6.09964e+06
6.09964e+06
6.09964e+06
6.09964e+06
6.09964e+06
6.09964e+06
6.09964e+06
6.09964e+06
6.09964e+06
6.09964e+06
6.09964e+06
6.09964e+06
6.09964e+06
6.09964e+06
6.09964e+06
6.09964e+06
6.09964e+06
6.09964e+06
6.09964e+06
6.09964e+06
6.09964e+06
6.09964e+06
6.09964e+06
6.09964e+06
6.09964e+06
6.09964e+06
6.09964e+06
6.09964e+06
6.09964e+06
6.09964e+06
6.09964e+06
6.09964e+06
6.09964e+06
6.09964e+06
6.09964e+06
6.09964e+06
6.09964e+06
6.09964e+06
6.09964e+06
6.09964e+06
6.09964e+06
6.09964e+06
6.09964e+06
6.09964e+06
6.09964e+06
6.09964e+06
6.09964e+06
6.09964e+06
6.09964e+06
6.09964e+06
6.09964e+06
6.09964e+06
6.09964e+06
6.09964e+06
6.09964e+06
6.09964e+06
6.09964e+06
6.09964e+06
6.09964e+06
6.09964e+06
6.09964e+06
6.09964e+06
6.09964e+06
6.09964e+06
6.09964e+06
6.09963e+06
6.09963e+06
6.09963e+06
6.09963e+06
6.09963e+06
6.09963e+06
6.09963e+06
6.09963e+06
6.09963e+06
6.09963e+06
6.09963e+06
6.09963e+06
6.09964e+06
6.09964e+06
6.09964e+06
6.09964e+06
6.09964e+06
6.09964e+06
6.09963e+06
6.09963e+06
6.09963e+06
6.09963e+06
6.09963e+06
6.09963e+06
6.09963e+06
6.09963e+06
6.09963e+06
6.09963e+06
6.09963e+06
6.09963e+06
6.09963e+06
6.09963e+06
6.09963e+06
6.09963e+06
6.09963e+06
6.09963e+06
6.09963e+06
6.09963e+06
6.09963e+06
6.09963e+06
6.09963e+06
6.09963e+06
6.09963e+06
6.09963e+06
6.09963e+06
6.09963e+06
6.09963e+06
6.09963e+06
6.09963e+06
6.09963e+06
6.09963e+06
6.09963e+06
6.09963e+06
6.09963e+06
6.09963e+06
6.09963e+06
6.09963e+06
6.09963e+06
6.09963e+06
6.09963e+06
6.09963e+06
6.09963e+06
6.09963e+06
6.09963e+06
6.09963e+06
6.09963e+06
6.09963e+06
6.09963e+06
6.09963e+06
6.09963e+06
6.09963e+06
6.09963e+06
6.09963e+06
6.09963e+06
6.09963e+06
6.09963e+06
6.09963e+06
6.09963e+06
6.09963e+06
6.09963e+06
6.09963e+06
6.09963e+06
6.09963e+06
6.09963e+06
6.09963e+06
6.09963e+06
6.09963e+06
6.09963e+06
6.09963e+06
6.09963e+06
6.09963e+06
6.09963e+06
6.09963e+06
6.09963e+06
6.09963e+06
6.09963e+06
6.09963e+06
6.09963e+06
6.09963e+06
6.09963e+06
6.09963e+06
6.09963e+06
6.09963e+06
6.09963e+06
6.09963e+06
6.09963e+06
6.09963e+06
6.09963e+06
6.09963e+06
6.09963e+06
6.09963e+06
6.09963e+06
6.09963e+06
6.09963e+06
6.09963e+06
6.09963e+06
6.09963e+06
6.09963e+06
6.09963e+06
6.09963e+06
6.09963e+06
6.09963e+06
6.09963e+06
6.09963e+06
6.09963e+06
6.09963e+06
6.09963e+06
6.09963e+06
6.09963e+06
6.09963e+06
6.09963e+06
6.09963e+06
6.09963e+06
6.09963e+06
6.09963e+06
6.09963e+06
6.09963e+06
6.09963e+06
6.09963e+06
6.09963e+06
6.09962e+06
6.09962e+06
6.09962e+06
6.09962e+06
6.09962e+06
6.09962e+06
6.09962e+06
6.09962e+06
6.09962e+06
6.09962e+06
6.09962e+06
6.09962e+06
6.09962e+06
6.09962e+06
6.09962e+06
6.09962e+06
6.09962e+06
6.09963e+06
6.09962e+06
6.09962e+06
6.09962e+06
6.09962e+06
6.09962e+06
6.09962e+06
6.09962e+06
6.09962e+06
6.09962e+06
6.09962e+06
6.09962e+06
6.09962e+06
6.09962e+06
6.09962e+06
6.09962e+06
6.09962e+06
6.09962e+06
6.09962e+06
6.09962e+06
6.09962e+06
6.09962e+06
6.09962e+06
6.09962e+06
6.09962e+06
6.09962e+06
6.09962e+06
6.09962e+06
6.09962e+06
6.09962e+06
6.09962e+06
6.09962e+06
6.09962e+06
6.09962e+06
6.09962e+06
6.09962e+06
6.09962e+06
6.09962e+06
6.09962e+06
6.09962e+06
6.09962e+06
6.09962e+06
6.09962e+06
6.09962e+06
6.09962e+06
6.09962e+06
6.09962e+06
6.09962e+06
6.09962e+06
6.09962e+06
6.09962e+06
6.09962e+06
6.09962e+06
6.09962e+06
6.09962e+06
6.09962e+06
6.09962e+06
6.09962e+06
6.09962e+06
6.09962e+06
6.09962e+06
6.09962e+06
6.09962e+06
6.09962e+06
6.09962e+06
6.09962e+06
6.09962e+06
6.09962e+06
6.09962e+06
6.09962e+06
6.09962e+06
6.09962e+06
6.09962e+06
6.09962e+06
6.09962e+06
6.09962e+06
6.09962e+06
6.09962e+06
6.09962e+06
6.09962e+06
6.09962e+06
6.09962e+06
6.09962e+06
6.09962e+06
6.09962e+06
6.09962e+06
6.09962e+06
6.09962e+06
6.09962e+06
6.09962e+06
6.09962e+06
6.09962e+06
6.09962e+06
6.09962e+06
6.09962e+06
6.09962e+06
6.09962e+06
6.09962e+06
6.09962e+06
6.09962e+06
6.09962e+06
6.09962e+06
6.09962e+06
6.09962e+06
6.09962e+06
6.09962e+06
6.09962e+06
6.09962e+06
6.09962e+06
6.09962e+06
6.09961e+06
6.09961e+06
6.09961e+06
6.09961e+06
6.09961e+06
6.09961e+06
6.09962e+06
6.09962e+06
6.09962e+06
6.09962e+06
6.09962e+06
6.09962e+06
6.09961e+06
6.09961e+06
6.09961e+06
6.09961e+06
6.09961e+06
6.09961e+06
6.09961e+06
6.09961e+06
6.09961e+06
6.09961e+06
6.09961e+06
6.09961e+06
6.09961e+06
6.09961e+06
6.09961e+06
6.09961e+06
6.09961e+06
6.09961e+06
6.09961e+06
6.09961e+06
6.09961e+06
6.09961e+06
6.09961e+06
6.09961e+06
6.09961e+06
6.09961e+06
6.09961e+06
6.09961e+06
6.09961e+06
6.09961e+06
6.09961e+06
6.09961e+06
6.09961e+06
6.09961e+06
6.09961e+06
6.09961e+06
6.09961e+06
6.09961e+06
6.09961e+06
6.09961e+06
6.09961e+06
6.09961e+06
6.09961e+06
6.09961e+06
6.09961e+06
6.09961e+06
6.09961e+06
6.09961e+06
6.09961e+06
6.09961e+06
6.09961e+06
6.09961e+06
6.09961e+06
6.09961e+06
6.09961e+06
6.09961e+06
6.09961e+06
6.09961e+06
6.09961e+06
6.09961e+06
6.09961e+06
6.09961e+06
6.09961e+06
6.09961e+06
6.09961e+06
6.09961e+06
6.09961e+06
6.09961e+06
6.09961e+06
6.09961e+06
6.09961e+06
6.09961e+06
6.09961e+06
6.09961e+06
6.09961e+06
6.09961e+06
6.09961e+06
6.09961e+06
6.09961e+06
6.09961e+06
6.09961e+06
6.09961e+06
6.09961e+06
6.09961e+06
6.09961e+06
6.09961e+06
6.09961e+06
6.09961e+06
6.09961e+06
6.09961e+06
6.09961e+06
6.09961e+06
6.09961e+06
6.09961e+06
6.09961e+06
6.09961e+06
6.09961e+06
6.09961e+06
6.09961e+06
6.09961e+06
6.09961e+06
6.09961e+06
6.09961e+06
6.09961e+06
6.09961e+06
6.09961e+06
6.09961e+06
6.09961e+06
6.09961e+06
6.09961e+06
6.09961e+06
6.09961e+06
6.09961e+06
6.09961e+06
6.09961e+06
6.09961e+06
6.09961e+06
6.09961e+06
6.09961e+06
6.09961e+06
6.09961e+06
6.09961e+06
6.09961e+06
6.09961e+06
6.0996e+06
6.0996e+06
6.0996e+06
6.0996e+06
6.0996e+06
6.0996e+06
6.0996e+06
6.0996e+06
6.0996e+06
6.0996e+06
6.0996e+06
6.0996e+06
6.0996e+06
6.0996e+06
6.0996e+06
6.0996e+06
6.0996e+06
6.0996e+06
6.0996e+06
6.0996e+06
6.0996e+06
6.0996e+06
6.0996e+06
6.0996e+06
6.0996e+06
6.0996e+06
6.0996e+06
6.0996e+06
6.0996e+06
6.0996e+06
6.0996e+06
6.0996e+06
6.0996e+06
6.0996e+06
6.0996e+06
6.0996e+06
6.0996e+06
6.0996e+06
6.0996e+06
6.0996e+06
6.0996e+06
6.0996e+06
6.0996e+06
6.0996e+06
6.0996e+06
6.0996e+06
6.0996e+06
6.0996e+06
6.0996e+06
6.0996e+06
6.0996e+06
6.0996e+06
6.0996e+06
6.0996e+06
6.0996e+06
6.0996e+06
6.0996e+06
6.0996e+06
6.0996e+06
6.0996e+06
6.0996e+06
6.0996e+06
6.0996e+06
6.0996e+06
6.0996e+06
6.0996e+06
6.0996e+06
6.0996e+06
6.0996e+06
6.0996e+06
6.0996e+06
6.0996e+06
6.0996e+06
6.0996e+06
6.0996e+06
6.0996e+06
6.0996e+06
6.0996e+06
6.0996e+06
6.0996e+06
6.0996e+06
6.0996e+06
6.0996e+06
6.0996e+06
6.0996e+06
6.0996e+06
6.0996e+06
6.0996e+06
6.0996e+06
6.0996e+06
6.0996e+06
6.0996e+06
6.0996e+06
6.0996e+06
6.0996e+06
6.0996e+06
6.0996e+06
6.0996e+06
6.0996e+06
6.0996e+06
6.0996e+06
6.0996e+06
6.0996e+06
6.0996e+06
6.0996e+06
6.0996e+06
6.0996e+06
6.0996e+06
6.0996e+06
6.0996e+06
6.0996e+06
6.0996e+06
6.0996e+06
6.0996e+06
6.0996e+06
6.0996e+06
6.0996e+06
6.0996e+06
6.0996e+06
6.0996e+06
6.0996e+06
6.0996e+06
6.0996e+06
6.0996e+06
6.0996e+06
6.0996e+06
6.0996e+06
6.0996e+06
6.0996e+06
6.0996e+06
6.0996e+06
6.0996e+06
6.0996e+06
6.0996e+06
6.09959e+06
6.09959e+06
6.09959e+06
6.09959e+06
6.09959e+06
6.09959e+06
6.09959e+06
6.09959e+06
6.09959e+06
6.09959e+06
6.09959e+06
6.09959e+06
6.09959e+06
6.09959e+06
6.09959e+06
6.09959e+06
6.09959e+06
6.09959e+06
6.09959e+06
6.09959e+06
6.09959e+06
6.09959e+06
6.09959e+06
6.09959e+06
6.09959e+06
6.09959e+06
6.09959e+06
6.09959e+06
6.09959e+06
6.09959e+06
6.09959e+06
6.09959e+06
6.09959e+06
6.09959e+06
6.09959e+06
6.09959e+06
6.09959e+06
6.09959e+06
6.09959e+06
6.09959e+06
6.09959e+06
6.09959e+06
6.09959e+06
6.09959e+06
6.09959e+06
6.09959e+06
6.09959e+06
6.09959e+06
6.09959e+06
6.09959e+06
6.09959e+06
6.09959e+06
6.09959e+06
6.09959e+06
6.09959e+06
6.09959e+06
6.09959e+06
6.09959e+06
6.09959e+06
6.09959e+06
6.09959e+06
6.09959e+06
6.09959e+06
6.09959e+06
6.09959e+06
6.09959e+06
6.09959e+06
6.09959e+06
6.09959e+06
6.09959e+06
6.09959e+06
6.09959e+06
6.09959e+06
6.09959e+06
6.09959e+06
6.09959e+06
6.09959e+06
6.09959e+06
6.09959e+06
6.09959e+06
6.09959e+06
6.09959e+06
6.09959e+06
6.09959e+06
6.09959e+06
6.09959e+06
6.09959e+06
6.09959e+06
6.09959e+06
6.09959e+06
6.09959e+06
6.09959e+06
6.09959e+06
6.09959e+06
6.09959e+06
6.09959e+06
6.09959e+06
6.09959e+06
6.09959e+06
6.09959e+06
6.09959e+06
6.09959e+06
6.09959e+06
6.09959e+06
6.09959e+06
6.09959e+06
6.09959e+06
6.09959e+06
6.09959e+06
6.09959e+06
6.09959e+06
6.09959e+06
6.09959e+06
6.09959e+06
6.09959e+06
6.09959e+06
6.09959e+06
6.09959e+06
6.09959e+06
6.09959e+06
6.09959e+06
6.09959e+06
6.09959e+06
6.09959e+06
6.09959e+06
6.09959e+06
6.09959e+06
6.09959e+06
6.09959e+06
6.09959e+06
6.09959e+06
6.09959e+06
6.09959e+06
6.09959e+06
6.09959e+06
6.09959e+06
6.09959e+06
6.09959e+06
6.09959e+06
6.09959e+06
6.09959e+06
6.09959e+06
6.09958e+06
6.09958e+06
6.09958e+06
6.09958e+06
6.09958e+06
6.09958e+06
6.09958e+06
6.09958e+06
6.09958e+06
6.09958e+06
6.09958e+06
6.09958e+06
6.09958e+06
6.09958e+06
6.09958e+06
6.09958e+06
6.09958e+06
6.09958e+06
6.09958e+06
6.09958e+06
6.09958e+06
6.09958e+06
6.09958e+06
6.09958e+06
6.09958e+06
6.09958e+06
6.09958e+06
6.09958e+06
6.09958e+06
)
;

boundaryField
{
    inlet
    {
        type            calculated;
        value           uniform 6.09958e+06;
    }
    outlet
    {
        type            calculated;
        value           nonuniform List<scalar> 0();
    }
    walls
    {
        type            calculated;
        value           nonuniform List<scalar> 
206
(
6.13235e+06
6.1224e+06
6.12623e+06
6.11819e+06
6.12011e+06
6.11396e+06
6.11439e+06
6.10971e+06
6.10944e+06
6.10584e+06
6.10524e+06
6.10223e+06
6.10146e+06
6.0988e+06
6.09828e+06
6.09603e+06
6.09625e+06
6.09408e+06
6.09433e+06
6.09148e+06
6.09123e+06
6.08891e+06
6.08818e+06
6.0866e+06
6.08507e+06
6.08465e+06
6.08215e+06
6.08319e+06
6.07942e+06
6.08231e+06
6.07673e+06
6.08223e+06
6.07374e+06
6.08243e+06
6.13235e+06
6.1224e+06
6.12623e+06
6.11819e+06
6.12011e+06
6.11396e+06
6.11439e+06
6.10971e+06
6.10944e+06
6.10584e+06
6.10524e+06
6.10223e+06
6.10146e+06
6.0988e+06
6.09828e+06
6.09603e+06
6.09625e+06
6.09408e+06
6.09433e+06
6.09148e+06
6.09123e+06
6.08891e+06
6.08818e+06
6.0866e+06
6.08507e+06
6.08465e+06
6.08215e+06
6.08319e+06
6.07942e+06
6.08231e+06
6.07673e+06
6.08223e+06
6.07374e+06
6.08243e+06
6.09967e+06
6.09966e+06
6.09966e+06
6.09966e+06
6.09966e+06
6.09965e+06
6.09965e+06
6.09965e+06
6.09965e+06
6.09965e+06
6.09964e+06
6.09964e+06
6.09964e+06
6.09964e+06
6.09964e+06
6.09963e+06
6.09963e+06
6.09963e+06
6.09963e+06
6.09963e+06
6.09962e+06
6.09962e+06
6.09962e+06
6.09962e+06
6.09961e+06
6.09961e+06
6.09961e+06
6.09961e+06
6.09961e+06
6.0996e+06
6.0996e+06
6.0996e+06
6.0996e+06
6.0996e+06
6.09959e+06
6.09959e+06
6.09959e+06
6.09959e+06
6.09959e+06
6.09958e+06
6.09967e+06
6.09966e+06
6.09966e+06
6.09966e+06
6.09966e+06
6.09965e+06
6.09965e+06
6.09965e+06
6.09965e+06
6.09965e+06
6.09964e+06
6.09964e+06
6.09964e+06
6.09964e+06
6.09964e+06
6.09963e+06
6.09963e+06
6.09963e+06
6.09963e+06
6.09963e+06
6.09962e+06
6.09962e+06
6.09962e+06
6.09962e+06
6.09961e+06
6.09961e+06
6.09961e+06
6.09961e+06
6.09961e+06
6.0996e+06
6.0996e+06
6.0996e+06
6.0996e+06
6.0996e+06
6.09959e+06
6.09959e+06
6.09959e+06
6.09959e+06
6.09959e+06
6.09958e+06
6.09967e+06
6.09967e+06
6.09967e+06
6.09967e+06
6.09967e+06
6.09967e+06
6.09967e+06
6.09967e+06
6.09967e+06
6.09967e+06
6.09967e+06
6.09967e+06
6.09967e+06
6.09967e+06
6.09967e+06
6.09967e+06
6.09967e+06
6.09967e+06
6.09967e+06
6.09967e+06
6.09967e+06
6.09967e+06
6.09967e+06
6.09967e+06
6.09967e+06
6.09967e+06
6.09967e+06
6.09967e+06
6.09967e+06
6.09967e+06
6.09967e+06
6.09967e+06
6.09967e+06
6.09967e+06
6.09967e+06
6.09967e+06
6.09967e+06
6.09967e+06
6.09967e+06
6.09967e+06
6.09967e+06
6.09967e+06
6.09967e+06
6.09967e+06
6.09967e+06
6.09967e+06
6.09967e+06
6.09967e+06
6.09967e+06
6.09967e+06
6.09967e+06
6.09967e+06
6.09967e+06
6.09967e+06
6.09967e+06
6.09967e+06
6.09967e+06
6.09967e+06
)
;
    }
    side1
    {
        type            cyclic;
    }
    side2
    {
        type            cyclic;
    }
    procBoundary4to3
    {
        type            processor;
        value           nonuniform List<scalar> 10(6.12627e+06 6.12487e+06 6.12221e+06 6.1239e+06 6.13035e+06 6.12627e+06 6.12487e+06 6.12221e+06 6.1239e+06 6.13035e+06);
    }
    procBoundary4to5
    {
        type            processor;
        value           nonuniform List<scalar> 
90
(
6.03373e+06
6.07446e+06
6.06857e+06
6.07343e+06
6.07197e+06
6.09967e+06
6.09967e+06
6.09967e+06
6.09966e+06
6.09966e+06
6.09966e+06
6.09966e+06
6.09966e+06
6.09965e+06
6.09965e+06
6.09965e+06
6.09965e+06
6.09965e+06
6.09964e+06
6.09964e+06
6.09964e+06
6.09964e+06
6.09963e+06
6.09963e+06
6.09963e+06
6.09963e+06
6.09963e+06
6.09962e+06
6.09962e+06
6.09962e+06
6.09962e+06
6.09961e+06
6.09961e+06
6.09961e+06
6.09961e+06
6.0996e+06
6.0996e+06
6.0996e+06
6.0996e+06
6.0996e+06
6.09959e+06
6.09959e+06
6.09959e+06
6.09959e+06
6.09958e+06
6.03373e+06
6.07447e+06
6.06857e+06
6.07343e+06
6.07197e+06
6.09967e+06
6.09967e+06
6.09967e+06
6.09966e+06
6.09966e+06
6.09966e+06
6.09966e+06
6.09966e+06
6.09965e+06
6.09965e+06
6.09965e+06
6.09965e+06
6.09965e+06
6.09964e+06
6.09964e+06
6.09964e+06
6.09964e+06
6.09963e+06
6.09963e+06
6.09963e+06
6.09963e+06
6.09963e+06
6.09962e+06
6.09962e+06
6.09962e+06
6.09962e+06
6.09961e+06
6.09961e+06
6.09961e+06
6.09961e+06
6.0996e+06
6.0996e+06
6.0996e+06
6.0996e+06
6.0996e+06
6.09959e+06
6.09959e+06
6.09959e+06
6.09959e+06
6.09958e+06
)
;
    }
}


// ************************************************************************* //
