/*--------------------------------*- C++ -*----------------------------------*\
| =========                 |                                                 |
| \\      /  F ield         | OpenFOAM: The Open Source CFD Toolbox           |
|  \\    /   O peration     | Version:  v2006                                 |
|   \\  /    A nd           | Website:  www.openfoam.com                      |
|    \\/     M anipulation  |                                                 |
\*---------------------------------------------------------------------------*/
FoamFile
{
    version     2.0;
    format      ascii;
    class       labelList;
    location    "constant/polyMesh";
    object      cellProcAddressing;
}
// * * * * * * * * * * * * * * * * * * * * * * * * * * * * * * * * * * * * * //


3596
(
5
11
14
19
23
25
29
33
42
47
62
92
96
98
99
101
102
103
104
106
107
112
114
133
149
152
169
171
178
179
181
188
189
195
197
199
200
201
203
204
205
206
207
208
209
213
214
215
217
219
220
221
222
229
230
232
234
236
237
238
240
245
248
249
254
259
262
263
268
269
272
274
277
287
292
297
298
301
305
310
325
331
358
363
364
388
399
405
406
408
410
411
413
421
426
427
432
438
439
440
455
458
460
478
490
491
502
503
505
506
507
508
509
510
512
513
514
515
516
517
519
520
521
526
529
530
532
536
539
540
541
542
543
549
594
597
600
605
609
612
625
638
639
651
652
654
656
657
673
675
676
680
687
700
704
707
716
726
728
733
743
747
748
751
752
754
755
756
758
762
764
765
766
767
768
771
772
773
777
784
798
819
821
832
833
838
839
846
848
863
865
868
870
871
875
877
880
882
883
885
886
887
888
890
891
897
899
900
901
902
907
911
912
931
934
972
973
974
977
981
982
983
986
988
989
991
997
1001
1003
1006
1011
1020
1030
1056
1060
1061
1063
1065
1068
1069
1076
1081
1082
1085
1086
1087
1088
1090
1091
1092
1093
1096
1101
1102
1103
1106
1108
1109
1114
1116
1118
1123
1132
1135
1136
1137
1149
1154
1157
1159
1163
1164
1166
1169
1174
1180
1182
1190
1194
1195
1201
1206
1208
1211
1212
1215
1216
1218
1219
1221
1229
1237
1242
1243
1244
1245
1246
1250
1265
1272
1273
1278
1279
1284
1293
1296
1297
1298
1300
1305
1307
1309
1311
1312
1322
1326
1328
1335
1338
1341
1343
1347
1349
1351
1358
1364
1369
1370
1371
1372
1373
1377
1378
1379
1380
1385
1389
1390
1392
1393
1400
1402
1404
1409
1410
1412
1414
1418
1423
1425
1428
1443
1477
1478
1479
1480
1482
1483
1484
1485
1487
1490
1492
1495
1496
1497
1498
1501
1512
1515
1523
1529
1531
1545
1548
1555
1556
1558
1559
1561
1563
1566
1572
1576
1578
1581
1587
1588
1592
1594
1596
1600
1602
1605
1606
1607
1609
1610
1613
1621
1623
1632
1633
1643
1657
1662
1664
1667
1670
1673
1675
1680
1686
1688
1694
1696
1697
1698
1702
1704
1717
1718
1721
1724
1738
1739
1740
1750
1754
1757
1769
1771
1773
1778
1783
1785
1787
1789
1792
1794
1797
1801
1802
1806
1808
1812
1815
1816
1817
1824
1839
1842
1851
1854
1859
1862
1863
1864
1873
1907
1910
1940
1947
1948
1955
1958
1961
1962
1964
1965
1968
1969
1970
1975
1980
1993
2004
2005
2010
2012
2014
2020
2025
2027
2028
2029
2030
2031
2033
2034
2035
2036
2039
2040
2041
2044
2055
2056
2063
2065
2073
2074
2076
2077
2103
2107
2109
2110
2111
2113
2116
2122
2123
2124
2125
2126
2127
2128
2129
2130
2132
2133
2142
2144
2151
2153
2176
2177
2184
2185
2188
2189
2190
2191
2193
2195
2198
2210
2213
2219
2220
2228
2233
2237
2238
2239
2244
2252
2253
2255
2256
2267
2268
2275
2277
2278
2280
2285
2286
2288
2290
2291
2292
2293
2294
2296
2310
2311
2334
2339
2342
2343
2344
2347
2371
2395
2396
2397
2398
2399
2400
2404
2409
2411
2413
2414
2415
2416
2418
2419
2420
2421
2422
2423
2424
2426
2427
2428
2437
2451
2454
2457
2460
2462
2466
2467
2469
2482
2485
2491
2500
2503
2504
2507
2509
2510
2511
2513
2514
2516
2517
2519
2522
2523
2526
2533
2541
2543
2544
2547
2548
2568
2573
2581
2582
2583
2584
2615
2618
2619
2622
2623
2624
2625
2626
2627
2629
2630
2633
2634
2635
2636
2638
2640
2651
2663
2668
2673
2676
2707
2710
2724
2725
2730
2732
2742
2761
2762
2779
2795
2796
2801
2814
2815
2819
2820
2822
2823
2833
2839
2841
2845
2850
2859
2867
2869
2871
2874
2884
2887
2942
2945
2947
2950
2952
2953
2956
2957
2958
2960
2962
2971
2972
2973
2974
2975
2979
2982
2983
2986
2990
2993
2997
2998
3000
3001
3002
3005
3023
3025
3030
3036
3037
3039
3073
3074
3076
3086
3101
3107
3110
3122
3123
3124
3127
3129
3130
3132
3133
3135
3137
3139
3140
3141
3147
3168
3171
3173
3175
3177
3178
3186
3209
3210
3211
3212
3214
3217
3218
3219
3228
3229
3230
3236
3237
3238
3240
3242
3244
3246
3248
3249
3250
3257
3258
3262
3267
3270
3271
3273
3274
3275
3276
3286
3288
3291
3294
3296
3298
3299
3300
3301
3302
3303
3304
3306
3307
3308
3309
3310
3312
3314
3315
3319
3320
3321
3322
3323
3326
3328
3330
3331
3338
3342
3343
3351
3353
3359
3361
3362
3363
3365
3379
3383
3388
3393
3394
3396
3397
3398
3399
3405
3406
3410
3415
3418
3420
3435
3437
3444
3445
3446
3447
3454
3457
3459
3462
3465
3467
3469
3470
3471
3472
3473
3474
3475
3476
3477
3480
3481
3483
3486
3487
3490
3544
3546
3551
3553
3561
3566
3567
3572
3578
3580
3581
3585
3587
3593
3614
3633
3636
3640
3641
3643
3644
3645
3646
3647
3648
3651
3652
3653
3655
3676
3724
3727
3730
3732
3735
3738
3740
3742
3746
3747
3750
3759
3761
3773
3774
3775
3790
3795
3799
3800
3805
3806
3808
3810
3811
3812
3813
3817
3878
3880
3881
3892
3901
3903
3908
3909
3912
3918
3922
3923
3949
3967
3972
3973
3977
3979
3982
3984
3986
3987
3988
3990
3991
3992
3993
3995
3996
4000
4002
4003
4004
4005
4007
4009
4013
4016
4036
4038
4068
4071
4074
4077
4078
4079
4081
4082
4083
4084
4088
4090
4095
4096
4101
4102
4104
4105
4109
4112
4113
4114
4115
4116
4117
4119
4120
4121
4129
4157
4158
4160
4164
4166
4168
4169
4173
4176
4180
4182
4184
4186
4188
4191
4192
4193
4194
4195
4196
4219
4221
4224
4226
4228
4234
4241
4242
4245
4251
4252
4269
4270
4272
4273
4274
4275
4276
4277
4278
4280
4281
4282
4283
4284
4285
4287
4295
4304
4305
4307
4315
4321
4335
4336
4338
4339
4340
4341
4342
4343
4344
4358
4359
4375
4377
4379
4380
4385
4386
4388
4389
4391
4401
4402
4405
4406
4409
4413
4419
4421
4422
4423
4425
4429
4430
4431
4432
4434
4435
4440
4445
4475
4479
4482
4487
4488
4489
4490
4491
4492
4494
4496
4498
4502
4504
4505
4507
4525
4539
4542
4543
4546
4548
4549
4556
4557
4558
4561
4564
4568
4570
4571
4574
4575
4576
4577
4578
4579
4581
4582
4583
4588
4589
4590
4592
4593
4611
4612
4631
4632
4635
4636
4638
4639
4640
4645
4646
4650
4651
4655
4660
4665
4669
4679
4680
4681
4703
4706
4709
4710
4711
4714
4725
4728
4729
4733
4734
4740
4741
4742
4745
4746
4749
4752
4753
4754
4756
4757
4758
4759
4760
4761
4762
4763
4765
4769
4770
4771
4772
4781
4800
4805
4806
4808
4815
4816
4818
4819
4821
4835
4839
4843
4850
4858
4863
4865
4866
4868
4871
4873
4878
4879
4880
4905
4926
4928
4929
4930
4931
4932
4933
4934
4935
4938
4940
4945
4951
4957
4958
4959
4960
4961
4962
4963
4964
4965
4967
4971
4973
4974
5006
5008
5010
5011
5015
5017
5020
5021
5022
5024
5025
5027
5034
5036
5043
5048
5051
5052
5055
5056
5057
5059
5060
5067
5070
5071
5072
5077
5078
5079
5080
5087
5093
5098
5101
5103
5109
5111
5140
5141
5148
5152
5154
5155
5161
5167
5168
5181
5183
5184
5185
5189
5190
5191
5192
5193
5194
5195
5198
5200
5202
5204
5206
5207
5209
5211
5243
5245
5250
5251
5252
5253
5281
5288
5289
5290
5296
5298
5300
5304
5322
5326
5331
5334
5337
5341
5358
5365
5366
5379
5392
5399
5402
5403
5404
5405
5406
5407
5408
5410
5411
5413
5417
5420
5425
5428
5430
5431
5432
5433
5437
5442
5448
5450
5451
5453
5455
5464
5465
5480
5482
5483
5493
5495
5496
5497
5498
5505
5517
5519
5521
5524
5529
5531
5533
5535
5543
5561
5565
5566
5569
5573
5574
5575
5576
5580
5582
5584
5587
5588
5590
5592
5603
5604
5607
5608
5628
5640
5641
5643
5644
5645
5657
5658
5660
5669
5670
5673
5679
5680
5683
5687
5690
5691
5693
5694
5695
5696
5697
5698
5699
5700
5702
5703
5704
5707
5708
5710
5712
5722
5726
5727
5728
5730
5731
5733
5734
5739
5740
5742
5753
5754
5762
5764
5766
5768
5769
5770
5775
5777
5779
5780
5781
5785
5786
5788
5791
5811
5819
5821
5829
5831
5833
5845
5848
5849
5850
5858
5860
5861
5862
5870
5885
5886
5888
5891
5897
5943
5960
5963
5968
5971
5972
5973
5978
5980
5981
5983
5984
5990
5994
5995
5999
6000
6001
6002
6003
6004
6005
6008
6011
6015
6030
6031
6033
6034
6036
6038
6041
6042
6044
6045
6046
6047
6048
6051
6053
6058
6060
6061
6062
6063
6073
6081
6085
6086
6094
6097
6121
6130
6133
6134
6135
6136
6137
6138
6139
6142
6144
6145
6208
6225
6226
6231
6232
6233
6234
6237
6239
6240
6241
6242
6245
6255
6257
6260
6262
6267
6268
6269
6270
6272
6274
6278
6282
6284
6286
6291
6296
6311
6312
6349
6354
6356
6359
6360
6363
6364
6368
6369
6373
6397
6401
6409
6410
6412
6413
6415
6417
6418
6419
6420
6426
6430
6440
6444
6447
6451
6456
6457
6461
6462
6463
6465
6469
6471
6476
6546
6548
6549
6551
6556
6557
6559
6560
6561
6564
6565
6566
6568
6570
6610
6611
6612
6613
6618
6620
6622
6626
6629
6630
6631
6633
6634
6638
6639
6640
6645
6647
6648
6649
6651
6654
6656
6657
6658
6661
6663
6664
6665
6666
6667
6669
6677
6686
6687
6690
6693
6695
6716
6746
6755
6765
6766
6767
6768
6771
6772
6774
6775
6776
6777
6778
6779
6780
6782
6783
6786
6799
6802
6828
6840
6848
6849
6850
6851
6852
6853
6857
6859
6861
6862
6865
6867
6870
6872
6883
6884
6887
6888
6889
6890
6891
6894
6899
6907
6909
6910
6911
6913
6929
6931
6932
6933
6934
6956
6968
6971
6972
6975
6978
6979
6980
6981
6982
6983
6984
6985
6986
6987
6989
6990
6991
6992
6994
6996
7014
7023
7030
7035
7046
7048
7049
7050
7057
7058
7059
7060
7061
7062
7064
7066
7068
7069
7070
7071
7072
7074
7076
7078
7080
7084
7087
7088
7089
7092
7094
7098
7099
7112
7117
7118
7122
7124
7143
7153
7155
7157
7164
7166
7167
7181
7183
7199
7201
7202
7207
7208
7211
7214
7215
7217
7219
7221
7231
7236
7240
7247
7248
7251
7252
7253
7257
7258
7260
7261
7262
7263
7264
7265
7266
7267
7270
7271
7272
7275
7278
7299
7306
7309
7314
7320
7321
7323
7324
7325
7326
7332
7333
7334
7335
7337
7343
7345
7349
7353
7362
7363
7365
7368
7372
7373
7383
7384
7385
7386
7388
7395
7410
7412
7415
7416
7418
7419
7420
7422
7424
7425
7426
7427
7429
7432
7435
7473
7490
7493
7495
7497
7501
7505
7506
7507
7510
7513
7514
7517
7519
7526
7527
7545
7546
7553
7554
7555
7556
7557
7558
7560
7562
7563
7600
7617
7618
7619
7621
7622
7624
7625
7626
7629
7630
7634
7636
7638
7640
7641
7642
7643
7646
7649
7650
7654
7657
7662
7663
7665
7666
7671
7679
7680
7681
7684
7695
7713
7716
7718
7763
7767
7769
7771
7783
7790
7795
7797
7798
7800
7803
7804
7806
7807
7808
7809
7810
7811
7816
7818
7819
7820
7822
7827
7829
7830
7832
7838
7839
7840
7845
7846
7848
7849
7851
7852
7854
7856
7857
7858
7859
7860
7861
7862
7863
7865
7867
7871
7901
7906
7929
7931
7932
7933
7937
7940
7941
7942
7943
7951
7952
7968
7973
7981
7982
7983
7984
7985
7986
7987
7989
7990
7991
7992
7993
7994
7995
7996
8000
8002
8003
8004
8005
8008
8010
8012
8013
8018
8019
8020
8034
8046
8075
8077
8079
8080
8081
8082
8083
8084
8085
8086
8087
8089
8090
8103
8107
8113
8116
8140
8141
8142
8143
8145
8147
8148
8149
8150
8151
8152
8154
8155
8156
8157
8158
8161
8162
8163
8166
8185
8220
8226
8227
8228
8229
8232
8233
8237
8241
8245
8248
8249
8271
8274
8278
8280
8283
8284
8285
8288
8295
8300
8301
8303
8304
8305
8307
8308
8309
8311
8327
8328
8334
8336
8342
8359
8362
8363
8368
8369
8370
8371
8391
8398
8401
8404
8409
8411
8413
8414
8415
8419
8420
8421
8422
8424
8426
8427
8428
8429
8430
8482
8485
8486
8487
8489
8491
8503
8515
8527
8531
8534
8536
8537
8539
8541
8542
8543
8548
8549
8560
8561
8563
8564
8573
8577
8578
8587
8588
8589
8590
8591
8593
8594
8595
8596
8597
8598
8599
8600
8603
8606
8620
8621
8625
8626
8627
8630
8631
8635
8636
8637
8639
8640
8641
8643
8644
8645
8646
8647
8651
8675
8679
8680
8687
8692
8696
8698
8699
8700
8701
8703
8705
8706
8707
8709
8717
8722
8723
8725
8726
8727
8728
8731
8732
8735
8736
8737
8738
8739
8740
8741
8742
8743
8745
8747
8749
8751
8752
8753
8754
8755
8759
8771
8772
8773
8774
8776
8782
8783
8785
8786
8789
8790
8804
8806
8808
8809
8812
8813
8814
8816
8821
8822
8823
8824
8830
8836
8839
8850
8852
8853
8860
8863
8864
8865
8866
8877
8878
8883
8884
8888
8891
8892
8895
8897
8902
8903
8904
8909
8911
8912
8917
8919
8920
8921
8923
8927
8938
8946
8947
8948
8949
8950
8951
8952
8973
8974
8984
8989
9001
9005
9006
9007
9008
9009
9010
9012
9013
9014
9015
9016
9017
9018
9019
9020
9021
9023
9024
9026
9036
9046
9067
9069
9070
9076
9079
9081
9083
9084
9087
9090
9091
9092
9093
9094
9099
9137
9144
9157
9168
9171
9173
9174
9177
9180
9182
9183
9184
9204
9207
9208
9221
9222
9226
9227
9228
9230
9232
9233
9237
9240
9244
9251
9252
9253
9254
9256
9257
9258
9259
9260
9262
9263
9274
9279
9282
9283
9286
9288
9294
9297
9298
9300
9301
9303
9304
9305
9306
9307
9309
9322
9337
9338
9357
9358
9366
9367
9368
9373
9377
9392
9396
9397
9398
9414
9415
9427
9430
9431
9432
9433
9434
9436
9437
9442
9445
9446
9449
9451
9452
9455
9458
9483
9484
9485
9487
9499
9510
9514
9516
9517
9520
9521
9525
9526
9527
9529
9536
9543
9544
9550
9552
9553
9554
9561
9562
9568
9571
9572
9574
9576
9580
9582
9584
9590
9591
9592
9593
9594
9597
9607
9608
9659
9667
9669
9670
9674
9687
9696
9720
9746
9748
9753
9756
9757
9758
9760
9761
9767
9796
9801
9809
9834
9835
9839
9840
9843
9854
9859
9860
9861
9866
9871
9872
9873
9875
9878
9881
9891
9892
9894
9900
9904
9905
9906
9910
9916
9921
9926
9932
9933
9936
9938
9939
9942
9953
9967
10007
10021
10026
10031
10038
10042
10045
10049
10050
10054
10055
10056
10059
10062
10064
10070
10072
10074
10079
10080
10091
10109
10114
10116
10118
10126
10130
10131
10133
10134
10136
10137
10142
10145
10154
10177
10179
10182
10183
10185
10186
10188
10189
10192
10195
10198
10214
10223
10234
10236
10237
10238
10239
10242
10245
10247
10260
10262
10265
10277
10278
10279
10285
10286
10287
10288
10289
10290
10293
10295
10296
10300
10301
10306
10313
10317
10318
10320
10321
10323
10324
10325
10326
10327
10328
10332
10334
10335
10337
10338
10343
10347
10348
10355
10356
10358
10359
10361
10367
10373
10376
10377
10379
10382
10384
10385
10386
10387
10398
10412
10421
10425
10426
10427
10428
10441
10442
10443
10448
10449
10451
10452
10453
10454
10458
10459
10460
10461
10464
10466
10469
10471
10472
10477
10478
10479
10480
10482
10484
10487
10492
10495
10497
10498
10499
10504
10505
10513
10514
10517
10518
10535
10538
10550
10551
10553
10554
10555
10581
10584
10585
10586
10588
10589
10590
10591
10592
10593
10598
10603
10604
10607
10614
10616
10619
10620
10621
10622
10623
10632
10635
10638
10644
10659
10664
10665
10667
10668
10670
10672
10673
10674
10675
10677
10682
10702
10716
10718
10719
10721
10722
10723
10724
10732
10735
10736
10738
10740
10742
10743
10745
10749
10750
10752
10753
10754
10755
10756
10757
10758
10760
10761
10762
10764
10765
10766
10767
10769
10770
10778
10782
10783
10787
10788
10789
10790
10792
10793
10801
10802
10803
10808
10810
10811
10813
10820
10821
10823
10826
10828
10830
10835
10837
10859
10863
10865
10866
10868
10869
10873
10879
10881
10883
10887
10894
10902
10907
10909
10910
10911
10920
10929
10931
10937
10939
10941
10943
10945
10947
10950
10954
10966
10967
10976
10980
10981
10988
10990
10991
10992
10994
10997
10998
10999
11000
11001
11004
11006
11008
11009
11011
11012
11016
11021
11038
11042
11059
11066
11068
11082
11087
11088
11099
11102
11105
11113
11127
11128
11132
11135
11137
11138
11140
11150
11151
11152
11154
11155
11158
11160
11165
11167
11169
11172
11178
11179
11180
11181
11183
11184
11186
11188
11191
11192
11204
11259
11261
11263
11264
11265
11266
11268
11273
11275
11276
11277
11278
11280
11281
11282
11283
11284
11287
11290
11295
11300
11301
11308
11310
11312
11313
11338
11361
11368
11383
11384
11392
11393
11394
11395
11396
11398
11401
11410
11419
11424
11428
11437
11438
11440
11442
11443
11455
11458
11459
11460
11461
11462
11466
11467
11468
11470
11471
11472
11473
11474
11475
11476
11478
11479
11481
11482
11483
11484
11487
11495
11497
11499
11501
11504
11522
11523
11529
11562
11566
11568
11573
11599
11600
11604
11605
11611
11613
11614
11615
11616
11617
11618
11620
11623
11625
11626
11628
11629
11630
11631
11632
11633
11636
11641
11642
11643
11645
11646
11672
11674
11694
11701
11707
11718
11721
11722
11723
11726
11727
11728
11730
11731
11733
11741
11742
11743
11750
11752
11763
11769
11770
11785
11787
11788
11789
11791
11795
11799
11800
11803
11804
11813
11817
11841
11847
11848
11853
11858
11859
11860
11861
11862
11863
11864
11865
11866
11867
11870
11872
11874
11926
11927
11928
11929
11930
11932
11936
11940
11942
11945
11948
11949
11951
11953
11956
11959
11965
11967
11968
11969
11970
11981
11988
11989
11994
12002
12011
12012
12013
12017
12018
12051
12060
12062
12064
12067
12068
12069
12070
12071
12072
12073
12077
12079
12081
12082
12093
12094
12096
12099
12100
12131
12134
12135
12136
12137
12139
12143
12182
12188
12195
12196
12197
12198
12199
12200
12203
12204
12205
12206
12208
12209
12210
12212
12213
12214
12215
12216
12217
12222
12223
12227
12231
12232
12234
12243
12251
12253
12260
12261
12262
12298
12301
12322
12323
12327
12329
12330
12334
12340
12341
12345
12346
12350
12352
12353
12354
12357
12360
12361
12363
12364
12365
12368
12374
12376
12379
12389
12390
12436
12443
12447
12448
12451
12452
12453
12454
12455
12456
12457
12458
12461
12462
12468
12474
12484
12486
12501
12506
12507
12512
12513
12518
12519
12522
12534
12535
12537
12538
12539
12540
12544
12547
12548
12549
12550
12551
12552
12553
12557
12558
12560
12562
12566
12567
12568
12569
12578
12580
12581
12584
12587
12596
12600
12607
12612
12617
12626
12627
12629
12634
12635
12636
12637
12639
12644
12645
12647
12650
12651
12657
12660
12662
12663
12665
12666
12669
12674
12675
12676
12677
12678
12679
12680
12730
12731
12732
12733
12735
12736
12738
12740
12742
12753
12759
12765
12771
12778
12780
12783
12784
12785
12786
12794
12814
12825
12826
12828
12832
12833
12841
12843
12844
12846
12847
12848
12849
12850
12854
12860
12862
12871
12874
12881
12904
12907
12921
12922
12923
12924
12925
12933
12937
12938
12963
12964
12965
12966
12967
12973
12974
12975
12977
12978
12981
13000
13001
13002
13003
13004
13013
13014
13023
13026
13028
13042
13048
13049
13050
13051
13053
13054
13055
13056
13057
13058
13060
13063
13067
13070
13074
13081
13082
13097
13098
13101
13102
13103
13104
13105
13106
13109
13111
13114
13116
13117
13119
13120
13121
13125
13126
13127
13133
13137
13138
13140
13142
13143
13144
13146
13147
13148
13149
13151
13186
13187
13188
13190
13195
13227
13228
13229
13230
13232
13233
13234
13254
13258
13260
13261
13263
13265
13266
13267
13268
13271
13275
13276
13279
13281
13312
13323
13326
13331
13332
13334
13342
13343
13346
13347
13348
13349
13350
13351
13352
13354
13358
13359
13365
13375
13388
13390
13391
13392
13393
13395
13421
13422
13427
13429
13432
13433
13434
13436
13437
13439
13440
13441
13443
13444
13447
13451
13452
13455
13488
13491
13492
13497
13498
13500
13509
13515
13519
13520
13522
13525
13528
13543
13548
13549
13550
13551
13552
13554
13555
13558
13559
13563
13565
13566
13567
13568
13570
13571
13599
13600
13601
13602
13605
13610
13640
13642
13648
13650
13655
13664
13668
13674
13676
13682
13687
13690
13709
13713
13720
13723
13724
13725
13729
13730
13731
13733
13736
13738
13739
13740
13744
13748
13749
13755
13762
13781
13785
13787
13788
13798
13803
13804
13805
13806
13807
13814
13815
13832
13843
13854
13856
13857
13859
13860
13861
13868
13871
13872
13874
13875
13887
13890
13891
13893
13896
13897
13905
13913
13914
13915
13916
13920
13921
13934
13935
13936
13942
13943
13944
13952
13970
13972
13978
13986
13999
14005
14021
14022
14023
14026
14028
14054
14055
14057
14058
14059
14060
14062
14063
14067
14068
14069
14071
14072
14073
14075
14076
14077
14080
14091
14094
14095
14096
14098
14099
14100
14109
14112
14113
14116
14126
14127
14129
14130
14149
14162
14163
14171
14174
14176
14177
14178
14179
14180
14183
14191
14196
14198
14202
14205
14206
14209
14210
14219
14220
14222
14223
14233
14234
14257
14259
14264
14280
14284
14285
14294
14298
14299
14300
14303
14311
14318
14322
14323
14325
14327
14333
14339
)


// ************************************************************************* //
