/*--------------------------------*- C++ -*----------------------------------*\
| =========                 |                                                 |
| \\      /  F ield         | OpenFOAM: The Open Source CFD Toolbox           |
|  \\    /   O peration     | Version:  v2006                                 |
|   \\  /    A nd           | Website:  www.openfoam.com                      |
|    \\/     M anipulation  |                                                 |
\*---------------------------------------------------------------------------*/
FoamFile
{
    version     2.0;
    format      ascii;
    class       vectorField;
    location    "constant/polyMesh";
    object      points;
}
// * * * * * * * * * * * * * * * * * * * * * * * * * * * * * * * * * * * * * //


1313
(
(0 0 -0.05167875464)
(0 0 -0.0506813798)
(0 0 -0.04968400495)
(0 0 -0.04868663011)
(0 0 -0.04768925526)
(0 0 -0.04669188042)
(0 0 -0.04569450557)
(0 0 -0.04469713073)
(0 0 -0.04369975588)
(0 0 -0.04270238104)
(0 0 -0.04170500619)
(0 0 -0.04070763135)
(0 0 -0.0397102565)
(0 0 -0.03871288166)
(0 0 -0.03771550681)
(0 0 -0.03671813197)
(0 0 -0.03572075712)
(0 0 -0.03472338228)
(0 0 -0.03372600743)
(0 0 -0.03272863259)
(0 0 -0.03173125774)
(0 0 -0.0307338829)
(0 0 -0.02973650805)
(0.0127 0 -0.02753374233)
(0.0127 0 -0.02803435583)
(0.0127 0 -0.02853496933)
(0.0127 0 -0.02903558282)
(0.0127 0 -0.02953619632)
(0.0127 0 -0.03003680982)
(0.0127 0 -0.03053742331)
(0.0127 0 -0.03103803681)
(0.0127 0 -0.03153865031)
(0.0127 0 -0.0320392638)
(0.0127 0 -0.0325398773)
(0.0127 0 -0.0330404908)
(0.0127 0 -0.03354110429)
(0.0127 0 -0.03404171779)
(0.0127 0 -0.03454233129)
(0.0127 0 -0.03504294479)
(0.0127 0 -0.03554355828)
(0.0127 0 -0.03604417178)
(0.0127 0 -0.03654478528)
(0.0127 0 -0.03704539877)
(0.0127 0 -0.03754601227)
(0.0127 0 -0.03804662577)
(0.0127 0 -0.03854723926)
(0.0127 0 -0.03904785276)
(0.0127 0 -0.03954846626)
(0.0127 0 -0.04004907975)
(0.0127 0 -0.04054969325)
(0.0127 0 -0.04105030675)
(0.0127 0 -0.04155092025)
(0.0127 0 -0.04205153374)
(0.0127 0 -0.04255214724)
(0.0127 0 -0.04305276074)
(0.0127 0 -0.04355337423)
(0.0127 0 -0.04405398773)
(0.0127 0 -0.04455460123)
(0.0127 0 -0.04505521472)
(0.0127 0 -0.04555582822)
(0.0127 0 -0.04605644172)
(0.0127 0 -0.04655705521)
(0.0127 0 -0.04705766871)
(0.0127 0 -0.04755828221)
(0.0127 0 -0.04805889571)
(0.0127 0 -0.0485595092)
(0.0127 0 -0.0490601227)
(0.0127 0 -0.0495607362)
(0.0127 0 -0.05006134969)
(0.0127 0 -0.05056196319)
(0.0127 0 -0.05106257669)
(0.0127 0 -0.05156319018)
(0.0127 0 -0.05206380368)
(0.0127 0 -0.05256441718)
(0.0127 0 -0.05306503067)
(0.0127 0 -0.05356564417)
(0.0127 0 -0.05406625767)
(0.0127 0 -0.05456687117)
(0.01265167267 0.001106877933 -0.02753374233)
(0.01265167267 0.001106877933 -0.02803435583)
(0.01265167267 0.001106877933 -0.02853496933)
(0.01265167267 0.001106877933 -0.02903558282)
(0.01265167267 0.001106877933 -0.02953619632)
(0.01265167267 0.001106877933 -0.03003680982)
(0.01265167267 0.001106877933 -0.03053742331)
(0.01265167267 0.001106877933 -0.03103803681)
(0.01265167267 0.001106877933 -0.03153865031)
(0.01265167267 0.001106877933 -0.0320392638)
(0.01265167267 0.001106877933 -0.0325398773)
(0.01265167267 0.001106877933 -0.0330404908)
(0.01265167267 0.001106877933 -0.03354110429)
(0.01265167267 0.001106877933 -0.03404171779)
(0.01265167267 0.001106877933 -0.03454233129)
(0.01265167267 0.001106877933 -0.03504294479)
(0.01265167267 0.001106877933 -0.03554355828)
(0.01265167267 0.001106877933 -0.03604417178)
(0.01265167267 0.001106877933 -0.03654478528)
(0.01265167267 0.001106877933 -0.03704539877)
(0.01265167267 0.001106877933 -0.03754601227)
(0.01265167267 0.001106877933 -0.03804662577)
(0.01265167267 0.001106877933 -0.03854723926)
(0.01265167267 0.001106877933 -0.03904785276)
(0.01265167267 0.001106877933 -0.03954846626)
(0.01265167267 0.001106877933 -0.04004907975)
(0.01265167267 0.001106877933 -0.04054969325)
(0.01265167267 0.001106877933 -0.04105030675)
(0.01265167267 0.001106877933 -0.04155092025)
(0.01265167267 0.001106877933 -0.04205153374)
(0.01265167267 0.001106877933 -0.04255214724)
(0.01265167267 0.001106877933 -0.04305276074)
(0.01265167267 0.001106877933 -0.04355337423)
(0.01265167267 0.001106877933 -0.04405398773)
(0.01265167267 0.001106877933 -0.04455460123)
(0.01265167267 0.001106877933 -0.04505521472)
(0.01265167267 0.001106877933 -0.04555582822)
(0.01265167267 0.001106877933 -0.04605644172)
(0.01265167267 0.001106877933 -0.04655705521)
(0.01265167267 0.001106877933 -0.04705766871)
(0.01265167267 0.001106877933 -0.04755828221)
(0.01265167267 0.001106877933 -0.04805889571)
(0.01265167267 0.001106877933 -0.0485595092)
(0.01265167267 0.001106877933 -0.0490601227)
(0.01265167267 0.001106877933 -0.0495607362)
(0.01265167267 0.001106877933 -0.05006134969)
(0.01265167267 0.001106877933 -0.05056196319)
(0.01265167267 0.001106877933 -0.05106257669)
(0.01265167267 0.001106877933 -0.05156319018)
(0.01265167267 0.001106877933 -0.05206380368)
(0.01265167267 0.001106877933 -0.05256441718)
(0.01265167267 0.001106877933 -0.05306503067)
(0.01265167267 0.001106877933 -0.05356564417)
(0.01265167267 0.001106877933 -0.05406625767)
(0.0008525547061 0 -0.0521749427)
(0.0008525761656 0 -0.05117738916)
(0.0008527242325 0 -0.0501798662)
(0.0008529467349 0 -0.04918238987)
(0.000853187817 0 -0.04818495635)
(0.0008534114781 0 -0.04718754687)
(0.000853610987 0 -0.04619014094)
(0.0008537959895 0 -0.04519273133)
(0.000853968595 0 -0.04419532711)
(0.0008541109868 0 -0.04319794098)
(0.0008541947956 0 -0.04220057511)
(0.0008542010907 0 -0.04120321899)
(0.0008541336135 0 -0.04020585646)
(0.0008540181762 0 -0.03920847364)
(0.0008538916126 0 -0.038211066)
(0.0008537862887 0 -0.03721364163)
(0.0008537165932 0 -0.0362162157)
(0.0008536757301 0 -0.03521879894)
(0.0008536469636 0 -0.03422138974)
(0.0008536211341 0 -0.03322397547)
(0.0008536070653 0 -0.03222654178)
(0.0008536280283 0 -0.03122908507)
(0.0008537044739 0 -0.03023162025)
(0.01220898519 0 -0.0276895292)
(0.01219837041 0 -0.02817882043)
(0.01220263168 0 -0.02868597847)
(0.01220716043 0 -0.02919298935)
(0.01219700596 0 -0.02968104115)
(0.01219939132 0 -0.03018749344)
(0.01219365089 0 -0.03069258833)
(0.01219392927 0 -0.03118267343)
(0.01219878818 0 -0.03168979246)
(0.01219408003 0 -0.03219552846)
(0.0121957917 0 -0.03268719954)
(0.01220741198 0 -0.03319932222)
(0.01220478976 0 -0.03369340007)
(0.0122105907 0 -0.03418936777)
(0.01221031425 0 -0.03470079678)
(0.01220536349 0 -0.03519477908)
(0.01221025863 0 -0.03569020888)
(0.01220840359 0 -0.03619997395)
(0.01219726248 0 -0.03668925388)
(0.0121996091 0 -0.03719615902)
(0.01219394738 0 -0.03770129383)
(0.01219425372 0 -0.03819138348)
(0.01219908447 0 -0.03869847984)
(0.01219429155 0 -0.03920418132)
(0.01219588429 0 -0.03969582947)
(0.01220737903 0 -0.04020796592)
(0.012204647 0 -0.04070208336)
(0.01221039452 0 -0.04119813834)
(0.01221019025 0 -0.04170971848)
(0.01220545417 0 -0.0422039093)
(0.01221076896 0 -0.04269958764)
(0.01220970456 0 -0.04320959253)
(0.01219993814 0 -0.04369865867)
(0.01220924323 0 -0.04420273861)
(0.01220740169 0 -0.04471309948)
(0.01219708211 0 -0.04520025313)
(0.01219946706 0 -0.04570650318)
(0.01219373651 0 -0.04621163644)
(0.01219399744 0 -0.04670175795)
(0.01219879791 0 -0.04720891272)
(0.01219399361 0 -0.04771467296)
(0.01219557247 0 -0.04820634998)
(0.01220703549 0 -0.04871844547)
(0.01220425118 0 -0.04921248469)
(0.01220991366 0 -0.04970838843)
(0.01220953331 0 -0.05021972936)
(0.01220454595 0 -0.05071363914)
(0.01220945815 0 -0.05120900353)
(0.01220765991 0 -0.05171868769)
(0.01219660124 0 -0.05220791162)
(0.01219905551 0 -0.05271475975)
(0.01219349603 0 -0.05321986648)
(0.01219386271 0 -0.05370999482)
(0.01219867562 0 -0.05421718613)
(0.001704427546 0 -0.05267059137)
(0.001704317201 0 -0.05167286485)
(0.001704522657 0 -0.05067516444)
(0.001704948726 0 -0.04967753898)
(0.001705463281 0 -0.04868000237)
(0.001705954626 0 -0.04768253279)
(0.001706379049 0 -0.0466850863)
(0.001706759706 0 -0.04568762915)
(0.001707130046 0 -0.04469016497)
(0.001707475133 0 -0.04369272313)
(0.001707730605 0 -0.04269532157)
(0.001707831994 0 -0.04169795081)
(0.001707759137 0 -0.04070058615)
(0.001707546676 0 -0.03970319997)
(0.001707269669 0 -0.03870577134)
(0.001707013647 0 -0.03770830175)
(0.001706835609 0 -0.03671081785)
(0.001706737926 0 -0.03571334871)
(0.001706680431 0 -0.03471590212)
(0.001706622807 0 -0.0337184601)
(0.001706561908 0 -0.03272099057)
(0.001706541409 0 -0.03172347033)
(0.00170662776 0 -0.03072590954)
(0.001706854992 0 -0.02972835576)
(0.01163144245 0 -0.02732462343)
(0.01162693814 0 -0.02782434649)
(0.01162652968 0 -0.02832534664)
(0.0116277133 0 -0.02882686963)
(0.0116247039 0 -0.02932620973)
(0.01162373429 0 -0.02982654924)
(0.01162225889 0 -0.03032760468)
(0.01161873208 0 -0.03082823236)
(0.01162150221 0 -0.03132901619)
(0.01162218026 0 -0.03183026489)
(0.01162015599 0 -0.03233148805)
(0.01162528128 0 -0.03283312769)
(0.01162690136 0 -0.03333366138)
(0.01162828195 0 -0.03383379947)
(0.01163185707 0 -0.03433438928)
(0.01162904531 0 -0.03483486291)
(0.01162839322 0 -0.03533490782)
(0.01163051736 0 -0.03583490613)
(0.0116255071 0 -0.0363344656)
(0.01162409003 0 -0.03683520964)
(0.01162282975 0 -0.0373363384)
(0.0116194235 0 -0.0378369864)
(0.01162220224 0 -0.03833772318)
(0.01162277382 0 -0.0388388899)
(0.0116205492 0 -0.03934006289)
(0.01162542055 0 -0.03984170061)
(0.01162679219 0 -0.04034227797)
(0.01162798391 0 -0.04084254255)
(0.01163154751 0 -0.04134338318)
(0.0116290115 0 -0.04184421931)
(0.01162897482 0 -0.04234468722)
(0.01163227255 0 -0.04284541213)
(0.01162918956 0 -0.0433460569)
(0.01162751762 0 -0.04384629287)
(0.0116277133 0 -0.04434661199)
(0.01162469603 0 -0.04484527851)
(0.01162387655 0 -0.04534550436)
(0.01162247962 0 -0.04584661295)
(0.01161895857 0 -0.04634731809)
(0.01162166952 0 -0.04684816342)
(0.01162217835 0 -0.04734947427)
(0.01161990333 0 -0.04785071462)
(0.01162467338 0 -0.04835234549)
(0.01162590146 0 -0.04885280599)
(0.01162688025 0 -0.04935284522)
(0.0116301396 0 -0.04985329543)
(0.01162713954 0 -0.05035364235)
(0.01162645989 0 -0.050853563)
(0.01162865189 0 -0.05135346558)
(0.01162380837 0 -0.05185292273)
(0.0116226033 0 -0.05235358224)
(0.01162162928 0 -0.05285464493)
(0.01161845635 0 -0.05335529536)
(0.01162132141 0 -0.0538561015)
(0.01162183488 0 -0.054357439)
(0.002552442375 0 -0.05316404329)
(0.002551953209 0 -0.05216613253)
(0.002552050852 0 -0.05116819927)
(0.002552630698 0 -0.05017034273)
(0.002553477225 0 -0.04917261655)
(0.002554349333 0 -0.04817502168)
(0.00255509058 0 -0.04717750398)
(0.002555702173 0 -0.04617998384)
(0.002556287438 0 -0.04518242643)
(0.002556894277 0 -0.04418487212)
(0.002557432513 0 -0.04318737236)
(0.002557756631 0 -0.04218992704)
(0.002557784438 0 -0.04119250753)
(0.002557528921 0 -0.04019508709)
(0.00255708459 0 -0.03919762773)
(0.002556605936 0 -0.03820009893)
(0.002556240998 0 -0.03720252613)
(0.002556042775 0 -0.03620496809)
(0.002555952938 0 -0.03520745454)
(0.002555874588 0 -0.03420997011)
(0.002555756541 0 -0.03321246704)
(0.002555636083 0 -0.03221488895)
(0.00255563303 0 -0.03121721794)
(0.002555876304 0 -0.03021950635)
(0.002556377345 0 -0.0292218517)
(0.01097362687 0 -0.02747083641)
(0.01097267816 0 -0.02797160373)
(0.01097235836 0 -0.02847237286)
(0.01097147872 0 -0.02897258253)
(0.01097005304 0 -0.02947291374)
(0.01096880048 0 -0.02997345775)
(0.01096743638 0 -0.03047396787)
(0.01096694843 0 -0.03097490107)
(0.01096777257 0 -0.03147556949)
(0.01096803318 0 -0.03197626955)
(0.01096868181 0 -0.03247750884)
(0.01097051316 0 -0.03297822761)
(0.01097163235 0 -0.03347886784)
(0.01097292268 0 -0.0339795647)
(0.01097338794 0 -0.03447984431)
(0.01097253023 0 -0.03498037105)
(0.01097230823 0 -0.03548086254)
(0.01097183618 0 -0.03598082135)
(0.01097029408 0 -0.03648133732)
(0.01096947782 0 -0.03698195442)
(0.01096842984 0 -0.03748251842)
(0.01096809575 0 -0.03798345955)
(0.01096892008 0 -0.03848410444)
(0.01096901046 0 -0.03898476558)
(0.01096936409 0 -0.03948600257)
(0.010970867 0 -0.03998674956)
(0.01097168203 0 -0.04048747092)
(0.01097280381 0 -0.0409883353)
(0.01097332449 0 -0.04148879585)
(0.01097296647 0 -0.04198954279)
(0.01097359384 0 -0.04249019639)
(0.01097396721 0 -0.04299034)
(0.0109727947 0 -0.04349078876)
(0.0109722172 0 -0.04399127187)
(0.0109713283 0 -0.04449138717)
(0.01097026196 0 -0.04499173268)
(0.01096910485 0 -0.0454923468)
(0.01096795726 0 -0.04599294404)
(0.0109673741 0 -0.04649397721)
(0.01096813005 0 -0.04699473817)
(0.01096794615 0 -0.04749550919)
(0.01096815412 0 -0.04799676734)
(0.01096920283 0 -0.04849744462)
(0.01096966068 0 -0.0489979747)
(0.01097016122 0 -0.04949851749)
(0.01097021797 0 -0.04999863002)
(0.01096903193 0 -0.05049900879)
(0.01096889496 0 -0.05099937332)
(0.01096846725 0 -0.05149922623)
(0.01096727789 0 -0.05199967189)
(0.01096674609 0 -0.05250026327)
(0.01096621267 0 -0.0530007872)
(0.010966069 0 -0.05350167277)
(0.01096702891 0 -0.05400228908)
(0.01096707222 0 -0.05450306146)
(0.003393666923 0 -0.05365321076)
(0.003392415957 0 -0.05265511414)
(0.003392100356 0 -0.05165688979)
(0.003392681959 0 -0.05065870518)
(0.003393887514 0 -0.04966066975)
(0.003395316097 0 -0.04866282937)
(0.003396582702 0 -0.04766516161)
(0.003397529872 0 -0.04666755323)
(0.003398324102 0 -0.04566987746)
(0.00339921331 0 -0.04467214095)
(0.003400162915 0 -0.0436744576)
(0.003400884541 0 -0.04267685897)
(0.003401170696 0 -0.04167928636)
(0.003400996183 0 -0.04068172912)
(0.003400423598 0 -0.03968418661)
(0.003399635754 0 -0.03868656996)
(0.003398944705 0 -0.03768884644)
(0.003398554139 0 -0.03669112329)
(0.003398412213 0 -0.03569348118)
(0.003398338731 0 -0.03469590873)
(0.003398188957 0 -0.03369835263)
(0.003397938816 0 -0.03270071418)
(0.003397730318 0 -0.03170291122)
(0.003397826987 0 -0.03070498438)
(0.003398414484 0 -0.02970706937)
(0.00339938058 0 -0.02870931499)
(0.0103030754 0 -0.02715378814)
(0.01030303562 0 -0.02765464752)
(0.01030250166 0 -0.02815520301)
(0.01030159759 0 -0.02865597143)
(0.0103004594 0 -0.02915621605)
(0.01029911204 0 -0.02965686614)
(0.01029809999 0 -0.03015711528)
(0.0102975057 0 -0.03065779557)
(0.01029749562 0 -0.03115817513)
(0.01029787987 0 -0.0316589146)
(0.01029853201 0 -0.03215943057)
(0.01029933956 0 -0.03266041395)
(0.01030040527 0 -0.03316094299)
(0.01030119387 0 -0.03366183486)
(0.01030162199 0 -0.03416227206)
(0.01030150788 0 -0.0346630154)
(0.01030109988 0 -0.0351634229)
(0.01030061386 0 -0.03566406837)
(0.01030014444 0 -0.03616427356)
(0.01029954155 0 -0.0366649671)
(0.01029919453 0 -0.03716532635)
(0.01029906095 0 -0.03766613309)
(0.01029926592 0 -0.03816658842)
(0.01029962347 0 -0.03866734829)
(0.01030007443 0 -0.03916786551)
(0.01030058837 0 -0.03966886081)
(0.01030134546 0 -0.04016942965)
(0.01030180088 0 -0.04067039634)
(0.01030209531 0 -0.04117094851)
(0.01030221718 0 -0.04167177553)
(0.01030240433 0 -0.0421721604)
(0.0103025134 0 -0.04267283823)
(0.01030242372 0 -0.04317315699)
(0.01030193825 0 -0.04367397516)
(0.01030134004 0 -0.04417432966)
(0.01030047822 0 -0.04467498444)
(0.01029953663 0 -0.04517532011)
(0.01029876998 0 -0.04567602948)
(0.01029840632 0 -0.04617642787)
(0.01029827706 0 -0.0466772918)
(0.01029838874 0 -0.04717776181)
(0.01029831215 0 -0.04767873392)
(0.01029823001 0 -0.04817936446)
(0.01029806073 0 -0.04868022056)
(0.01029770838 0 -0.0491806165)
(0.0102970585 0 -0.04968125613)
(0.01029635303 0 -0.05018142778)
(0.01029561372 0 -0.05068200943)
(0.01029521572 0 -0.05118212537)
(0.01029489603 0 -0.05168262657)
(0.01029469236 0 -0.05218292912)
(0.01029470034 0 -0.05268360672)
(0.01029501706 0 -0.05318391726)
(0.01029545306 0 -0.05368467292)
(0.01029619098 0 -0.05418511113)
(0.01029705132 0 -0.05468606543)
(0.004225643629 0 -0.05413519461)
(0.004223127278 0 -0.05313691384)
(0.004221895767 0 -0.05213834793)
(0.004222150303 0 -0.05113974019)
(0.00422360774 0 -0.05014128051)
(0.004225739943 0 -0.04914304652)
(0.004227879007 0 -0.04814506948)
(0.004229449698 0 -0.04714729425)
(0.004230449247 0 -0.04614949706)
(0.004231491892 0 -0.04515152618)
(0.004232950547 0 -0.04415353695)
(0.004234327963 0 -0.04315569644)
(0.004235058161 0 -0.04215787998)
(0.004235130287 0 -0.04115998205)
(0.004234629024 0 -0.04016217925)
(0.004233516067 0 -0.03916442734)
(0.004232254895 0 -0.03816647323)
(0.004231501542 0 -0.03716842858)
(0.004231271185 0 -0.03617054424)
(0.004231230274 0 -0.03517279382)
(0.004231120035 0 -0.03417511999)
(0.004230775164 0 -0.03317742491)
(0.004230262158 0 -0.03217946106)
(0.004229998572 0 -0.03118122791)
(0.004230422176 0 -0.03018294303)
(0.004231690255 0 -0.02918481393)
(0.009613470389 0 -0.02687391239)
(0.009616348627 0 -0.02737468646)
(0.009613578118 0 -0.02787536974)
(0.00961515936 0 -0.02837617676)
(0.009611243696 0 -0.02887670123)
(0.009612221965 0 -0.02937722428)
(0.009608339255 0 -0.02987751175)
(0.009609966307 0 -0.0303779182)
(0.009607137409 0 -0.03087826785)
(0.009609836389 0 -0.0313788121)
(0.009607996335 0 -0.03187934034)
(0.00961143712 0 -0.03238005299)
(0.009609910926 0 -0.03288073056)
(0.009613304841 0 -0.03338147563)
(0.009611326852 0 -0.03388210257)
(0.009613909751 0 -0.03438280716)
(0.009611044941 0 -0.03488334752)
(0.009612943152 0 -0.03538395179)
(0.009609827952 0 -0.03588436834)
(0.009611950332 0 -0.03638486933)
(0.00960926261 0 -0.03688532702)
(0.009611815928 0 -0.03738594437)
(0.009609534658 0 -0.03788647727)
(0.009612446023 0 -0.03838709765)
(0.009610560196 0 -0.03888762649)
(0.009613872686 0 -0.03938828202)
(0.009612132829 0 -0.0398889381)
(0.009615204118 0 -0.04038975373)
(0.009612875854 0 -0.04089049553)
(0.009615335565 0 -0.04139127079)
(0.009612756541 0 -0.04189179666)
(0.009615282061 0 -0.04239236942)
(0.009612760209 0 -0.04289288062)
(0.009615068192 0 -0.04339356625)
(0.009611940305 0 -0.04389418633)
(0.009613512742 0 -0.04439488506)
(0.009609990651 0 -0.04489534141)
(0.009611665634 0 -0.04539583749)
(0.009608691397 0 -0.04589619424)
(0.009611066985 0 -0.04639669763)
(0.00960856953 0 -0.04689720952)
(0.009611089804 0 -0.04739789783)
(0.009608364378 0 -0.04789856585)
(0.009610269478 0 -0.04839934515)
(0.009606811193 0 -0.04889991827)
(0.009608081105 0 -0.04940051455)
(0.009604278598 0 -0.04990089299)
(0.009605646287 0 -0.05040129874)
(0.00960230836 0 -0.05090157292)
(0.009604314446 0 -0.05140196543)
(0.009601683151 0 -0.05190233876)
(0.009604313263 0 -0.05240284923)
(0.009602286179 0 -0.05290330983)
(0.009605553468 0 -0.0534038667)
(0.009604129817 0 -0.05390443477)
(0.009608070671 0 -0.05440509679)
(0.009607296208 0 -0.05490577259)
(0.005046615883 0 -0.05460636555)
(0.005042358948 0 -0.05360784575)
(0.005039509811 0 -0.05260883385)
(0.00503886931 0 -0.05160971317)
(0.005040294468 0 -0.05061069415)
(0.005043070802 0 -0.04961199573)
(0.005046420601 0 -0.04861352609)
(0.005049234634 0 -0.0476153539)
(0.005050679215 0 -0.04661738469)
(0.005051449799 0 -0.04561920975)
(0.005053199263 0 -0.04462084873)
(0.005055689888 0 -0.0436225614)
(0.005057197052 0 -0.04262451711)
(0.005057448943 0 -0.04162611911)
(0.005057378131 0 -0.04062763781)
(0.005056364765 0 -0.03962955453)
(0.005054141365 0 -0.03863136395)
(0.005052581207 0 -0.03763277296)
(0.00505231884 0 -0.03663436163)
(0.005052321351 0 -0.0356363325)
(0.005052323462 0 -0.03463833045)
(0.005052091337 0 -0.03364059202)
(0.005051183709 0 -0.03264252471)
(0.005050335026 0 -0.03164379806)
(0.00505030201 0 -0.03064494399)
(0.005051450727 0 -0.02964628787)
(0.005053971001 0 -0.02864807547)
(0.008913466334 0 -0.02661226741)
(0.008914741788 0 -0.02712323551)
(0.008914562678 0 -0.0276134796)
(0.008914293403 0 -0.02812440062)
(0.008912141299 0 -0.02861459546)
(0.008910444483 0 -0.0291253153)
(0.008907901862 0 -0.02961533461)
(0.008906788121 0 -0.03012589509)
(0.008905695486 0 -0.03061603102)
(0.008905926607 0 -0.03112682592)
(0.008906244389 0 -0.03161718287)
(0.008907651331 0 -0.03212814548)
(0.00890867046 0 -0.03261858019)
(0.008910128014 0 -0.03312956155)
(0.008910774634 0 -0.033619846)
(0.008911520353 0 -0.03413069928)
(0.008910915443 0 -0.03462085097)
(0.008910482441 0 -0.03513159045)
(0.008909231435 0 -0.03562172893)
(0.008908879755 0 -0.03613246298)
(0.008908363656 0 -0.03662267431)
(0.008908710459 0 -0.03713353854)
(0.008908645054 0 -0.03762389486)
(0.008909326702 0 -0.03813478884)
(0.008909875757 0 -0.03862508452)
(0.008911184596 0 -0.03913592492)
(0.008912292204 0 -0.0396261714)
(0.00891355667 0 -0.04013716883)
(0.008913731139 0 -0.04062756647)
(0.008913895932 0 -0.0411386295)
(0.008913174656 0 -0.04162896722)
(0.008913206475 0 -0.04213980462)
(0.008913080926 0 -0.0426299825)
(0.008913380015 0 -0.04314084837)
(0.008912635316 0 -0.04363110987)
(0.008911862304 0 -0.04414204367)
(0.008910022704 0 -0.04463229246)
(0.008908977645 0 -0.04514299987)
(0.008907908478 0 -0.04563308347)
(0.008907832531 0 -0.04614370078)
(0.008907726499 0 -0.04663382216)
(0.008908051196 0 -0.04714459796)
(0.008907857274 0 -0.04763484386)
(0.008907503147 0 -0.04814574509)
(0.008905976354 0 -0.0486360009)
(0.008904478152 0 -0.04914672794)
(0.008902298976 0 -0.04963685243)
(0.008900657935 0 -0.05014741438)
(0.008898979253 0 -0.05063748835)
(0.008898151411 0 -0.05114804009)
(0.008897612127 0 -0.05163825211)
(0.008897738106 0 -0.05214897425)
(0.008898129143 0 -0.05263934287)
(0.008899102823 0 -0.05315018535)
(0.0089004983 0 -0.05364063637)
(0.008902390755 0 -0.05415158761)
(0.008904680584 0 -0.05464205447)
(0.00585579737 0 -0.05506325119)
(0.005849890394 0 -0.05406428612)
(0.005844473842 0 -0.0530645197)
(0.005842262792 0 -0.05206469667)
(0.005842994098 0 -0.0510650406)
(0.005846406805 0 -0.05006554937)
(0.005850697948 0 -0.0490669487)
(0.005855597264 0 -0.04806788267)
(0.005858575602 0 -0.04706948362)
(0.005858566787 0 -0.04607086154)
(0.005859457121 0 -0.04507261703)
(0.005863157646 0 -0.04407371209)
(0.005867051146 0 -0.04307501659)
(0.005866750381 0 -0.04207650004)
(0.005866750353 0 -0.04107697856)
(0.005867433198 0 -0.04007791339)
(0.005864401122 0 -0.03907917197)
(0.005860431483 0 -0.03808037076)
(0.005860228528 0 -0.03708080106)
(0.005860974307 0 -0.03608211232)
(0.00586037389 0 -0.03508368243)
(0.005861183165 0 -0.03408544275)
(0.005859848277 0 -0.03308779412)
(0.005857812174 0 -0.03208840834)
(0.005857408448 0 -0.03108849673)
(0.005857799797 0 -0.0300888622)
(0.005860519725 0 -0.0290903436)
(0.00586507805 0 -0.02809226658)
(0.008129159386 0 -0.02637860797)
(0.008278325175 0 -0.02687513224)
(0.008131564334 0 -0.02737914169)
(0.008278722344 0 -0.02787547184)
(0.008129702732 0 -0.02837868749)
(0.008274510433 0 -0.02887541019)
(0.008124058355 0 -0.02937869644)
(0.00826937474 0 -0.0298758763)
(0.008120519854 0 -0.03037981471)
(0.008267740641 0 -0.03087719084)
(0.008120294491 0 -0.031381784)
(0.008269080418 0 -0.03187911705)
(0.00812298949 0 -0.03238369257)
(0.008272082847 0 -0.03288064978)
(0.008125677661 0 -0.03338474679)
(0.008274425221 0 -0.03388138411)
(0.008126907262 0 -0.03438477912)
(0.008273703615 0 -0.03488148561)
(0.008124972718 0 -0.035384848)
(0.008271663206 0 -0.03588206153)
(0.008123545698 0 -0.03638597107)
(0.008271145468 0 -0.03688333146)
(0.008123703799 0 -0.03738735033)
(0.008271457043 0 -0.03788473264)
(0.008124687254 0 -0.03838881519)
(0.008273551812 0 -0.03888608358)
(0.008127618862 0 -0.03939020258)
(0.008276979448 0 -0.03988721891)
(0.008130465194 0 -0.04039099204)
(0.008277985109 0 -0.0408881549)
(0.008130039425 0 -0.04139176034)
(0.008276745527 0 -0.04188922814)
(0.0081292392 0 -0.04239298566)
(0.008277252451 0 -0.04289024169)
(0.008129538139 0 -0.04339363336)
(0.008276024405 0 -0.04389085762)
(0.008126601415 0 -0.04439393793)
(0.00827203389 0 -0.04489152793)
(0.008123011732 0 -0.045394817)
(0.008270096499 0 -0.0458923656)
(0.00812236056 0 -0.04639573706)
(0.008270367191 0 -0.04689313204)
(0.008122723172 0 -0.04739637759)
(0.008270376144 0 -0.04789373841)
(0.008121186656 0 -0.04839649627)
(0.008266866995 0 -0.04889401744)
(0.008116559195 0 -0.04939653462)
(0.00826214068 0 -0.04989430748)
(0.008111904771 0 -0.05039709356)
(0.008258393006 0 -0.05089506457)
(0.008109429293 0 -0.05139827236)
(0.008257342328 0 -0.05189629566)
(0.0081095448 0 -0.0523998647)
(0.008258513497 0 -0.05289792482)
(0.008112030663 0 -0.05340189256)
(0.008262194037 0 -0.05389988957)
(0.008116831365 0 -0.05440410626)
(0.008267777657 0 -0.05490182037)
(0.006648604923 0 -0.05450427405)
(0.006638574663 0 -0.05350345353)
(0.006634308639 0 -0.05250247323)
(0.006633778972 0 -0.05150195633)
(0.006636478687 0 -0.0505016938)
(0.006643751091 0 -0.04950158186)
(0.006647142318 0 -0.04850465204)
(0.006657233304 0 -0.04750297005)
(0.00665447987 0 -0.04650372868)
(0.006654549989 0 -0.04550495823)
(0.006655358514 0 -0.04450837261)
(0.006665600275 0 -0.04350767497)
(0.006667062801 0 -0.04250678302)
(0.006661161389 0 -0.0415095739)
(0.006667306195 0 -0.04050844768)
(0.006665732112 0 -0.03950694286)
(0.006657855361 0 -0.03850765281)
(0.006653218522 0 -0.03751003585)
(0.006659982951 0 -0.03650717339)
(0.006656745086 0 -0.03550796094)
(0.0066574012 0 -0.03451084434)
(0.006660596617 0 -0.03351059975)
(0.00665215972 0 -0.03251425752)
(0.006653728095 0 -0.03151117176)
(0.006652373947 0 -0.03050953826)
(0.006654671455 0 -0.02950993105)
(0.006659922392 0 -0.02851371186)
(0.006667479639 0 -0.02751431266)
(0.007463399844 0 -0.02691703207)
(0.007461987959 0 -0.02791595044)
(0.007456629091 0 -0.02891259451)
(0.007451258238 0 -0.02991273865)
(0.007450895763 0 -0.03091465097)
(0.007451398785 0 -0.03191849425)
(0.007453944138 0 -0.03291908614)
(0.007457199034 0 -0.03391932715)
(0.007455809082 0 -0.03491711397)
(0.007454987804 0 -0.03591766462)
(0.007454173751 0 -0.03691972274)
(0.007453148338 0 -0.03792018534)
(0.007457082102 0 -0.03892128157)
(0.007461821645 0 -0.03992338623)
(0.007462112517 0 -0.04092328546)
(0.007459993891 0 -0.04192298783)
(0.007462047158 0 -0.04292476309)
(0.007459456766 0 -0.04392423311)
(0.007453440576 0 -0.04492322215)
(0.007452127605 0 -0.04592368727)
(0.007452706863 0 -0.04692421025)
(0.007452720297 0 -0.0479247722)
(0.007446322968 0 -0.04892311338)
(0.007441982695 0 -0.04992199292)
(0.007437631796 0 -0.05092293064)
(0.007436444844 0 -0.05192458946)
(0.007438031281 0 -0.05292679484)
(0.00744348023 0 -0.05392985246)
(0.007449317114 0 -0.05493297489)
(0.01220764219 0.0010680303 -0.02779083693)
(0.01219809479 0.001067195011 -0.02879764353)
(0.01217125536 0.001064846865 -0.02980578455)
(0.01221623142 0.00106878176 -0.03079976158)
(0.01220786958 0.001068050194 -0.03179424495)
(0.01222203485 0.001069289495 -0.03279201058)
(0.01220708291 0.00106798137 -0.03377196816)
(0.012190943 0.00106656931 -0.03477780596)
(0.01217652204 0.00106530764 -0.03577974414)
(0.01217428484 0.00106511191 -0.0368116672)
(0.0122165821 0.001068812441 -0.03781909406)
(0.01221121645 0.001068343007 -0.03880539097)
(0.01226316895 0.001072888262 -0.03978740842)
(0.01219127266 0.001066598152 -0.04077105469)
(0.01218192879 0.001065780669 -0.04177480985)
(0.01218041265 0.001065648024 -0.04278574464)
(0.01216782546 0.001064546787 -0.0437985041)
(0.01217695032 0.001065345109 -0.04481052731)
(0.01218804581 0.001066315839 -0.04580843625)
(0.0121895445 0.001066446958 -0.04681948447)
(0.01222501516 0.001069550238 -0.04781364559)
(0.01218815011 0.001066324964 -0.04880731033)
(0.01217570899 0.001065236507 -0.04979868301)
(0.01219197986 0.001066660023 -0.0508122867)
(0.01217492094 0.001065167562 -0.05182809452)
(0.01217161703 0.001064878507 -0.05282327279)
(0.01219612133 0.001067022356 -0.05383270801)
(0.000870836061 7.618828313e-05 -0.05217400201)
(0.0008779400807 7.680980431e-05 -0.05018173036)
(0.000878685647 7.687503291e-05 -0.04818987693)
(0.0008754645574 7.659322409e-05 -0.04619487987)
(0.0008745856897 7.651633313e-05 -0.04419875446)
(0.0008721543116 7.630361511e-05 -0.04220449349)
(0.0008664635351 7.580573668e-05 -0.0402100777)
(0.000863207753 7.552089266e-05 -0.03821448199)
(0.000864365264 7.562216175e-05 -0.03621903225)
(0.0008681439612 7.595275491e-05 -0.03422424304)
(0.0008720499826 7.62944875e-05 -0.03222967112)
(0.0008760036362 7.664038737e-05 -0.0302348121)
(0.01220153388 0.001067495892 -0.02728100601)
(0.01220699292 0.001067973497 -0.02829326304)
(0.01217980493 0.001065594855 -0.0293102075)
(0.01218276157 0.001065853528 -0.03029863892)
(0.01222263201 0.001069341739 -0.03130138594)
(0.01222979594 0.001069968502 -0.03228786662)
(0.0121891834 0.001066415365 -0.03328204821)
(0.01221016352 0.001068250888 -0.0342754598)
(0.01218262717 0.00106584177 -0.03527952078)
(0.01217067988 0.001064796517 -0.03629831213)
(0.01218578546 0.001066118084 -0.03732479709)
(0.01222316052 0.001069387978 -0.03832251927)
(0.01224653052 0.001071432588 -0.03929371355)
(0.01221598714 0.001068760388 -0.04028965327)
(0.01219024732 0.001066508446 -0.04126915036)
(0.01218135727 0.001065730667 -0.04228005401)
(0.0121719386 0.001064906641 -0.0432992312)
(0.01217294718 0.00106499488 -0.04429724207)
(0.01218114182 0.001065711818 -0.04530808179)
(0.01218972467 0.00106646272 -0.04632539636)
(0.0121989073 0.001067266096 -0.04732084146)
(0.01222243555 0.001069324552 -0.04831381792)
(0.01217242431 0.001064949135 -0.04930814116)
(0.01218788793 0.001066302026 -0.05030944036)
(0.01218906057 0.001066404619 -0.05131517544)
(0.01216805776 0.001064567111 -0.05232406552)
(0.01218085371 0.001065686611 -0.0533381153)
(0.01221885739 0.001069011503 -0.05432711264)
(0.0008752358152 7.657321174e-05 -0.05117735342)
(0.0008798608999 7.697785422e-05 -0.04918597102)
(0.0008775036945 7.677162547e-05 -0.04719280949)
(0.0008751977592 7.656988227e-05 -0.04519674251)
(0.0008742187267 7.648422803e-05 -0.04320149393)
(0.0008697052893 7.608935343e-05 -0.04120756109)
(0.0008643575462 7.562148653e-05 -0.03921235911)
(0.0008634207854 7.553953057e-05 -0.03721670005)
(0.0008662554949 7.578753552e-05 -0.035221512)
(0.0008704335046 7.6153064e-05 -0.0332269703)
(0.0008743875087 7.649899454e-05 -0.03123218904)
(0.0008783473199 7.684543313e-05 -0.02923778611)
(0.01161384504 0.001016079781 -0.02754286152)
(0.01165230467 0.001019444563 -0.02856277734)
(0.01155284706 0.001010743149 -0.02957750546)
(0.01158333744 0.001013410711 -0.03060971397)
(0.01159785901 0.001014681184 -0.03155131867)
(0.01175670513 0.00102857842 -0.03253503237)
(0.0115322465 0.001008940834 -0.03351736484)
(0.01158251376 0.001013338649 -0.03447088007)
(0.01158438555 0.00101350241 -0.03552280494)
(0.01149569416 0.001005742918 -0.03657567031)
(0.01157730244 0.001012882718 -0.03763228009)
(0.01162176218 0.001016772441 -0.0385887422)
(0.01180041486 0.001032402525 -0.03954906594)
(0.0114229209 0.0009993760829 -0.04043265546)
(0.01154766203 0.001010289518 -0.04145522766)
(0.01159540322 0.001014466331 -0.04251304485)
(0.01154720381 0.001010249429 -0.04353259718)
(0.01155035116 0.001010524786 -0.04455680179)
(0.0115951101 0.001014440686 -0.04556903015)
(0.01159775957 0.001014672485 -0.046603406)
(0.0116060374 0.001015396701 -0.04760967757)
(0.01158933949 0.001013935823 -0.048526249)
(0.01154145864 0.001009746791 -0.04954012817)
(0.0116193712 0.001016563258 -0.05055133096)
(0.01156241184 0.001011579959 -0.05157465365)
(0.01154702697 0.001010233957 -0.05259394582)
(0.01158962132 0.00101396048 -0.05362664561)
(0.00174664469 0.0001528116096 -0.0516730269)
(0.001760224296 0.0001539996711 -0.04968443995)
(0.001756865577 0.0001537058213 -0.04769404104)
(0.001750062071 0.0001531105917 -0.04569714843)
(0.001750142845 0.0001531176585 -0.0436996371)
(0.001743243074 0.0001525140068 -0.0417064119)
(0.001730130019 0.0001513667631 -0.03971157781)
(0.001725865365 0.0001509936542 -0.03771569832)
(0.001730238427 0.0001513762475 -0.03572027863)
(0.001738860477 0.0001521305792 -0.0337260841)
(0.00174650311 0.000152799223 -0.03173150417)
(0.001755172099 0.0001535576612 -0.02973636096)
(0.0116622831 0.001020317562 -0.02803905646)
(0.0115754391 0.001012719696 -0.02906789039)
(0.01155294425 0.001010751652 -0.03009638956)
(0.01173167687 0.00102638873 -0.03107384932)
(0.01161880481 0.001016513704 -0.03206121062)
(0.01156806535 0.001012074577 -0.03300535275)
(0.01170558015 0.001024105563 -0.03400022529)
(0.01160517786 0.001015321501 -0.03498851869)
(0.01151004512 0.001006998465 -0.03604233024)
(0.01153019814 0.001008761625 -0.03710935942)
(0.01173867796 0.001027001247 -0.03810055934)
(0.01163669232 0.001018078659 -0.03910765299)
(0.01174804799 0.001027821018 -0.03999206897)
(0.01164881238 0.001019139027 -0.04096467315)
(0.01159437513 0.001014376384 -0.04197823113)
(0.01155026525 0.00101051727 -0.04302022675)
(0.0115502815 0.001010518692 -0.04404702536)
(0.01157184606 0.001012405346 -0.04506278006)
(0.0115966865 0.001014578603 -0.04608719243)
(0.01157818925 0.001012960303 -0.04711219843)
(0.0117427996 0.001027361843 -0.04806713572)
(0.0115379004 0.001009435485 -0.04902804281)
(0.01156056504 0.001011418385 -0.05004911282)
(0.0116202938 0.001016643974 -0.0510735079)
(0.01154397169 0.001009966655 -0.05208370794)
(0.0115512025 0.001010599269 -0.05311545074)
(0.01164812745 0.001019079103 -0.05412515195)
(0.00173827473 0.0001520793329 -0.05266883719)
(0.001756052346 0.0001536346728 -0.05067822679)
(0.001761830759 0.0001541402184 -0.04869003386)
(0.001753539313 0.000153414811 -0.04669625829)
(0.001750451445 0.0001531446575 -0.04469808147)
(0.001747840174 0.0001529162008 -0.04270283084)
(0.001736118547 0.0001518906914 -0.04070930161)
(0.001726630546 0.0001510605989 -0.03871358869)
(0.001727299337 0.0001511191105 -0.03671784433)
(0.001734833576 0.000151778271 -0.03472304107)
(0.00174332631 0.000152521289 -0.032728984)
(0.001751386252 0.0001532264425 -0.03073386565)
(0.001759743803 0.0001539576335 -0.0287402887)
(0.002607927468 0.0002281640887 -0.03422606654)
(0.01083388555 0.0009478421679 -0.05347185615)
(0.002592926777 0.0002268516984 -0.03621949402)
(0.01078620294 0.0009436704795 -0.02931479603)
(0.002620686408 0.0002292803514 -0.03223255921)
(0.01091370701 0.0009548256407 -0.02782176015)
(0.01088440591 0.0009522621266 -0.02877768118)
(0.01096373233 0.000959202289 -0.03519520134)
(0.01073280913 0.0009389991268 -0.03629039696)
(0.01087074622 0.0009510670582 -0.03394863939)
(0.01092710218 0.0009559975656 -0.03114560605)
(0.01085520953 0.0009497077742 -0.03463843487)
(0.01084238971 0.0009485861849 -0.04533669486)
(0.01091311583 0.000954773919 -0.04638895006)
(0.01096080955 0.0009589465788 -0.03820181499)
(0.01078762656 0.0009437950304 -0.04094604686)
(0.01081439244 0.000946136741 -0.04268819356)
(0.01076356984 0.0009416903405 -0.05236382544)
(0.01078866061 0.000943885498 -0.04377693655)
(0.010799648 0.00094484677 -0.04482619407)
(0.01094840398 0.000957861232 -0.04807338735)
(0.01091208303 0.0009546835606 -0.04584758222)
(0.01077723458 0.0009428858498 -0.04980821193)
(0.01100221146 0.0009625687767 -0.05081390659)
(0.01077420308 0.000942620628 -0.05181945237)
(0.01080500359 0.0009453153238 -0.05290964347)
(0.00263068741 0.0002301553257 -0.04619994035)
(0.002628933314 0.0002300018622 -0.04419798917)
(0.002633920171 0.0002304381556 -0.0302362094)
(0.002601295471 0.0002275838642 -0.0531625479)
(0.002633695748 0.0002304185211 -0.05117367298)
(0.002651891316 0.0002320104271 -0.0491900856)
(0.002636223434 0.000230639665 -0.04719907522)
(0.002627670217 0.0002298913555 -0.04519902198)
(0.002623845693 0.000229556753 -0.04220381228)
(0.002599765935 0.0002274500471 -0.04020990535)
(0.002588275226 0.0002264447403 -0.0382147136)
(0.0025886296 0.000226475744 -0.03721704429)
(0.002599445851 0.0002274220434 -0.03522254658)
(0.002614271224 0.0002287190955 -0.03322947292)
(0.002626566175 0.0002297947643 -0.03123460982)
(0.002595731369 0.0002270970684 -0.05415975898)
(0.002644490847 0.0002313629699 -0.02923966806)
(0.01083696198 0.0009481113202 -0.05033746966)
(0.01078627986 0.0009436772098 -0.04323272843)
(0.01078167397 0.0009432742465 -0.03570931139)
(0.01083574729 0.0009480050486 -0.05129480629)
(0.010791795 0.0009441597213 -0.04430935937)
(0.01079948975 0.0009448329248 -0.0416383161)
(0.01049791737 0.0009184487607 -0.0401872999)
(0.0108559727 0.0009497745427 -0.04691667685)
(0.01087903502 0.0009517922348 -0.05400809656)
(0.01075716223 0.0009411297472 -0.03690125629)
(0.01086064559 0.0009501833678 -0.02731013176)
(0.01080505957 0.0009453202215 -0.02987813882)
(0.01104234286 0.0009660798186 -0.03251470475)
(0.01083192396 0.0009476705506 -0.03049333038)
(0.01086914536 0.0009509270013 -0.03185281032)
(0.01063346539 0.0009303076757 -0.03316967841)
(0.0108183564 0.000946483543 -0.0375271354)
(0.01092818333 0.0009560921547 -0.03894252137)
(0.01096266906 0.0009591092647 -0.04219002273)
(0.0108045497 0.0009452756134 -0.04867482962)
(0.01085143883 0.0009493778809 -0.04747361726)
(0.01076507789 0.000941822277 -0.04925150224)
(0.002631166191 0.0002301972136 -0.04319985912)
(0.002615829956 0.0002288554669 -0.05216677036)
(0.002646715397 0.0002315575928 -0.05018200786)
(0.0026477685 0.0002316497274 -0.04819617155)
(0.002612108844 0.0002285299117 -0.04120742983)
(0.00259144444 0.0002267220107 -0.03921221802)
(0.01107492904 0.0009689307401 -0.02829905416)
(0.01017582376 0.0008902692207 -0.05328451907)
(0.003462739251 0.0003029504292 -0.03572275254)
(0.01032124956 0.0009029923297 -0.04613658667)
(0.00351088122 0.0003071623058 -0.04570439921)
(0.009792634993 0.0008567445479 -0.04066076967)
(0.00345882583 0.0003026080492 -0.03970879077)
(0.003536646145 0.0003094164446 -0.04770368732)
(0.01014470996 0.0008875471159 -0.04566082658)
(0.003475986141 0.000304109382 -0.04070559198)
(0.01112631009 0.0009734260001 -0.0396705779)
(0.01004987127 0.0008792498056 -0.02890333636)
(0.01015969489 0.000888858128 -0.05083386158)
(0.01020807179 0.000893090558 -0.03236811882)
(0.009828879791 0.0008599155569 -0.03371178149)
(0.0101002508 0.0008836574434 -0.02765070346)
(0.003503944238 0.0003065553984 -0.03173859584)
(0.009989684907 0.0008739841816 -0.03657122586)
(0.009987999035 0.0008738366868 -0.05272749757)
(0.01003162772 0.0008776537026 -0.04284609706)
(0.003488804829 0.0003052308718 -0.03373199969)
(0.003520154993 0.0003079736557 -0.04269808005)
(0.003553753851 0.0003109131749 -0.04869899443)
(0.00346138065 0.000302831567 -0.05464668224)
(0.003507682575 0.0003068824606 -0.05166826266)
(0.01005920118 0.0008800660672 -0.03157466698)
(0.003477337497 0.0003042276102 -0.05265947137)
(0.003557518055 0.0003112425001 -0.04969055982)
(0.003500763726 0.0003062771398 -0.04170297905)
(0.003449670818 0.0003018070895 -0.0377163606)
(0.003475235539 0.0003040437127 -0.03472756395)
(0.003496829536 0.0003059329427 -0.0327353753)
(0.003460020953 0.0003027126089 -0.05365373257)
(0.003549246085 0.0003105187965 -0.02874589162)
(0.01017529828 0.0008902232479 -0.0386844029)
(0.01028328332 0.0008996707142 -0.03943686607)
(0.003452692402 0.0003020714438 -0.03671915378)
(0.003517837698 0.0003077709187 -0.04670517409)
(0.003531369307 0.000308954781 -0.0297410897)
(0.009967573754 0.0008720497063 -0.03586177508)
(0.003520365645 0.0003079920854 -0.04369634845)
(0.009981700753 0.0008732856586 -0.05211633399)
(0.01004288568 0.0008786386457 -0.04835572033)
(0.01004260721 0.0008786142829 -0.0451443124)
(0.003451872863 0.0003019997434 -0.03871282909)
(0.009580839189 0.0008382148161 -0.03991187067)
(0.009993318882 0.0008743021132 -0.02958670369)
(0.01013883089 0.000887032764 -0.02691301229)
(0.01003234422 0.0008777163876 -0.03084023882)
(0.0101251795 0.0008858384228 -0.0379679556)
(0.01015263047 0.0008882400707 -0.03020042918)
(0.01005384418 0.0008795973904 -0.03726711709)
(0.01012784643 0.0008860717484 -0.04215996536)
(0.01001682733 0.0008763588361 -0.04460498084)
(0.01009969293 0.0008836086368 -0.04777479249)
(0.01003227513 0.000877710343 -0.05019322938)
(0.01005361823 0.0008795776227 -0.04346310235)
(0.0100555543 0.0008797470065 -0.04405485956)
(0.003510730782 0.0003071491441 -0.04469991783)
(0.01013864128 0.0008870161753 -0.0466339883)
(0.003541558322 0.0003098462044 -0.05067910233)
(0.003515608272 0.0003075758692 -0.03074043285)
(0.009996225673 0.0008745564244 -0.05394406215)
(0.01003495431 0.0008779447414 -0.05147920146)
(0.01013141899 0.0008863843074 -0.03438644309)
(0.009532743368 0.000834006977 -0.03291394803)
(0.009251145623 0.0008093703666 -0.03019152957)
(0.009246228384 0.000808940164 -0.04320921728)
(0.009998668111 0.0008747701101 -0.04895699402)
(0.009325635687 0.0008158874028 -0.0455788696)
(0.009998903993 0.0008747907471 -0.04957154724)
(0.004341797874 0.0003798580933 -0.03523055911)
(0.009965305091 0.0008718512241 -0.0414075408)
(0.004309999528 0.0003770760985 -0.03721922881)
(0.009186693911 0.0008037315725 -0.02923477991)
(0.009073915002 0.0007938646964 -0.04111599024)
(0.01039018477 0.0009090233789 -0.05459997338)
(0.009222183662 0.0008068365233 -0.05055618579)
(0.004330371599 0.0003788584238 -0.0401988225)
(0.004395338007 0.000384542248 -0.0452121721)
(0.01034585187 0.000905144753 -0.02828220942)
(0.009161436126 0.0008015218027 -0.02666976399)
(0.009026000849 0.0007896727512 -0.0525587852)
(0.004318801741 0.0003778461924 -0.05413630319)
(0.00438105633 0.0003832927631 -0.03324120771)
(0.0101133074 0.0008847997485 -0.0351220145)
(0.009232368472 0.0008077275788 -0.04495615751)
(0.01009490499 0.0008831897462 -0.04717677787)
(0.009115662213 0.0007975171041 -0.0354068937)
(0.004482717744 0.0003921869844 -0.05019373133)
(0.004370666753 0.000382383793 -0.05216385087)
(0.004334100746 0.0003791846818 -0.05512156901)
(0.004365029262 0.0003818905764 -0.04119533362)
(0.00436230107 0.0003816518905 -0.0342391814)
(0.004325895873 0.0003784668484 -0.05314976164)
(0.004479258707 0.0003918843579 -0.02825661502)
(0.009360945437 0.0008189766056 -0.02830603238)
(0.009285626512 0.0008123870535 -0.03204275815)
(0.004464362998 0.0003905811522 -0.04820824682)
(0.004311733595 0.0003772278097 -0.03821500304)
(0.009436601751 0.0008255956754 -0.03915037889)
(0.004419033246 0.0003866153128 -0.04219070615)
(0.004395067311 0.0003845185652 -0.03125091074)
(0.004433495514 0.0003878805972 -0.0511797775)
(0.004318412003 0.0003778120947 -0.03920835196)
(0.009532832324 0.0008340147597 -0.05472592367)
(0.004320746267 0.0003780163164 -0.03622289026)
(0.004402100134 0.0003851338574 -0.04621375925)
(0.004458321674 0.0003900526049 -0.02925370238)
(0.00443433445 0.0003879539947 -0.04318802461)
(0.009182745132 0.0008033860991 -0.04861715817)
(0.008841958878 0.0007735711652 -0.04038947713)
(0.0092232983 0.0008069340416 -0.02743337851)
(0.009167879269 0.0008020855046 -0.03114144318)
(0.004418848836 0.000386599179 -0.03025132247)
(0.009373824268 0.0008201033574 -0.0383997821)
(0.0092216301 0.0008067880929 -0.04254988999)
(0.009392046402 0.0008216975875 -0.05332365286)
(0.009408247991 0.0008231150429 -0.04378192227)
(0.009245014333 0.0008088339483 -0.04799902584)
(0.009142705384 0.0007998830751 -0.03450092603)
(0.004408492751 0.0003856931389 -0.04419937198)
(0.009248917895 0.0008091754657 -0.04434279835)
(0.00958033292 0.0008381705233 -0.04616788378)
(0.004489041169 0.0003927402124 -0.04920318827)
(0.004389028204 0.0003839902118 -0.0322458422)
(0.009284564064 0.0008122941014 -0.05183942929)
(0.009207026707 0.0008055104616 -0.05120110818)
(0.009167145471 0.0008020213056 -0.03621333387)
(0.008808922233 0.0007706808333 -0.03354765863)
(0.00442886038 0.0003874750756 -0.04721182251)
(0.009298372853 0.0008135022139 -0.03694490241)
(0.009239277614 0.0008083320504 -0.04990521497)
(0.00800392762 0.0007002529304 -0.03417706248)
(0.009221007965 0.0008067336632 -0.04925136804)
(0.00528452538 0.0004623360629 -0.0307700681)
(0.008268804329 0.0007234266397 -0.02968373823)
(0.005161563863 0.0004515783241 -0.05363023074)
(0.005307464732 0.0004643429961 -0.05169701826)
(0.009216680753 0.0008063550813 -0.04185942426)
(0.005278917918 0.0004618454735 -0.04473047674)
(0.005296437145 0.0004633782073 -0.04166556083)
(0.005167092232 0.0004520619937 -0.03771901531)
(0.009368998466 0.0008196811544 -0.03767629779)
(0.008467130878 0.0007407779644 -0.04538714792)
(0.008582211722 0.0007508462336 -0.03881088343)
(0.008407842311 0.0007355908869 -0.05019744826)
(0.005255333057 0.0004597820655 -0.03375989069)
(0.005190736718 0.0004541306182 -0.03969879301)
(0.005190907582 0.0004541455668 -0.05460068944)
(0.008456540614 0.0007398514363 -0.04158085644)
(0.005197925487 0.000454759554 -0.0406727254)
(0.005373865133 0.0004701522785 -0.04771359372)
(0.005240430247 0.0004584782386 -0.03475118067)
(0.008372500304 0.000732498862 -0.02790143695)
(0.008265103055 0.0007231028201 -0.02708348847)
(0.005433441774 0.0004753645592 -0.02776131717)
(0.00854157517 0.000747290996 -0.03261226082)
(0.005202990705 0.0004552027031 -0.05266014087)
(0.008361936181 0.000731574621 -0.02876957189)
(0.005437369888 0.0004757082246 -0.02877847043)
(0.008665224505 0.0007581089111 -0.03961087646)
(0.00528373379 0.0004622668077 -0.03176456124)
(0.005180819459 0.0004532629704 -0.03871070376)
(0.00520278386 0.0004551846065 -0.0357310461)
(0.005290979634 0.0004629007369 -0.04573226071)
(0.005474381933 0.0004789463589 -0.04971648391)
(0.005430453613 0.000475103129 -0.04870706081)
(0.00540217733 0.0004726292748 -0.04265894075)
(0.008231274428 0.0007201431988 -0.03595262813)
(0.008449708251 0.000739253682 -0.05338177589)
(0.007896327279 0.0006908391204 -0.05263625217)
(0.005321490152 0.0004655700613 -0.04672037124)
(0.008110488789 0.0007095758247 -0.04092909844)
(0.007830736911 0.0006851007067 -0.03324335081)
(0.005339786206 0.0004671707587 -0.04369209559)
(0.008649265742 0.0007567127002 -0.04612271171)
(0.008595289597 0.0007519903995 -0.0380460891)
(0.008967961555 0.000784594971 -0.05408693753)
(0.008108937397 0.0007094400955 -0.03508400167)
(0.008326473516 0.0007284720398 -0.04818352808)
(0.009187803086 0.0008038286128 -0.04679019727)
(0.008336370297 0.000729337896 -0.05092716053)
(0.008557675412 0.0007486995847 -0.05496343308)
(0.008449257785 0.0007392142714 -0.03672230495)
(0.005367294875 0.0004695774554 -0.0297924971)
(0.009410331104 0.0008232972916 -0.04742281608)
(0.008468771987 0.0007409215428 -0.04461391306)
(0.005300040531 0.0004636934627 -0.03274909396)
(0.005169138048 0.0004522409794 -0.0367221219)
(0.008305937823 0.0007266753994 -0.03164475511)
(0.00542472997 0.0004746023751 -0.0507137362)
(0.008533563028 0.0007465900244 -0.04956494118)
(0.008335470725 0.0007292591935 -0.04892456527)
(0.006128292812 0.0005361561478 -0.04427374123)
(0.007505746662 0.0006566677442 -0.05350174075)
(0.006457274353 0.0005649383031 -0.04919607939)
(0.006032975629 0.0005278169748 -0.03622173186)
(0.008359204723 0.0007313356493 -0.0422705434)
(0.006054003391 0.0005296566656 -0.03921159857)
(0.006360621831 0.0005564823032 -0.02938385255)
(0.007385505074 0.0006461479684 -0.04583023526)
(0.008220373749 0.000719189513 -0.03065084274)
(0.008707856446 0.0007618387226 -0.03736581728)
(0.006144081844 0.0005375375091 -0.03428498321)
(0.008379234507 0.0007330880284 -0.04300484277)
(0.007117437038 0.0006226950542 -0.03579758495)
(0.006260234933 0.0005476995876 -0.03038666999)
(0.005997401232 0.0005247046184 -0.05408222419)
(0.008542107869 0.0007473376012 -0.04380510359)
(0.00796180109 0.0006965673367 -0.05427554869)
(0.007527727477 0.0006585908163 -0.0322668936)
(0.007089858251 0.000620282223 -0.03476798336)
(0.007369948276 0.000644786925 -0.02753804871)
(0.006314230233 0.0005524235643 -0.05130775191)
(0.006342663209 0.0005549111274 -0.03221135648)
(0.006267238372 0.0005483123091 -0.04722012395)
(0.006571039043 0.0005748914239 -0.0502727984)
(0.006134982269 0.0005367413995 -0.05223645473)
(0.006072494515 0.0005312744294 -0.04019548464)
(0.008311045172 0.0007271222346 -0.05176781197)
(0.006001534089 0.0005250661966 -0.03722322808)
(0.006081232059 0.0005320388655 -0.03127375905)
(0.006049554502 0.0005292674383 -0.03820617405)
(0.006139777834 0.000537160957 -0.03330236918)
(0.006025857233 0.0005271941959 -0.04109193952)
(0.006366015327 0.0005569541729 -0.02722032315)
(0.006140754898 0.0005372464391 -0.03526447119)
(0.006177086582 0.0005404250496 -0.04528141355)
(0.008018731956 0.000701548142 -0.04675792853)
(0.007582795361 0.0006634086319 -0.0417018262)
(0.005986968201 0.0005237918465 -0.05314320502)
(0.006380451103 0.0005582171397 -0.04818147357)
(0.006453532648 0.0005646109464 -0.04199386668)
(0.007387279326 0.0006463031954 -0.04860587854)
(0.006901069031 0.0006037653064 -0.05279903226)
(0.007261075478 0.0006352617894 -0.0300775739)
(0.006528075157 0.0005711325709 -0.02829199659)
(0.007754718405 0.0006784499493 -0.03832968269)
(0.007558628684 0.0006612943217 -0.03669382317)
(0.008563110359 0.000749175081 -0.04744374197)
(0.007608473145 0.0006656551469 -0.05039945438)
(0.007145610611 0.0006251599224 -0.05196631696)
(0.006918637824 0.0006053023766 -0.04397293052)
(0.007755157513 0.0006784883663 -0.04500940995)
(0.007155955264 0.0006260649623 -0.03121076749)
(0.007578672544 0.0006630479322 -0.02831552925)
(0.00643157226 0.0005626896614 -0.04317976759)
(0.006230134628 0.0005450661522 -0.04623176196)
(0.007866392859 0.000688220198 -0.04012646269)
(0.007366348299 0.0006444719678 -0.02911491126)
(0.007413432455 0.0006485912977 -0.04761100113)
(0.006675129864 0.0005839981906 -0.05358147569)
(0.007349022932 0.0006429561945 -0.0511388998)
(0.007026857961 0.0006147704118 -0.03382863479)
(0.007765818489 0.0006794210808 -0.03923126452)
(0.006905194451 0.0006041262339 -0.03872433836)
(0.006966114232 0.0006094560241 -0.03296132607)
(0.007564670478 0.0006618229101 -0.04343605463)
(0.00742600483 0.0006496912379 -0.04259088154)
(0.006954928133 0.0006084773673 -0.05436453406)
(0.007690155985 0.0006728014694 -0.04424864499)
(0.007057943946 0.0006174900831 -0.04672520124)
(0.007013927016 0.0006136391007 -0.04082971517)
(0.0075798614 0.0006631519436 -0.04956135243)
(0.006721652126 0.0005880683612 -0.03671948113)
(0.006969360407 0.0006097400276 -0.03764256011)
(0.006935696556 0.0006067948223 -0.03973868327)
(0.00793538532 0.0006942562562 -0.03746893417)
(0.006944959093 0.0006076051892 -0.04480718327)
(0.01268767103 0.0005594673857 -0.02779729621)
(0.01268887979 0.0005313471282 -0.02878758813)
(0.01268873233 0.0005348568355 -0.02978514552)
(0.01268811206 0.0005493744856 -0.03079997621)
(0.01268747431 0.0005639109051 -0.03178565029)
(0.01268772979 0.0005581333023 -0.03279830762)
(0.01268786131 0.0005551353943 -0.03380351368)
(0.01268739604 0.000565669208 -0.03480193668)
(0.01268887267 0.0005315170528 -0.03579574732)
(0.01268871885 0.0005351764649 -0.03679365819)
(0.01268753332 0.0005625818457 -0.03780866083)
(0.01268745706 0.0005642989357 -0.03879426739)
(0.01268773298 0.0005580607557 -0.0398067508)
(0.01268797219 0.0005525954292 -0.0408107056)
(0.01268749917 0.0005633514719 -0.04179755278)
(0.01268887297 0.0005315098458 -0.04280856763)
(0.01268872307 0.0005350764203 -0.04380284756)
(0.01268766571 0.0005595879917 -0.04481814892)
(0.01268869014 0.0005358569211 -0.04580865432)
(0.01268763967 0.0005601780966 -0.04681285273)
(0.01268796845 0.0005526813137 -0.0478190306)
(0.0126874725 0.000563951742 -0.04880616937)
(0.0126878437 0.0005555377679 -0.04981792048)
(0.01268869679 0.0005356994446 -0.05081163559)
(0.0126876701 0.0005594884538 -0.0518268283)
(0.01268885482 0.0005319429956 -0.05281777691)
(0.01268780685 0.0005563787951 -0.05382167913)
(0.01268851602 0.0005399640644 -0.02827428899)
(0.01268889464 0.0005309923112 -0.0292785907)
(0.01268902096 0.000527964967 -0.0302898995)
(0.01268791263 0.0005539611811 -0.03127564497)
(0.01268834824 0.0005438924825 -0.03229129713)
(0.012688135 0.0005488443757 -0.03328906236)
(0.01268729559 0.0005679178867 -0.03428297017)
(0.01268846361 0.0005411943249 -0.03528152886)
(0.01268889079 0.0005310843315 -0.03628702125)
(0.01268893939 0.0005299218805 -0.03729839057)
(0.01268780399 0.0005564440805 -0.03828435846)
(0.01268834608 0.0005439428653 -0.03929985235)
(0.01268815128 0.0005484679348 -0.04029721788)
(0.0126878899 0.0005544816864 -0.04128733538)
(0.01268852317 0.0005397960106 -0.04230292525)
(0.01268889868 0.0005308957352 -0.04329713159)
(0.01268895725 0.0005294941109 -0.04430745436)
(0.01268848634 0.0005406611933 -0.04529519129)
(0.01268772304 0.0005582867812 -0.04630099289)
(0.01268813392 0.0005488693614 -0.0473049623)
(0.01268788512 0.0005545909791 -0.04829584643)
(0.01268836367 0.0005435322655 -0.04931168188)
(0.01268873363 0.000534826 -0.05030627959)
(0.01268895382 0.0005295762742 -0.05131613638)
(0.01268851242 0.0005400487283 -0.05230397489)
(0.01268876355 0.0005341157174 -0.05331025446)
(0.01268816116 0.0005482393685 -0.05431359712)
)


// ************************************************************************* //
