/*--------------------------------*- C++ -*----------------------------------*\
| =========                 |                                                 |
| \\      /  F ield         | OpenFOAM: The Open Source CFD Toolbox           |
|  \\    /   O peration     | Version:  v2012                                 |
|   \\  /    A nd           | Website:  www.openfoam.com                      |
|    \\/     M anipulation  |                                                 |
\*---------------------------------------------------------------------------*/
FoamFile
{
    version     2.0;
    format      ascii;
    class       volScalarField;
    location    "0.8";
    object      p;
}
// * * * * * * * * * * * * * * * * * * * * * * * * * * * * * * * * * * * * * //

dimensions      [1 -1 -2 0 0 0 0];


internalField   nonuniform List<scalar> 
2650
(
6.03258e+06
6.05684e+06
6.055e+06
6.05903e+06
6.0584e+06
6.07891e+06
6.07228e+06
6.07214e+06
6.07061e+06
6.07053e+06
6.04908e+06
6.06025e+06
6.05854e+06
6.06086e+06
6.06048e+06
6.07069e+06
6.07162e+06
6.07112e+06
6.07098e+06
6.07083e+06
6.06267e+06
6.06347e+06
6.06327e+06
6.06374e+06
6.06366e+06
6.07135e+06
6.07153e+06
6.07138e+06
6.07137e+06
6.0713e+06
6.06622e+06
6.06648e+06
6.06645e+06
6.0666e+06
6.06657e+06
6.07245e+06
6.07263e+06
6.07253e+06
6.07255e+06
6.07251e+06
6.06873e+06
6.06895e+06
6.06893e+06
6.06905e+06
6.06902e+06
6.07443e+06
6.07461e+06
6.07452e+06
6.07453e+06
6.0745e+06
6.07064e+06
6.07085e+06
6.07085e+06
6.07098e+06
6.07095e+06
6.07734e+06
6.07749e+06
6.07738e+06
6.07737e+06
6.07734e+06
6.07183e+06
6.07204e+06
6.072e+06
6.07214e+06
6.07206e+06
6.08148e+06
6.08159e+06
6.08137e+06
6.08129e+06
6.08123e+06
6.07256e+06
6.07268e+06
6.07227e+06
6.07201e+06
6.07157e+06
6.08786e+06
6.08782e+06
6.08745e+06
6.08695e+06
6.08705e+06
6.07686e+06
6.07671e+06
6.07459e+06
6.07271e+06
6.06733e+06
6.09669e+06
6.09691e+06
6.09626e+06
6.09625e+06
6.09406e+06
6.09846e+06
6.09827e+06
6.09933e+06
6.09923e+06
6.09953e+06
6.09951e+06
6.0996e+06
6.0996e+06
6.09963e+06
6.09964e+06
6.09965e+06
6.09965e+06
6.09966e+06
6.09966e+06
6.09966e+06
6.09966e+06
6.09966e+06
6.09966e+06
6.09966e+06
6.09966e+06
6.09966e+06
6.09966e+06
6.09966e+06
6.09966e+06
6.09966e+06
6.09966e+06
6.09484e+06
6.09521e+06
6.09509e+06
6.09611e+06
6.09567e+06
6.09898e+06
6.09852e+06
6.09942e+06
6.09928e+06
6.09954e+06
6.09951e+06
6.0996e+06
6.0996e+06
6.09963e+06
6.09963e+06
6.09964e+06
6.09965e+06
6.09965e+06
6.09965e+06
6.09966e+06
6.09966e+06
6.09966e+06
6.09966e+06
6.09966e+06
6.09966e+06
6.09966e+06
6.09966e+06
6.09966e+06
6.09966e+06
6.09966e+06
6.09966e+06
6.09927e+06
6.09943e+06
6.09924e+06
6.09944e+06
6.09913e+06
6.09958e+06
6.09933e+06
6.09958e+06
6.09948e+06
6.0996e+06
6.09957e+06
6.09962e+06
6.09961e+06
6.09963e+06
6.09963e+06
6.09964e+06
6.09965e+06
6.09965e+06
6.09965e+06
6.09965e+06
6.09966e+06
6.09966e+06
6.09966e+06
6.09966e+06
6.09966e+06
6.09966e+06
6.09966e+06
6.09966e+06
6.09966e+06
6.09966e+06
6.09966e+06
6.09847e+06
6.09864e+06
6.09855e+06
6.09885e+06
6.09876e+06
6.09928e+06
6.09918e+06
6.09947e+06
6.09943e+06
6.09955e+06
6.09955e+06
6.0996e+06
6.0996e+06
6.09962e+06
6.09963e+06
6.09964e+06
6.09964e+06
6.09965e+06
6.09965e+06
6.09965e+06
6.09965e+06
6.09965e+06
6.09965e+06
6.09966e+06
6.09966e+06
6.09966e+06
6.09966e+06
6.09966e+06
6.09966e+06
6.09966e+06
6.09966e+06
6.0996e+06
6.09972e+06
6.09963e+06
6.0997e+06
6.0996e+06
6.09967e+06
6.09959e+06
6.09965e+06
6.0996e+06
6.09963e+06
6.09961e+06
6.09963e+06
6.09963e+06
6.09964e+06
6.09964e+06
6.09964e+06
6.09964e+06
6.09965e+06
6.09965e+06
6.09965e+06
6.09965e+06
6.09965e+06
6.09965e+06
6.09965e+06
6.09965e+06
6.09965e+06
6.09965e+06
6.09966e+06
6.09966e+06
6.09966e+06
6.09966e+06
6.09925e+06
6.09935e+06
6.0993e+06
6.09939e+06
6.09936e+06
6.09948e+06
6.09946e+06
6.09954e+06
6.09954e+06
6.09958e+06
6.09959e+06
6.09961e+06
6.09962e+06
6.09963e+06
6.09963e+06
6.09964e+06
6.09964e+06
6.09964e+06
6.09965e+06
6.09965e+06
6.09965e+06
6.09965e+06
6.09965e+06
6.09965e+06
6.09965e+06
6.09965e+06
6.09965e+06
6.09965e+06
6.09965e+06
6.09965e+06
6.09965e+06
6.09962e+06
6.0997e+06
6.09965e+06
6.09969e+06
6.09965e+06
6.09967e+06
6.09964e+06
6.09965e+06
6.09963e+06
6.09964e+06
6.09963e+06
6.09964e+06
6.09963e+06
6.09964e+06
6.09964e+06
6.09964e+06
6.09964e+06
6.09964e+06
6.09965e+06
6.09965e+06
6.09965e+06
6.09965e+06
6.09965e+06
6.09965e+06
6.09965e+06
6.09965e+06
6.09965e+06
6.09965e+06
6.09965e+06
6.09965e+06
6.09965e+06
6.09946e+06
6.09953e+06
6.0995e+06
6.09954e+06
6.09953e+06
6.09957e+06
6.09956e+06
6.09959e+06
6.09959e+06
6.09961e+06
6.09961e+06
6.09962e+06
6.09963e+06
6.09963e+06
6.09963e+06
6.09964e+06
6.09964e+06
6.09964e+06
6.09964e+06
6.09964e+06
6.09965e+06
6.09965e+06
6.09965e+06
6.09965e+06
6.09965e+06
6.09965e+06
6.09965e+06
6.09965e+06
6.09965e+06
6.09965e+06
6.09965e+06
6.09961e+06
6.09967e+06
6.09964e+06
6.09967e+06
6.09965e+06
6.09966e+06
6.09964e+06
6.09965e+06
6.09964e+06
6.09964e+06
6.09964e+06
6.09964e+06
6.09964e+06
6.09964e+06
6.09964e+06
6.09964e+06
6.09964e+06
6.09964e+06
6.09964e+06
6.09964e+06
6.09964e+06
6.09964e+06
6.09965e+06
6.09965e+06
6.09965e+06
6.09965e+06
6.09965e+06
6.09965e+06
6.09965e+06
6.09965e+06
6.09965e+06
6.09954e+06
6.09959e+06
6.09957e+06
6.09959e+06
6.09959e+06
6.0996e+06
6.0996e+06
6.09961e+06
6.09961e+06
6.09962e+06
6.09962e+06
6.09963e+06
6.09963e+06
6.09963e+06
6.09964e+06
6.09964e+06
6.09964e+06
6.09964e+06
6.09964e+06
6.09964e+06
6.09964e+06
6.09964e+06
6.09964e+06
6.09964e+06
6.09964e+06
6.09964e+06
6.09964e+06
6.09964e+06
6.09965e+06
6.09965e+06
6.09965e+06
6.09962e+06
6.09966e+06
6.09964e+06
6.09965e+06
6.09964e+06
6.09965e+06
6.09964e+06
6.09964e+06
6.09964e+06
6.09964e+06
6.09964e+06
6.09964e+06
6.09964e+06
6.09964e+06
6.09964e+06
6.09964e+06
6.09964e+06
6.09964e+06
6.09964e+06
6.09964e+06
6.09964e+06
6.09964e+06
6.09964e+06
6.09964e+06
6.09964e+06
6.09964e+06
6.09964e+06
6.09964e+06
6.09964e+06
6.09964e+06
6.09964e+06
6.09958e+06
6.09961e+06
6.0996e+06
6.09961e+06
6.09961e+06
6.09962e+06
6.09962e+06
6.09962e+06
6.09962e+06
6.09963e+06
6.09963e+06
6.09963e+06
6.09963e+06
6.09963e+06
6.09963e+06
6.09964e+06
6.09964e+06
6.09964e+06
6.09964e+06
6.09964e+06
6.09964e+06
6.09964e+06
6.09964e+06
6.09964e+06
6.09964e+06
6.09964e+06
6.09964e+06
6.09964e+06
6.09964e+06
6.09964e+06
6.09964e+06
6.09962e+06
6.09964e+06
6.09963e+06
6.09964e+06
6.09964e+06
6.09964e+06
6.09964e+06
6.09964e+06
6.09964e+06
6.09964e+06
6.09964e+06
6.09964e+06
6.09963e+06
6.09964e+06
6.09964e+06
6.09964e+06
6.09964e+06
6.09964e+06
6.09964e+06
6.09964e+06
6.09964e+06
6.09964e+06
6.09964e+06
6.09964e+06
6.09964e+06
6.09964e+06
6.09964e+06
6.09964e+06
6.09964e+06
6.09964e+06
6.09964e+06
6.0996e+06
6.09962e+06
6.09961e+06
6.09962e+06
6.09962e+06
6.09962e+06
6.09962e+06
6.09963e+06
6.09963e+06
6.09963e+06
6.09963e+06
6.09963e+06
6.09963e+06
6.09963e+06
6.09963e+06
6.09963e+06
6.09963e+06
6.09963e+06
6.09963e+06
6.09964e+06
6.09964e+06
6.09964e+06
6.09964e+06
6.09964e+06
6.09964e+06
6.09964e+06
6.09964e+06
6.09964e+06
6.09964e+06
6.09964e+06
6.09964e+06
6.09962e+06
6.09964e+06
6.09963e+06
6.09964e+06
6.09963e+06
6.09963e+06
6.09963e+06
6.09963e+06
6.09963e+06
6.09963e+06
6.09963e+06
6.09963e+06
6.09963e+06
6.09963e+06
6.09963e+06
6.09963e+06
6.09963e+06
6.09963e+06
6.09963e+06
6.09963e+06
6.09963e+06
6.09963e+06
6.09963e+06
6.09963e+06
6.09963e+06
6.09963e+06
6.09963e+06
6.09963e+06
6.09963e+06
6.09964e+06
6.09964e+06
6.09961e+06
6.09962e+06
6.09962e+06
6.09962e+06
6.09962e+06
6.09962e+06
6.09962e+06
6.09963e+06
6.09963e+06
6.09963e+06
6.09963e+06
6.09963e+06
6.09963e+06
6.09963e+06
6.09963e+06
6.09963e+06
6.09963e+06
6.09963e+06
6.09963e+06
6.09963e+06
6.09963e+06
6.09963e+06
6.09963e+06
6.09963e+06
6.09963e+06
6.09963e+06
6.09963e+06
6.09963e+06
6.09963e+06
6.09963e+06
6.09963e+06
6.09962e+06
6.09963e+06
6.09963e+06
6.09963e+06
6.09963e+06
6.09963e+06
6.09963e+06
6.09963e+06
6.09963e+06
6.09963e+06
6.09963e+06
6.09963e+06
6.09963e+06
6.09963e+06
6.09963e+06
6.09963e+06
6.09963e+06
6.09963e+06
6.09963e+06
6.09963e+06
6.09963e+06
6.09963e+06
6.09963e+06
6.09963e+06
6.09963e+06
6.09963e+06
6.09963e+06
6.09963e+06
6.09963e+06
6.09963e+06
6.09963e+06
6.09961e+06
6.09962e+06
6.09962e+06
6.09962e+06
6.09962e+06
6.09962e+06
6.09962e+06
6.09962e+06
6.09962e+06
6.09963e+06
6.09963e+06
6.09963e+06
6.09963e+06
6.09963e+06
6.09963e+06
6.09963e+06
6.09963e+06
6.09963e+06
6.09963e+06
6.09963e+06
6.09963e+06
6.09963e+06
6.09963e+06
6.09963e+06
6.09963e+06
6.09963e+06
6.09963e+06
6.09963e+06
6.09963e+06
6.09963e+06
6.09963e+06
6.09962e+06
6.09963e+06
6.09962e+06
6.09963e+06
6.09962e+06
6.09963e+06
6.09963e+06
6.09963e+06
6.09963e+06
6.09963e+06
6.09963e+06
6.09963e+06
6.09963e+06
6.09963e+06
6.09963e+06
6.09963e+06
6.09963e+06
6.09963e+06
6.09963e+06
6.09963e+06
6.09963e+06
6.09963e+06
6.09963e+06
6.09963e+06
6.09963e+06
6.09963e+06
6.09963e+06
6.09963e+06
6.09963e+06
6.09963e+06
6.09963e+06
6.09961e+06
6.09962e+06
6.09962e+06
6.09962e+06
6.09962e+06
6.09962e+06
6.09962e+06
6.09962e+06
6.09962e+06
6.09962e+06
6.09962e+06
6.09962e+06
6.09962e+06
6.09962e+06
6.09962e+06
6.09962e+06
6.09962e+06
6.09962e+06
6.09962e+06
6.09962e+06
6.09962e+06
6.09962e+06
6.09962e+06
6.09962e+06
6.09962e+06
6.09962e+06
6.09962e+06
6.09962e+06
6.09962e+06
6.09962e+06
6.09962e+06
6.09962e+06
6.09962e+06
6.09962e+06
6.09962e+06
6.09962e+06
6.09962e+06
6.09962e+06
6.09962e+06
6.09962e+06
6.09962e+06
6.09962e+06
6.09962e+06
6.09962e+06
6.09962e+06
6.09962e+06
6.09962e+06
6.09962e+06
6.09962e+06
6.09962e+06
6.09962e+06
6.09962e+06
6.09962e+06
6.09962e+06
6.09962e+06
6.09962e+06
6.09962e+06
6.09962e+06
6.09962e+06
6.09962e+06
6.09962e+06
6.09962e+06
6.09961e+06
6.09962e+06
6.09962e+06
6.09962e+06
6.09962e+06
6.09962e+06
6.09962e+06
6.09962e+06
6.09962e+06
6.09962e+06
6.09962e+06
6.09962e+06
6.09962e+06
6.09962e+06
6.09962e+06
6.09962e+06
6.09962e+06
6.09962e+06
6.09962e+06
6.09962e+06
6.09962e+06
6.09962e+06
6.09962e+06
6.09962e+06
6.09962e+06
6.09962e+06
6.09962e+06
6.09962e+06
6.09962e+06
6.09962e+06
6.09962e+06
6.09961e+06
6.09962e+06
6.09962e+06
6.09962e+06
6.09962e+06
6.09962e+06
6.09962e+06
6.09962e+06
6.09962e+06
6.09962e+06
6.09962e+06
6.09962e+06
6.09962e+06
6.09962e+06
6.09962e+06
6.09962e+06
6.09962e+06
6.09962e+06
6.09962e+06
6.09962e+06
6.09962e+06
6.09962e+06
6.09962e+06
6.09962e+06
6.09962e+06
6.09962e+06
6.09962e+06
6.09962e+06
6.09962e+06
6.09962e+06
6.09962e+06
6.09961e+06
6.09962e+06
6.09961e+06
6.09962e+06
6.09962e+06
6.09962e+06
6.09962e+06
6.09962e+06
6.09962e+06
6.09962e+06
6.09962e+06
6.09962e+06
6.09962e+06
6.09962e+06
6.09962e+06
6.09962e+06
6.09962e+06
6.09962e+06
6.09962e+06
6.09962e+06
6.09962e+06
6.09962e+06
6.09962e+06
6.09962e+06
6.09962e+06
6.09962e+06
6.09962e+06
6.09962e+06
6.09962e+06
6.09962e+06
6.09962e+06
6.09961e+06
6.09962e+06
6.09961e+06
6.09961e+06
6.09961e+06
6.09961e+06
6.09961e+06
6.09961e+06
6.09961e+06
6.09961e+06
6.09961e+06
6.09961e+06
6.09961e+06
6.09961e+06
6.09961e+06
6.09961e+06
6.09961e+06
6.09961e+06
6.09961e+06
6.09961e+06
6.09961e+06
6.09961e+06
6.09961e+06
6.09961e+06
6.09961e+06
6.09961e+06
6.09961e+06
6.09961e+06
6.09961e+06
6.09961e+06
6.09961e+06
6.09961e+06
6.09961e+06
6.09961e+06
6.09961e+06
6.09961e+06
6.09961e+06
6.09961e+06
6.09961e+06
6.09961e+06
6.09961e+06
6.09961e+06
6.09961e+06
6.09961e+06
6.09961e+06
6.09961e+06
6.09961e+06
6.09961e+06
6.09961e+06
6.09961e+06
6.09961e+06
6.09961e+06
6.09961e+06
6.09961e+06
6.09961e+06
6.09961e+06
6.09961e+06
6.09961e+06
6.09961e+06
6.09961e+06
6.09961e+06
6.09961e+06
6.09961e+06
6.09961e+06
6.09961e+06
6.09961e+06
6.09961e+06
6.09961e+06
6.09961e+06
6.09961e+06
6.09961e+06
6.09961e+06
6.09961e+06
6.09961e+06
6.09961e+06
6.09961e+06
6.09961e+06
6.09961e+06
6.09961e+06
6.09961e+06
6.09961e+06
6.09961e+06
6.09961e+06
6.09961e+06
6.09961e+06
6.09961e+06
6.09961e+06
6.09961e+06
6.09961e+06
6.09961e+06
6.09961e+06
6.09961e+06
6.09961e+06
6.09961e+06
6.09961e+06
6.09961e+06
6.09961e+06
6.09961e+06
6.09961e+06
6.09961e+06
6.09961e+06
6.09961e+06
6.09961e+06
6.09961e+06
6.09961e+06
6.09961e+06
6.09961e+06
6.09961e+06
6.09961e+06
6.09961e+06
6.09961e+06
6.09961e+06
6.09961e+06
6.09961e+06
6.09961e+06
6.09961e+06
6.09961e+06
6.09961e+06
6.09961e+06
6.09961e+06
6.09961e+06
6.09961e+06
6.09961e+06
6.09961e+06
6.09961e+06
6.09961e+06
6.09961e+06
6.09961e+06
6.09961e+06
6.09961e+06
6.09961e+06
6.09961e+06
6.09961e+06
6.09961e+06
6.09961e+06
6.09961e+06
6.09961e+06
6.09961e+06
6.09961e+06
6.09961e+06
6.09961e+06
6.09961e+06
6.09961e+06
6.09961e+06
6.09961e+06
6.09961e+06
6.09961e+06
6.09961e+06
6.09961e+06
6.09961e+06
6.09961e+06
6.09961e+06
6.09961e+06
6.09961e+06
6.09961e+06
6.0996e+06
6.09961e+06
6.0996e+06
6.09961e+06
6.0996e+06
6.0996e+06
6.0996e+06
6.0996e+06
6.0996e+06
6.0996e+06
6.0996e+06
6.0996e+06
6.0996e+06
6.0996e+06
6.0996e+06
6.0996e+06
6.0996e+06
6.0996e+06
6.0996e+06
6.0996e+06
6.0996e+06
6.0996e+06
6.0996e+06
6.0996e+06
6.0996e+06
6.0996e+06
6.0996e+06
6.0996e+06
6.0996e+06
6.0996e+06
6.0996e+06
6.0996e+06
6.0996e+06
6.0996e+06
6.0996e+06
6.0996e+06
6.0996e+06
6.0996e+06
6.0996e+06
6.0996e+06
6.0996e+06
6.0996e+06
6.0996e+06
6.0996e+06
6.0996e+06
6.0996e+06
6.0996e+06
6.0996e+06
6.0996e+06
6.0996e+06
6.0996e+06
6.0996e+06
6.0996e+06
6.0996e+06
6.0996e+06
6.0996e+06
6.0996e+06
6.0996e+06
6.0996e+06
6.0996e+06
6.0996e+06
6.0996e+06
6.0996e+06
6.0996e+06
6.0996e+06
6.0996e+06
6.0996e+06
6.0996e+06
6.0996e+06
6.0996e+06
6.0996e+06
6.0996e+06
6.0996e+06
6.0996e+06
6.0996e+06
6.0996e+06
6.0996e+06
6.0996e+06
6.0996e+06
6.0996e+06
6.0996e+06
6.0996e+06
6.0996e+06
6.0996e+06
6.0996e+06
6.0996e+06
6.0996e+06
6.0996e+06
6.0996e+06
6.0996e+06
6.0996e+06
6.0996e+06
6.0996e+06
6.0996e+06
6.0996e+06
6.0996e+06
6.0996e+06
6.0996e+06
6.0996e+06
6.0996e+06
6.0996e+06
6.0996e+06
6.0996e+06
6.0996e+06
6.0996e+06
6.0996e+06
6.0996e+06
6.0996e+06
6.0996e+06
6.0996e+06
6.0996e+06
6.0996e+06
6.0996e+06
6.0996e+06
6.0996e+06
6.0996e+06
6.0996e+06
6.0996e+06
6.0996e+06
6.0996e+06
6.0996e+06
6.0996e+06
6.0996e+06
6.0996e+06
6.0996e+06
6.0996e+06
6.0996e+06
6.0996e+06
6.0996e+06
6.0996e+06
6.0996e+06
6.0996e+06
6.0996e+06
6.0996e+06
6.0996e+06
6.0996e+06
6.0996e+06
6.0996e+06
6.0996e+06
6.0996e+06
6.0996e+06
6.0996e+06
6.0996e+06
6.0996e+06
6.0996e+06
6.0996e+06
6.0996e+06
6.0996e+06
6.0996e+06
6.0996e+06
6.0996e+06
6.0996e+06
6.0996e+06
6.0996e+06
6.0996e+06
6.09959e+06
6.09959e+06
6.09959e+06
6.09959e+06
6.09959e+06
6.09959e+06
6.09959e+06
6.09959e+06
6.09959e+06
6.09959e+06
6.09959e+06
6.09959e+06
6.09959e+06
6.09959e+06
6.09959e+06
6.09959e+06
6.09959e+06
6.09959e+06
6.09959e+06
6.09959e+06
6.09959e+06
6.09959e+06
6.09959e+06
6.09959e+06
6.09959e+06
6.09959e+06
6.09959e+06
6.09959e+06
6.09959e+06
6.09959e+06
6.09959e+06
6.0996e+06
6.0996e+06
6.0996e+06
6.0996e+06
6.0996e+06
6.0996e+06
6.0996e+06
6.0996e+06
6.0996e+06
6.0996e+06
6.09959e+06
6.09959e+06
6.09959e+06
6.09959e+06
6.09959e+06
6.09959e+06
6.09959e+06
6.09959e+06
6.09959e+06
6.09959e+06
6.09959e+06
6.09959e+06
6.09959e+06
6.09959e+06
6.09959e+06
6.09959e+06
6.09959e+06
6.09959e+06
6.09959e+06
6.09959e+06
6.09959e+06
6.09958e+06
6.09958e+06
6.09958e+06
6.09958e+06
6.09958e+06
6.09958e+06
6.09958e+06
6.09958e+06
6.09959e+06
6.09959e+06
6.09959e+06
6.09959e+06
6.09959e+06
6.09959e+06
6.09959e+06
6.09959e+06
6.09959e+06
6.09959e+06
6.09959e+06
6.09959e+06
6.09959e+06
6.09959e+06
6.09959e+06
6.09959e+06
6.09959e+06
6.09959e+06
6.09959e+06
6.09959e+06
6.09959e+06
6.09959e+06
6.09959e+06
6.0996e+06
6.0996e+06
6.0996e+06
6.0996e+06
6.0996e+06
6.0996e+06
6.0996e+06
6.0996e+06
6.09959e+06
6.09959e+06
6.09959e+06
6.09959e+06
6.09959e+06
6.09959e+06
6.09959e+06
6.09959e+06
6.09959e+06
6.09959e+06
6.09959e+06
6.09959e+06
6.09959e+06
6.09959e+06
6.09959e+06
6.09959e+06
6.09959e+06
6.09959e+06
6.09959e+06
6.09959e+06
6.09959e+06
6.09959e+06
6.09959e+06
6.09957e+06
6.09957e+06
6.09957e+06
6.09957e+06
6.09957e+06
6.09957e+06
6.09957e+06
6.09958e+06
6.09958e+06
6.09958e+06
6.09958e+06
6.09958e+06
6.09958e+06
6.09958e+06
6.09958e+06
6.09958e+06
6.09958e+06
6.09958e+06
6.09959e+06
6.09959e+06
6.09959e+06
6.09959e+06
6.09959e+06
6.09959e+06
6.09959e+06
6.09959e+06
6.09959e+06
6.09959e+06
6.09959e+06
6.09959e+06
6.09959e+06
6.09961e+06
6.09961e+06
6.09961e+06
6.09961e+06
6.09961e+06
6.0996e+06
6.0996e+06
6.0996e+06
6.0996e+06
6.0996e+06
6.09959e+06
6.09959e+06
6.09959e+06
6.09959e+06
6.09959e+06
6.09959e+06
6.09959e+06
6.09959e+06
6.09959e+06
6.09959e+06
6.09959e+06
6.09959e+06
6.09958e+06
6.09958e+06
6.09958e+06
6.09958e+06
6.09958e+06
6.09958e+06
6.09958e+06
6.09958e+06
6.09958e+06
6.03258e+06
6.05684e+06
6.055e+06
6.05903e+06
6.0584e+06
6.07891e+06
6.07228e+06
6.07214e+06
6.07061e+06
6.07053e+06
6.04908e+06
6.06025e+06
6.05854e+06
6.06086e+06
6.06048e+06
6.07069e+06
6.07162e+06
6.07112e+06
6.07098e+06
6.07083e+06
6.06267e+06
6.06347e+06
6.06327e+06
6.06374e+06
6.06366e+06
6.07135e+06
6.07153e+06
6.07138e+06
6.07137e+06
6.0713e+06
6.06622e+06
6.06648e+06
6.06645e+06
6.0666e+06
6.06657e+06
6.07245e+06
6.07263e+06
6.07253e+06
6.07255e+06
6.07251e+06
6.06873e+06
6.06895e+06
6.06893e+06
6.06905e+06
6.06902e+06
6.07443e+06
6.07461e+06
6.07452e+06
6.07453e+06
6.0745e+06
6.07064e+06
6.07085e+06
6.07085e+06
6.07098e+06
6.07095e+06
6.07734e+06
6.07749e+06
6.07738e+06
6.07737e+06
6.07734e+06
6.07183e+06
6.07204e+06
6.072e+06
6.07214e+06
6.07206e+06
6.08148e+06
6.08159e+06
6.08137e+06
6.08129e+06
6.08123e+06
6.07256e+06
6.07268e+06
6.07227e+06
6.07201e+06
6.07157e+06
6.08786e+06
6.08782e+06
6.08745e+06
6.08695e+06
6.08705e+06
6.07686e+06
6.07671e+06
6.07459e+06
6.07271e+06
6.06733e+06
6.09669e+06
6.09691e+06
6.09626e+06
6.09625e+06
6.09406e+06
6.09846e+06
6.09827e+06
6.09933e+06
6.09923e+06
6.09953e+06
6.09951e+06
6.0996e+06
6.0996e+06
6.09963e+06
6.09964e+06
6.09965e+06
6.09965e+06
6.09966e+06
6.09966e+06
6.09966e+06
6.09966e+06
6.09966e+06
6.09966e+06
6.09966e+06
6.09966e+06
6.09966e+06
6.09966e+06
6.09966e+06
6.09966e+06
6.09966e+06
6.09966e+06
6.09484e+06
6.09521e+06
6.09509e+06
6.09611e+06
6.09567e+06
6.09898e+06
6.09852e+06
6.09942e+06
6.09928e+06
6.09954e+06
6.09951e+06
6.0996e+06
6.0996e+06
6.09963e+06
6.09963e+06
6.09964e+06
6.09965e+06
6.09965e+06
6.09965e+06
6.09966e+06
6.09966e+06
6.09966e+06
6.09966e+06
6.09966e+06
6.09966e+06
6.09966e+06
6.09966e+06
6.09966e+06
6.09966e+06
6.09966e+06
6.09966e+06
6.09927e+06
6.09943e+06
6.09924e+06
6.09944e+06
6.09913e+06
6.09958e+06
6.09933e+06
6.09958e+06
6.09948e+06
6.0996e+06
6.09957e+06
6.09962e+06
6.09961e+06
6.09963e+06
6.09963e+06
6.09964e+06
6.09965e+06
6.09965e+06
6.09965e+06
6.09965e+06
6.09966e+06
6.09966e+06
6.09966e+06
6.09966e+06
6.09966e+06
6.09966e+06
6.09966e+06
6.09966e+06
6.09966e+06
6.09966e+06
6.09966e+06
6.09847e+06
6.09864e+06
6.09855e+06
6.09885e+06
6.09876e+06
6.09928e+06
6.09918e+06
6.09947e+06
6.09943e+06
6.09955e+06
6.09955e+06
6.0996e+06
6.0996e+06
6.09962e+06
6.09963e+06
6.09964e+06
6.09964e+06
6.09965e+06
6.09965e+06
6.09965e+06
6.09965e+06
6.09965e+06
6.09965e+06
6.09966e+06
6.09966e+06
6.09966e+06
6.09966e+06
6.09966e+06
6.09966e+06
6.09966e+06
6.09966e+06
6.0996e+06
6.09972e+06
6.09963e+06
6.0997e+06
6.0996e+06
6.09967e+06
6.09959e+06
6.09965e+06
6.0996e+06
6.09963e+06
6.09961e+06
6.09963e+06
6.09963e+06
6.09964e+06
6.09964e+06
6.09964e+06
6.09964e+06
6.09965e+06
6.09965e+06
6.09965e+06
6.09965e+06
6.09965e+06
6.09965e+06
6.09965e+06
6.09965e+06
6.09965e+06
6.09965e+06
6.09966e+06
6.09966e+06
6.09966e+06
6.09966e+06
6.09925e+06
6.09935e+06
6.0993e+06
6.09939e+06
6.09936e+06
6.09948e+06
6.09946e+06
6.09954e+06
6.09954e+06
6.09958e+06
6.09959e+06
6.09961e+06
6.09962e+06
6.09963e+06
6.09963e+06
6.09964e+06
6.09964e+06
6.09964e+06
6.09965e+06
6.09965e+06
6.09965e+06
6.09965e+06
6.09965e+06
6.09965e+06
6.09965e+06
6.09965e+06
6.09965e+06
6.09965e+06
6.09965e+06
6.09965e+06
6.09965e+06
6.09962e+06
6.0997e+06
6.09965e+06
6.09969e+06
6.09965e+06
6.09967e+06
6.09964e+06
6.09965e+06
6.09963e+06
6.09964e+06
6.09963e+06
6.09964e+06
6.09963e+06
6.09964e+06
6.09964e+06
6.09964e+06
6.09964e+06
6.09964e+06
6.09965e+06
6.09965e+06
6.09965e+06
6.09965e+06
6.09965e+06
6.09965e+06
6.09965e+06
6.09965e+06
6.09965e+06
6.09965e+06
6.09965e+06
6.09965e+06
6.09965e+06
6.09946e+06
6.09953e+06
6.0995e+06
6.09954e+06
6.09953e+06
6.09957e+06
6.09956e+06
6.09959e+06
6.09959e+06
6.09961e+06
6.09961e+06
6.09962e+06
6.09963e+06
6.09963e+06
6.09963e+06
6.09964e+06
6.09964e+06
6.09964e+06
6.09964e+06
6.09964e+06
6.09965e+06
6.09965e+06
6.09965e+06
6.09965e+06
6.09965e+06
6.09965e+06
6.09965e+06
6.09965e+06
6.09965e+06
6.09965e+06
6.09965e+06
6.09961e+06
6.09967e+06
6.09964e+06
6.09967e+06
6.09965e+06
6.09966e+06
6.09964e+06
6.09965e+06
6.09964e+06
6.09964e+06
6.09964e+06
6.09964e+06
6.09964e+06
6.09964e+06
6.09964e+06
6.09964e+06
6.09964e+06
6.09964e+06
6.09964e+06
6.09964e+06
6.09964e+06
6.09964e+06
6.09965e+06
6.09965e+06
6.09965e+06
6.09965e+06
6.09965e+06
6.09965e+06
6.09965e+06
6.09965e+06
6.09965e+06
6.09954e+06
6.09959e+06
6.09957e+06
6.09959e+06
6.09959e+06
6.0996e+06
6.0996e+06
6.09961e+06
6.09961e+06
6.09962e+06
6.09962e+06
6.09963e+06
6.09963e+06
6.09963e+06
6.09964e+06
6.09964e+06
6.09964e+06
6.09964e+06
6.09964e+06
6.09964e+06
6.09964e+06
6.09964e+06
6.09964e+06
6.09964e+06
6.09964e+06
6.09964e+06
6.09964e+06
6.09964e+06
6.09965e+06
6.09965e+06
6.09965e+06
6.09962e+06
6.09966e+06
6.09964e+06
6.09965e+06
6.09964e+06
6.09965e+06
6.09964e+06
6.09964e+06
6.09964e+06
6.09964e+06
6.09964e+06
6.09964e+06
6.09964e+06
6.09964e+06
6.09964e+06
6.09964e+06
6.09964e+06
6.09964e+06
6.09964e+06
6.09964e+06
6.09964e+06
6.09964e+06
6.09964e+06
6.09964e+06
6.09964e+06
6.09964e+06
6.09964e+06
6.09964e+06
6.09964e+06
6.09964e+06
6.09964e+06
6.09958e+06
6.09961e+06
6.0996e+06
6.09961e+06
6.09961e+06
6.09962e+06
6.09962e+06
6.09962e+06
6.09962e+06
6.09963e+06
6.09963e+06
6.09963e+06
6.09963e+06
6.09963e+06
6.09963e+06
6.09964e+06
6.09964e+06
6.09964e+06
6.09964e+06
6.09964e+06
6.09964e+06
6.09964e+06
6.09964e+06
6.09964e+06
6.09964e+06
6.09964e+06
6.09964e+06
6.09964e+06
6.09964e+06
6.09964e+06
6.09964e+06
6.09962e+06
6.09964e+06
6.09963e+06
6.09964e+06
6.09964e+06
6.09964e+06
6.09964e+06
6.09964e+06
6.09964e+06
6.09964e+06
6.09964e+06
6.09964e+06
6.09963e+06
6.09964e+06
6.09964e+06
6.09964e+06
6.09964e+06
6.09964e+06
6.09964e+06
6.09964e+06
6.09964e+06
6.09964e+06
6.09964e+06
6.09964e+06
6.09964e+06
6.09964e+06
6.09964e+06
6.09964e+06
6.09964e+06
6.09964e+06
6.09964e+06
6.0996e+06
6.09962e+06
6.09961e+06
6.09962e+06
6.09962e+06
6.09962e+06
6.09962e+06
6.09963e+06
6.09963e+06
6.09963e+06
6.09963e+06
6.09963e+06
6.09963e+06
6.09963e+06
6.09963e+06
6.09963e+06
6.09963e+06
6.09963e+06
6.09963e+06
6.09964e+06
6.09964e+06
6.09964e+06
6.09964e+06
6.09964e+06
6.09964e+06
6.09964e+06
6.09964e+06
6.09964e+06
6.09964e+06
6.09964e+06
6.09964e+06
6.09962e+06
6.09964e+06
6.09963e+06
6.09964e+06
6.09963e+06
6.09963e+06
6.09963e+06
6.09963e+06
6.09963e+06
6.09963e+06
6.09963e+06
6.09963e+06
6.09963e+06
6.09963e+06
6.09963e+06
6.09963e+06
6.09963e+06
6.09963e+06
6.09963e+06
6.09963e+06
6.09963e+06
6.09963e+06
6.09963e+06
6.09963e+06
6.09963e+06
6.09963e+06
6.09963e+06
6.09963e+06
6.09963e+06
6.09964e+06
6.09964e+06
6.09961e+06
6.09962e+06
6.09962e+06
6.09962e+06
6.09962e+06
6.09962e+06
6.09962e+06
6.09963e+06
6.09963e+06
6.09963e+06
6.09963e+06
6.09963e+06
6.09963e+06
6.09963e+06
6.09963e+06
6.09963e+06
6.09963e+06
6.09963e+06
6.09963e+06
6.09963e+06
6.09963e+06
6.09963e+06
6.09963e+06
6.09963e+06
6.09963e+06
6.09963e+06
6.09963e+06
6.09963e+06
6.09963e+06
6.09963e+06
6.09963e+06
6.09962e+06
6.09963e+06
6.09963e+06
6.09963e+06
6.09963e+06
6.09963e+06
6.09963e+06
6.09963e+06
6.09963e+06
6.09963e+06
6.09963e+06
6.09963e+06
6.09963e+06
6.09963e+06
6.09963e+06
6.09963e+06
6.09963e+06
6.09963e+06
6.09963e+06
6.09963e+06
6.09963e+06
6.09963e+06
6.09963e+06
6.09963e+06
6.09963e+06
6.09963e+06
6.09963e+06
6.09963e+06
6.09963e+06
6.09963e+06
6.09963e+06
6.09961e+06
6.09962e+06
6.09962e+06
6.09962e+06
6.09962e+06
6.09962e+06
6.09962e+06
6.09962e+06
6.09962e+06
6.09963e+06
6.09963e+06
6.09963e+06
6.09963e+06
6.09963e+06
6.09963e+06
6.09963e+06
6.09963e+06
6.09963e+06
6.09963e+06
6.09963e+06
6.09963e+06
6.09963e+06
6.09963e+06
6.09963e+06
6.09963e+06
6.09963e+06
6.09963e+06
6.09963e+06
6.09963e+06
6.09963e+06
6.09963e+06
6.09962e+06
6.09963e+06
6.09962e+06
6.09963e+06
6.09962e+06
6.09963e+06
6.09963e+06
6.09963e+06
6.09963e+06
6.09963e+06
6.09963e+06
6.09963e+06
6.09963e+06
6.09963e+06
6.09963e+06
6.09963e+06
6.09963e+06
6.09963e+06
6.09963e+06
6.09963e+06
6.09963e+06
6.09963e+06
6.09963e+06
6.09963e+06
6.09963e+06
6.09963e+06
6.09963e+06
6.09963e+06
6.09963e+06
6.09963e+06
6.09963e+06
6.09961e+06
6.09962e+06
6.09962e+06
6.09962e+06
6.09962e+06
6.09962e+06
6.09962e+06
6.09962e+06
6.09962e+06
6.09962e+06
6.09962e+06
6.09962e+06
6.09962e+06
6.09962e+06
6.09962e+06
6.09962e+06
6.09962e+06
6.09962e+06
6.09962e+06
6.09962e+06
6.09962e+06
6.09962e+06
6.09962e+06
6.09962e+06
6.09962e+06
6.09962e+06
6.09962e+06
6.09962e+06
6.09962e+06
6.09962e+06
6.09962e+06
6.09962e+06
6.09962e+06
6.09962e+06
6.09962e+06
6.09962e+06
6.09962e+06
6.09962e+06
6.09962e+06
6.09962e+06
6.09962e+06
6.09962e+06
6.09962e+06
6.09962e+06
6.09962e+06
6.09962e+06
6.09962e+06
6.09962e+06
6.09962e+06
6.09962e+06
6.09962e+06
6.09962e+06
6.09962e+06
6.09962e+06
6.09962e+06
6.09962e+06
6.09962e+06
6.09962e+06
6.09962e+06
6.09962e+06
6.09962e+06
6.09962e+06
6.09961e+06
6.09962e+06
6.09962e+06
6.09962e+06
6.09962e+06
6.09962e+06
6.09962e+06
6.09962e+06
6.09962e+06
6.09962e+06
6.09962e+06
6.09962e+06
6.09962e+06
6.09962e+06
6.09962e+06
6.09962e+06
6.09962e+06
6.09962e+06
6.09962e+06
6.09962e+06
6.09962e+06
6.09962e+06
6.09962e+06
6.09962e+06
6.09962e+06
6.09962e+06
6.09962e+06
6.09962e+06
6.09962e+06
6.09962e+06
6.09962e+06
6.09961e+06
6.09962e+06
6.09962e+06
6.09962e+06
6.09962e+06
6.09962e+06
6.09962e+06
6.09962e+06
6.09962e+06
6.09962e+06
6.09962e+06
6.09962e+06
6.09962e+06
6.09962e+06
6.09962e+06
6.09962e+06
6.09962e+06
6.09962e+06
6.09962e+06
6.09962e+06
6.09962e+06
6.09962e+06
6.09962e+06
6.09962e+06
6.09962e+06
6.09962e+06
6.09962e+06
6.09962e+06
6.09962e+06
6.09962e+06
6.09962e+06
6.09961e+06
6.09962e+06
6.09961e+06
6.09962e+06
6.09962e+06
6.09962e+06
6.09962e+06
6.09962e+06
6.09962e+06
6.09962e+06
6.09962e+06
6.09962e+06
6.09962e+06
6.09962e+06
6.09962e+06
6.09962e+06
6.09962e+06
6.09962e+06
6.09962e+06
6.09962e+06
6.09962e+06
6.09962e+06
6.09962e+06
6.09962e+06
6.09962e+06
6.09962e+06
6.09962e+06
6.09962e+06
6.09962e+06
6.09962e+06
6.09962e+06
6.09961e+06
6.09962e+06
6.09961e+06
6.09961e+06
6.09961e+06
6.09961e+06
6.09961e+06
6.09961e+06
6.09961e+06
6.09961e+06
6.09961e+06
6.09961e+06
6.09961e+06
6.09961e+06
6.09961e+06
6.09961e+06
6.09961e+06
6.09961e+06
6.09961e+06
6.09961e+06
6.09961e+06
6.09961e+06
6.09961e+06
6.09961e+06
6.09961e+06
6.09961e+06
6.09961e+06
6.09961e+06
6.09961e+06
6.09961e+06
6.09961e+06
6.09961e+06
6.09961e+06
6.09961e+06
6.09961e+06
6.09961e+06
6.09961e+06
6.09961e+06
6.09961e+06
6.09961e+06
6.09961e+06
6.09961e+06
6.09961e+06
6.09961e+06
6.09961e+06
6.09961e+06
6.09961e+06
6.09961e+06
6.09961e+06
6.09961e+06
6.09961e+06
6.09961e+06
6.09961e+06
6.09961e+06
6.09961e+06
6.09961e+06
6.09961e+06
6.09961e+06
6.09961e+06
6.09961e+06
6.09961e+06
6.09961e+06
6.09961e+06
6.09961e+06
6.09961e+06
6.09961e+06
6.09961e+06
6.09961e+06
6.09961e+06
6.09961e+06
6.09961e+06
6.09961e+06
6.09961e+06
6.09961e+06
6.09961e+06
6.09961e+06
6.09961e+06
6.09961e+06
6.09961e+06
6.09961e+06
6.09961e+06
6.09961e+06
6.09961e+06
6.09961e+06
6.09961e+06
6.09961e+06
6.09961e+06
6.09961e+06
6.09961e+06
6.09961e+06
6.09961e+06
6.09961e+06
6.09961e+06
6.09961e+06
6.09961e+06
6.09961e+06
6.09961e+06
6.09961e+06
6.09961e+06
6.09961e+06
6.09961e+06
6.09961e+06
6.09961e+06
6.09961e+06
6.09961e+06
6.09961e+06
6.09961e+06
6.09961e+06
6.09961e+06
6.09961e+06
6.09961e+06
6.09961e+06
6.09961e+06
6.09961e+06
6.09961e+06
6.09961e+06
6.09961e+06
6.09961e+06
6.09961e+06
6.09961e+06
6.09961e+06
6.09961e+06
6.09961e+06
6.09961e+06
6.09961e+06
6.09961e+06
6.09961e+06
6.09961e+06
6.09961e+06
6.09961e+06
6.09961e+06
6.09961e+06
6.09961e+06
6.09961e+06
6.09961e+06
6.09961e+06
6.09961e+06
6.09961e+06
6.09961e+06
6.09961e+06
6.09961e+06
6.09961e+06
6.09961e+06
6.09961e+06
6.09961e+06
6.09961e+06
6.09961e+06
6.09961e+06
6.09961e+06
6.09961e+06
6.09961e+06
6.09961e+06
6.09961e+06
6.09961e+06
6.09961e+06
6.0996e+06
6.09961e+06
6.0996e+06
6.09961e+06
6.0996e+06
6.0996e+06
6.0996e+06
6.0996e+06
6.0996e+06
6.0996e+06
6.0996e+06
6.0996e+06
6.0996e+06
6.0996e+06
6.0996e+06
6.0996e+06
6.0996e+06
6.0996e+06
6.0996e+06
6.0996e+06
6.0996e+06
6.0996e+06
6.0996e+06
6.0996e+06
6.0996e+06
6.0996e+06
6.0996e+06
6.0996e+06
6.0996e+06
6.0996e+06
6.0996e+06
6.0996e+06
6.0996e+06
6.0996e+06
6.0996e+06
6.0996e+06
6.0996e+06
6.0996e+06
6.0996e+06
6.0996e+06
6.0996e+06
6.0996e+06
6.0996e+06
6.0996e+06
6.0996e+06
6.0996e+06
6.0996e+06
6.0996e+06
6.0996e+06
6.0996e+06
6.0996e+06
6.0996e+06
6.0996e+06
6.0996e+06
6.0996e+06
6.0996e+06
6.0996e+06
6.0996e+06
6.0996e+06
6.0996e+06
6.0996e+06
6.0996e+06
6.0996e+06
6.0996e+06
6.0996e+06
6.0996e+06
6.0996e+06
6.0996e+06
6.0996e+06
6.0996e+06
6.0996e+06
6.0996e+06
6.0996e+06
6.0996e+06
6.0996e+06
6.0996e+06
6.0996e+06
6.0996e+06
6.0996e+06
6.0996e+06
6.0996e+06
6.0996e+06
6.0996e+06
6.0996e+06
6.0996e+06
6.0996e+06
6.0996e+06
6.0996e+06
6.0996e+06
6.0996e+06
6.0996e+06
6.0996e+06
6.0996e+06
6.0996e+06
6.0996e+06
6.0996e+06
6.0996e+06
6.0996e+06
6.0996e+06
6.0996e+06
6.0996e+06
6.0996e+06
6.0996e+06
6.0996e+06
6.0996e+06
6.0996e+06
6.0996e+06
6.0996e+06
6.0996e+06
6.0996e+06
6.0996e+06
6.0996e+06
6.0996e+06
6.0996e+06
6.0996e+06
6.0996e+06
6.0996e+06
6.0996e+06
6.0996e+06
6.0996e+06
6.0996e+06
6.0996e+06
6.0996e+06
6.0996e+06
6.0996e+06
6.0996e+06
6.0996e+06
6.0996e+06
6.0996e+06
6.0996e+06
6.0996e+06
6.0996e+06
6.0996e+06
6.0996e+06
6.0996e+06
6.0996e+06
6.0996e+06
6.0996e+06
6.0996e+06
6.0996e+06
6.0996e+06
6.0996e+06
6.0996e+06
6.0996e+06
6.0996e+06
6.0996e+06
6.0996e+06
6.0996e+06
6.0996e+06
6.0996e+06
6.0996e+06
6.0996e+06
6.0996e+06
6.0996e+06
6.0996e+06
6.09959e+06
6.09959e+06
6.09959e+06
6.09959e+06
6.09959e+06
6.09959e+06
6.09959e+06
6.09959e+06
6.09959e+06
6.09959e+06
6.09959e+06
6.09959e+06
6.09959e+06
6.09959e+06
6.09959e+06
6.09959e+06
6.09959e+06
6.09959e+06
6.09959e+06
6.09959e+06
6.09959e+06
6.09959e+06
6.09959e+06
6.09959e+06
6.09959e+06
6.09959e+06
6.09959e+06
6.09959e+06
6.09959e+06
6.09959e+06
6.09959e+06
6.0996e+06
6.0996e+06
6.0996e+06
6.0996e+06
6.0996e+06
6.0996e+06
6.0996e+06
6.0996e+06
6.0996e+06
6.0996e+06
6.09959e+06
6.09959e+06
6.09959e+06
6.09959e+06
6.09959e+06
6.09959e+06
6.09959e+06
6.09959e+06
6.09959e+06
6.09959e+06
6.09959e+06
6.09959e+06
6.09959e+06
6.09959e+06
6.09959e+06
6.09959e+06
6.09959e+06
6.09959e+06
6.09959e+06
6.09959e+06
6.09959e+06
6.09958e+06
6.09958e+06
6.09958e+06
6.09958e+06
6.09958e+06
6.09958e+06
6.09958e+06
6.09958e+06
6.09959e+06
6.09959e+06
6.09959e+06
6.09959e+06
6.09959e+06
6.09959e+06
6.09959e+06
6.09959e+06
6.09959e+06
6.09959e+06
6.09959e+06
6.09959e+06
6.09959e+06
6.09959e+06
6.09959e+06
6.09959e+06
6.09959e+06
6.09959e+06
6.09959e+06
6.09959e+06
6.09959e+06
6.09959e+06
6.09959e+06
6.0996e+06
6.0996e+06
6.0996e+06
6.0996e+06
6.0996e+06
6.0996e+06
6.0996e+06
6.0996e+06
6.09959e+06
6.09959e+06
6.09959e+06
6.09959e+06
6.09959e+06
6.09959e+06
6.09959e+06
6.09959e+06
6.09959e+06
6.09959e+06
6.09959e+06
6.09959e+06
6.09959e+06
6.09959e+06
6.09959e+06
6.09959e+06
6.09959e+06
6.09959e+06
6.09959e+06
6.09959e+06
6.09959e+06
6.09959e+06
6.09959e+06
6.09957e+06
6.09957e+06
6.09957e+06
6.09957e+06
6.09957e+06
6.09957e+06
6.09957e+06
6.09958e+06
6.09958e+06
6.09958e+06
6.09958e+06
6.09958e+06
6.09958e+06
6.09958e+06
6.09958e+06
6.09958e+06
6.09958e+06
6.09958e+06
6.09959e+06
6.09959e+06
6.09959e+06
6.09959e+06
6.09959e+06
6.09959e+06
6.09959e+06
6.09959e+06
6.09959e+06
6.09959e+06
6.09959e+06
6.09959e+06
6.09959e+06
6.09961e+06
6.09961e+06
6.09961e+06
6.09961e+06
6.09961e+06
6.0996e+06
6.0996e+06
6.0996e+06
6.0996e+06
6.0996e+06
6.09959e+06
6.09959e+06
6.09959e+06
6.09959e+06
6.09959e+06
6.09959e+06
6.09959e+06
6.09959e+06
6.09959e+06
6.09959e+06
6.09959e+06
6.09959e+06
6.09958e+06
6.09958e+06
6.09958e+06
6.09958e+06
6.09958e+06
6.09958e+06
6.09958e+06
6.09958e+06
6.09958e+06
)
;

boundaryField
{
    inlet
    {
        type            calculated;
        value           uniform 6.09958e+06;
    }
    outlet
    {
        type            calculated;
        value           nonuniform List<scalar> 0();
    }
    walls
    {
        type            calculated;
        value           nonuniform List<scalar> 
86
(
6.0584e+06
6.07053e+06
6.06048e+06
6.07083e+06
6.06366e+06
6.0713e+06
6.06657e+06
6.07251e+06
6.06902e+06
6.0745e+06
6.07095e+06
6.07734e+06
6.07206e+06
6.08123e+06
6.07157e+06
6.08705e+06
6.06733e+06
6.0584e+06
6.07053e+06
6.06048e+06
6.07083e+06
6.06366e+06
6.0713e+06
6.06657e+06
6.07251e+06
6.06902e+06
6.0745e+06
6.07095e+06
6.07734e+06
6.07206e+06
6.08123e+06
6.07157e+06
6.08705e+06
6.06733e+06
6.09847e+06
6.09827e+06
6.09933e+06
6.09923e+06
6.09954e+06
6.09951e+06
6.09961e+06
6.09961e+06
6.09964e+06
6.09964e+06
6.09965e+06
6.09965e+06
6.09966e+06
6.09966e+06
6.09966e+06
6.09966e+06
6.09966e+06
6.09966e+06
6.09966e+06
6.09966e+06
6.09966e+06
6.09966e+06
6.09967e+06
6.09967e+06
6.09967e+06
6.09967e+06
6.09847e+06
6.09827e+06
6.09933e+06
6.09923e+06
6.09954e+06
6.09951e+06
6.09961e+06
6.09961e+06
6.09964e+06
6.09964e+06
6.09965e+06
6.09965e+06
6.09966e+06
6.09966e+06
6.09966e+06
6.09966e+06
6.09966e+06
6.09966e+06
6.09966e+06
6.09966e+06
6.09966e+06
6.09966e+06
6.09967e+06
6.09967e+06
6.09967e+06
6.09967e+06
)
;
    }
    side1
    {
        type            cyclic;
    }
    side2
    {
        type            cyclic;
    }
    procBoundary5to4
    {
        type            processor;
        value           nonuniform List<scalar> 
90
(
6.08534e+06
6.06775e+06
6.07255e+06
6.06894e+06
6.0695e+06
6.09966e+06
6.09966e+06
6.09966e+06
6.09966e+06
6.09966e+06
6.09965e+06
6.09965e+06
6.09965e+06
6.09965e+06
6.09965e+06
6.09964e+06
6.09964e+06
6.09964e+06
6.09964e+06
6.09964e+06
6.09963e+06
6.09963e+06
6.09963e+06
6.09963e+06
6.09962e+06
6.09962e+06
6.09962e+06
6.09962e+06
6.09962e+06
6.09961e+06
6.09961e+06
6.09961e+06
6.09961e+06
6.09961e+06
6.0996e+06
6.0996e+06
6.0996e+06
6.0996e+06
6.0996e+06
6.09959e+06
6.09959e+06
6.09959e+06
6.09959e+06
6.09959e+06
6.09958e+06
6.08534e+06
6.06775e+06
6.07255e+06
6.06894e+06
6.0695e+06
6.09966e+06
6.09966e+06
6.09966e+06
6.09966e+06
6.09966e+06
6.09965e+06
6.09965e+06
6.09965e+06
6.09965e+06
6.09965e+06
6.09964e+06
6.09964e+06
6.09964e+06
6.09964e+06
6.09964e+06
6.09963e+06
6.09963e+06
6.09963e+06
6.09963e+06
6.09962e+06
6.09962e+06
6.09962e+06
6.09962e+06
6.09962e+06
6.09961e+06
6.09961e+06
6.09961e+06
6.09961e+06
6.09961e+06
6.0996e+06
6.0996e+06
6.0996e+06
6.0996e+06
6.0996e+06
6.09959e+06
6.09959e+06
6.09959e+06
6.09959e+06
6.09959e+06
6.09958e+06
)
;
    }
}


// ************************************************************************* //
