/*--------------------------------*- C++ -*----------------------------------*\
| =========                 |                                                 |
| \\      /  F ield         | OpenFOAM: The Open Source CFD Toolbox           |
|  \\    /   O peration     | Version:  v2012                                 |
|   \\  /    A nd           | Website:  www.openfoam.com                      |
|    \\/     M anipulation  |                                                 |
\*---------------------------------------------------------------------------*/
FoamFile
{
    version     2.0;
    format      ascii;
    class       volScalarField;
    location    "0.8";
    object      p_rgh;
}
// * * * * * * * * * * * * * * * * * * * * * * * * * * * * * * * * * * * * * //

dimensions      [1 -1 -2 0 0 0 0];


internalField   nonuniform List<scalar> 
2650
(
6.03288e+06
6.05714e+06
6.0553e+06
6.05933e+06
6.0587e+06
6.07921e+06
6.07258e+06
6.07244e+06
6.07091e+06
6.07083e+06
6.04938e+06
6.06056e+06
6.05885e+06
6.06117e+06
6.06078e+06
6.07099e+06
6.07193e+06
6.07143e+06
6.07129e+06
6.07114e+06
6.06298e+06
6.06378e+06
6.06358e+06
6.06405e+06
6.06397e+06
6.07167e+06
6.07184e+06
6.07169e+06
6.07168e+06
6.07161e+06
6.06653e+06
6.06679e+06
6.06676e+06
6.06691e+06
6.06689e+06
6.07276e+06
6.07294e+06
6.07285e+06
6.07286e+06
6.07282e+06
6.06905e+06
6.06926e+06
6.06925e+06
6.06936e+06
6.06934e+06
6.07475e+06
6.07493e+06
6.07484e+06
6.07485e+06
6.07482e+06
6.07096e+06
6.07117e+06
6.07117e+06
6.0713e+06
6.07127e+06
6.07766e+06
6.07781e+06
6.0777e+06
6.07769e+06
6.07766e+06
6.07216e+06
6.07236e+06
6.07233e+06
6.07247e+06
6.07238e+06
6.0818e+06
6.08192e+06
6.0817e+06
6.08162e+06
6.08155e+06
6.07289e+06
6.07301e+06
6.0726e+06
6.07234e+06
6.0719e+06
6.08819e+06
6.08815e+06
6.08778e+06
6.08728e+06
6.08738e+06
6.07719e+06
6.07705e+06
6.07492e+06
6.07305e+06
6.06766e+06
6.09702e+06
6.09725e+06
6.0966e+06
6.09659e+06
6.09439e+06
6.0988e+06
6.0986e+06
6.09966e+06
6.09956e+06
6.09987e+06
6.09985e+06
6.09994e+06
6.09994e+06
6.09997e+06
6.09997e+06
6.09998e+06
6.09999e+06
6.09999e+06
6.09999e+06
6.09999e+06
6.1e+06
6.1e+06
6.1e+06
6.1e+06
6.1e+06
6.1e+06
6.1e+06
6.1e+06
6.1e+06
6.1e+06
6.1e+06
6.09518e+06
6.09555e+06
6.09543e+06
6.09645e+06
6.09601e+06
6.09932e+06
6.09886e+06
6.09975e+06
6.09961e+06
6.09988e+06
6.09985e+06
6.09994e+06
6.09994e+06
6.09996e+06
6.09997e+06
6.09998e+06
6.09998e+06
6.09999e+06
6.09999e+06
6.09999e+06
6.09999e+06
6.1e+06
6.1e+06
6.1e+06
6.1e+06
6.1e+06
6.1e+06
6.1e+06
6.1e+06
6.1e+06
6.1e+06
6.09961e+06
6.09977e+06
6.09958e+06
6.09978e+06
6.09947e+06
6.09992e+06
6.09967e+06
6.09992e+06
6.09982e+06
6.09994e+06
6.09991e+06
6.09996e+06
6.09995e+06
6.09997e+06
6.09997e+06
6.09998e+06
6.09999e+06
6.09999e+06
6.09999e+06
6.09999e+06
6.09999e+06
6.1e+06
6.1e+06
6.1e+06
6.1e+06
6.1e+06
6.1e+06
6.1e+06
6.1e+06
6.1e+06
6.1e+06
6.09881e+06
6.09899e+06
6.09889e+06
6.0992e+06
6.0991e+06
6.09962e+06
6.09952e+06
6.09981e+06
6.09977e+06
6.0999e+06
6.09989e+06
6.09994e+06
6.09995e+06
6.09997e+06
6.09997e+06
6.09998e+06
6.09998e+06
6.09999e+06
6.09999e+06
6.09999e+06
6.09999e+06
6.1e+06
6.1e+06
6.1e+06
6.1e+06
6.1e+06
6.1e+06
6.1e+06
6.1e+06
6.1e+06
6.1e+06
6.09995e+06
6.10006e+06
6.09997e+06
6.10004e+06
6.09994e+06
6.10002e+06
6.09993e+06
6.09999e+06
6.09994e+06
6.09998e+06
6.09996e+06
6.09998e+06
6.09997e+06
6.09998e+06
6.09998e+06
6.09999e+06
6.09999e+06
6.09999e+06
6.09999e+06
6.09999e+06
6.09999e+06
6.1e+06
6.1e+06
6.1e+06
6.1e+06
6.1e+06
6.1e+06
6.1e+06
6.1e+06
6.1e+06
6.1e+06
6.09959e+06
6.0997e+06
6.09964e+06
6.09974e+06
6.09971e+06
6.09982e+06
6.0998e+06
6.09989e+06
6.09988e+06
6.09993e+06
6.09993e+06
6.09996e+06
6.09996e+06
6.09997e+06
6.09998e+06
6.09998e+06
6.09999e+06
6.09999e+06
6.09999e+06
6.09999e+06
6.09999e+06
6.1e+06
6.1e+06
6.1e+06
6.1e+06
6.1e+06
6.1e+06
6.1e+06
6.1e+06
6.1e+06
6.1e+06
6.09996e+06
6.10005e+06
6.1e+06
6.10004e+06
6.1e+06
6.10002e+06
6.09999e+06
6.1e+06
6.09998e+06
6.09999e+06
6.09998e+06
6.09999e+06
6.09998e+06
6.09999e+06
6.09999e+06
6.09999e+06
6.09999e+06
6.09999e+06
6.09999e+06
6.09999e+06
6.1e+06
6.1e+06
6.1e+06
6.1e+06
6.1e+06
6.1e+06
6.1e+06
6.1e+06
6.1e+06
6.1e+06
6.1e+06
6.09981e+06
6.09988e+06
6.09985e+06
6.09989e+06
6.09988e+06
6.09992e+06
6.09991e+06
6.09994e+06
6.09994e+06
6.09996e+06
6.09996e+06
6.09997e+06
6.09998e+06
6.09998e+06
6.09998e+06
6.09999e+06
6.09999e+06
6.09999e+06
6.09999e+06
6.09999e+06
6.1e+06
6.1e+06
6.1e+06
6.1e+06
6.1e+06
6.1e+06
6.1e+06
6.1e+06
6.1e+06
6.1e+06
6.1e+06
6.09996e+06
6.10002e+06
6.1e+06
6.10002e+06
6.1e+06
6.10001e+06
6.1e+06
6.1e+06
6.09999e+06
6.09999e+06
6.09999e+06
6.09999e+06
6.09999e+06
6.09999e+06
6.09999e+06
6.09999e+06
6.09999e+06
6.09999e+06
6.09999e+06
6.1e+06
6.1e+06
6.1e+06
6.1e+06
6.1e+06
6.1e+06
6.1e+06
6.1e+06
6.1e+06
6.1e+06
6.1e+06
6.1e+06
6.09989e+06
6.09995e+06
6.09992e+06
6.09995e+06
6.09994e+06
6.09996e+06
6.09995e+06
6.09997e+06
6.09997e+06
6.09997e+06
6.09998e+06
6.09998e+06
6.09998e+06
6.09999e+06
6.09999e+06
6.09999e+06
6.09999e+06
6.09999e+06
6.09999e+06
6.1e+06
6.1e+06
6.1e+06
6.1e+06
6.1e+06
6.1e+06
6.1e+06
6.1e+06
6.1e+06
6.1e+06
6.1e+06
6.1e+06
6.09997e+06
6.10001e+06
6.09999e+06
6.10001e+06
6.1e+06
6.1e+06
6.1e+06
6.1e+06
6.1e+06
6.1e+06
6.09999e+06
6.09999e+06
6.09999e+06
6.09999e+06
6.09999e+06
6.09999e+06
6.09999e+06
6.1e+06
6.1e+06
6.1e+06
6.1e+06
6.1e+06
6.1e+06
6.1e+06
6.1e+06
6.1e+06
6.1e+06
6.1e+06
6.1e+06
6.1e+06
6.1e+06
6.09994e+06
6.09997e+06
6.09996e+06
6.09997e+06
6.09997e+06
6.09998e+06
6.09997e+06
6.09998e+06
6.09998e+06
6.09999e+06
6.09999e+06
6.09999e+06
6.09999e+06
6.09999e+06
6.09999e+06
6.09999e+06
6.09999e+06
6.1e+06
6.1e+06
6.1e+06
6.1e+06
6.1e+06
6.1e+06
6.1e+06
6.1e+06
6.1e+06
6.1e+06
6.1e+06
6.1e+06
6.1e+06
6.1e+06
6.09998e+06
6.10001e+06
6.09999e+06
6.1e+06
6.1e+06
6.1e+06
6.1e+06
6.1e+06
6.1e+06
6.1e+06
6.1e+06
6.1e+06
6.1e+06
6.1e+06
6.1e+06
6.1e+06
6.1e+06
6.1e+06
6.1e+06
6.1e+06
6.1e+06
6.1e+06
6.1e+06
6.1e+06
6.1e+06
6.1e+06
6.1e+06
6.1e+06
6.1e+06
6.1e+06
6.1e+06
6.09996e+06
6.09998e+06
6.09997e+06
6.09998e+06
6.09998e+06
6.09999e+06
6.09999e+06
6.09999e+06
6.09999e+06
6.09999e+06
6.09999e+06
6.09999e+06
6.09999e+06
6.09999e+06
6.1e+06
6.1e+06
6.1e+06
6.1e+06
6.1e+06
6.1e+06
6.1e+06
6.1e+06
6.1e+06
6.1e+06
6.1e+06
6.1e+06
6.1e+06
6.1e+06
6.1e+06
6.1e+06
6.1e+06
6.09998e+06
6.1e+06
6.09999e+06
6.1e+06
6.1e+06
6.1e+06
6.1e+06
6.1e+06
6.1e+06
6.1e+06
6.1e+06
6.1e+06
6.1e+06
6.1e+06
6.1e+06
6.1e+06
6.1e+06
6.1e+06
6.1e+06
6.1e+06
6.1e+06
6.1e+06
6.1e+06
6.1e+06
6.1e+06
6.1e+06
6.1e+06
6.1e+06
6.1e+06
6.1e+06
6.1e+06
6.09998e+06
6.09999e+06
6.09998e+06
6.09999e+06
6.09999e+06
6.09999e+06
6.09999e+06
6.09999e+06
6.09999e+06
6.09999e+06
6.09999e+06
6.1e+06
6.1e+06
6.1e+06
6.1e+06
6.1e+06
6.1e+06
6.1e+06
6.1e+06
6.1e+06
6.1e+06
6.1e+06
6.1e+06
6.1e+06
6.1e+06
6.1e+06
6.1e+06
6.1e+06
6.1e+06
6.1e+06
6.1e+06
6.09999e+06
6.1e+06
6.09999e+06
6.1e+06
6.1e+06
6.1e+06
6.1e+06
6.1e+06
6.1e+06
6.1e+06
6.1e+06
6.1e+06
6.1e+06
6.1e+06
6.1e+06
6.1e+06
6.1e+06
6.1e+06
6.1e+06
6.1e+06
6.1e+06
6.1e+06
6.1e+06
6.1e+06
6.1e+06
6.1e+06
6.1e+06
6.1e+06
6.1e+06
6.1e+06
6.1e+06
6.09998e+06
6.1e+06
6.09999e+06
6.1e+06
6.09999e+06
6.1e+06
6.09999e+06
6.1e+06
6.1e+06
6.1e+06
6.1e+06
6.1e+06
6.1e+06
6.1e+06
6.1e+06
6.1e+06
6.1e+06
6.1e+06
6.1e+06
6.1e+06
6.1e+06
6.1e+06
6.1e+06
6.1e+06
6.1e+06
6.1e+06
6.1e+06
6.1e+06
6.1e+06
6.1e+06
6.1e+06
6.09999e+06
6.1e+06
6.1e+06
6.1e+06
6.1e+06
6.1e+06
6.1e+06
6.1e+06
6.1e+06
6.1e+06
6.1e+06
6.1e+06
6.1e+06
6.1e+06
6.1e+06
6.1e+06
6.1e+06
6.1e+06
6.1e+06
6.1e+06
6.1e+06
6.1e+06
6.1e+06
6.1e+06
6.1e+06
6.1e+06
6.1e+06
6.1e+06
6.1e+06
6.1e+06
6.1e+06
6.09999e+06
6.1e+06
6.09999e+06
6.1e+06
6.1e+06
6.1e+06
6.1e+06
6.1e+06
6.1e+06
6.1e+06
6.1e+06
6.1e+06
6.1e+06
6.1e+06
6.1e+06
6.1e+06
6.1e+06
6.1e+06
6.1e+06
6.1e+06
6.1e+06
6.1e+06
6.1e+06
6.1e+06
6.1e+06
6.1e+06
6.1e+06
6.1e+06
6.1e+06
6.1e+06
6.1e+06
6.09999e+06
6.1e+06
6.1e+06
6.1e+06
6.1e+06
6.1e+06
6.1e+06
6.1e+06
6.1e+06
6.1e+06
6.1e+06
6.1e+06
6.1e+06
6.1e+06
6.1e+06
6.1e+06
6.1e+06
6.1e+06
6.1e+06
6.1e+06
6.1e+06
6.1e+06
6.1e+06
6.1e+06
6.1e+06
6.1e+06
6.1e+06
6.1e+06
6.1e+06
6.1e+06
6.1e+06
6.09999e+06
6.1e+06
6.1e+06
6.1e+06
6.1e+06
6.1e+06
6.1e+06
6.1e+06
6.1e+06
6.1e+06
6.1e+06
6.1e+06
6.1e+06
6.1e+06
6.1e+06
6.1e+06
6.1e+06
6.1e+06
6.1e+06
6.1e+06
6.1e+06
6.1e+06
6.1e+06
6.1e+06
6.1e+06
6.1e+06
6.1e+06
6.1e+06
6.1e+06
6.1e+06
6.1e+06
6.1e+06
6.1e+06
6.1e+06
6.1e+06
6.1e+06
6.1e+06
6.1e+06
6.1e+06
6.1e+06
6.1e+06
6.1e+06
6.1e+06
6.1e+06
6.1e+06
6.1e+06
6.1e+06
6.1e+06
6.1e+06
6.1e+06
6.1e+06
6.1e+06
6.1e+06
6.1e+06
6.1e+06
6.1e+06
6.1e+06
6.1e+06
6.1e+06
6.1e+06
6.1e+06
6.1e+06
6.1e+06
6.1e+06
6.1e+06
6.1e+06
6.1e+06
6.1e+06
6.1e+06
6.1e+06
6.1e+06
6.1e+06
6.1e+06
6.1e+06
6.1e+06
6.1e+06
6.1e+06
6.1e+06
6.1e+06
6.1e+06
6.1e+06
6.1e+06
6.1e+06
6.1e+06
6.1e+06
6.1e+06
6.1e+06
6.1e+06
6.1e+06
6.1e+06
6.1e+06
6.1e+06
6.1e+06
6.1e+06
6.1e+06
6.1e+06
6.1e+06
6.1e+06
6.1e+06
6.1e+06
6.1e+06
6.1e+06
6.1e+06
6.1e+06
6.1e+06
6.1e+06
6.1e+06
6.1e+06
6.1e+06
6.1e+06
6.1e+06
6.1e+06
6.1e+06
6.1e+06
6.1e+06
6.1e+06
6.1e+06
6.1e+06
6.1e+06
6.1e+06
6.1e+06
6.1e+06
6.1e+06
6.1e+06
6.1e+06
6.1e+06
6.1e+06
6.1e+06
6.1e+06
6.1e+06
6.1e+06
6.1e+06
6.1e+06
6.1e+06
6.1e+06
6.1e+06
6.1e+06
6.1e+06
6.1e+06
6.1e+06
6.1e+06
6.1e+06
6.1e+06
6.1e+06
6.1e+06
6.1e+06
6.1e+06
6.1e+06
6.1e+06
6.1e+06
6.1e+06
6.1e+06
6.1e+06
6.1e+06
6.1e+06
6.1e+06
6.1e+06
6.1e+06
6.1e+06
6.1e+06
6.1e+06
6.1e+06
6.1e+06
6.1e+06
6.1e+06
6.1e+06
6.1e+06
6.1e+06
6.1e+06
6.1e+06
6.1e+06
6.1e+06
6.1e+06
6.1e+06
6.1e+06
6.1e+06
6.1e+06
6.1e+06
6.1e+06
6.1e+06
6.1e+06
6.1e+06
6.1e+06
6.1e+06
6.1e+06
6.1e+06
6.1e+06
6.1e+06
6.1e+06
6.1e+06
6.1e+06
6.1e+06
6.1e+06
6.1e+06
6.1e+06
6.1e+06
6.1e+06
6.1e+06
6.1e+06
6.1e+06
6.1e+06
6.1e+06
6.1e+06
6.1e+06
6.1e+06
6.1e+06
6.1e+06
6.1e+06
6.1e+06
6.1e+06
6.1e+06
6.1e+06
6.1e+06
6.1e+06
6.1e+06
6.1e+06
6.1e+06
6.1e+06
6.1e+06
6.1e+06
6.1e+06
6.1e+06
6.1e+06
6.1e+06
6.1e+06
6.1e+06
6.1e+06
6.1e+06
6.1e+06
6.1e+06
6.1e+06
6.1e+06
6.1e+06
6.1e+06
6.1e+06
6.1e+06
6.1e+06
6.1e+06
6.1e+06
6.1e+06
6.1e+06
6.1e+06
6.1e+06
6.1e+06
6.1e+06
6.1e+06
6.1e+06
6.1e+06
6.1e+06
6.1e+06
6.1e+06
6.1e+06
6.1e+06
6.1e+06
6.1e+06
6.1e+06
6.1e+06
6.1e+06
6.1e+06
6.1e+06
6.1e+06
6.1e+06
6.1e+06
6.1e+06
6.1e+06
6.1e+06
6.1e+06
6.1e+06
6.1e+06
6.1e+06
6.1e+06
6.1e+06
6.1e+06
6.1e+06
6.1e+06
6.1e+06
6.1e+06
6.1e+06
6.1e+06
6.1e+06
6.1e+06
6.1e+06
6.1e+06
6.1e+06
6.1e+06
6.1e+06
6.1e+06
6.1e+06
6.1e+06
6.1e+06
6.1e+06
6.1e+06
6.1e+06
6.1e+06
6.1e+06
6.1e+06
6.1e+06
6.1e+06
6.1e+06
6.1e+06
6.1e+06
6.1e+06
6.1e+06
6.1e+06
6.1e+06
6.1e+06
6.1e+06
6.1e+06
6.1e+06
6.1e+06
6.1e+06
6.1e+06
6.1e+06
6.1e+06
6.1e+06
6.1e+06
6.1e+06
6.1e+06
6.1e+06
6.1e+06
6.1e+06
6.1e+06
6.1e+06
6.1e+06
6.1e+06
6.1e+06
6.1e+06
6.1e+06
6.1e+06
6.1e+06
6.1e+06
6.1e+06
6.1e+06
6.1e+06
6.1e+06
6.1e+06
6.1e+06
6.1e+06
6.1e+06
6.1e+06
6.1e+06
6.1e+06
6.1e+06
6.1e+06
6.1e+06
6.1e+06
6.1e+06
6.1e+06
6.1e+06
6.1e+06
6.1e+06
6.1e+06
6.1e+06
6.1e+06
6.1e+06
6.1e+06
6.1e+06
6.1e+06
6.1e+06
6.1e+06
6.1e+06
6.1e+06
6.1e+06
6.1e+06
6.1e+06
6.1e+06
6.1e+06
6.1e+06
6.1e+06
6.1e+06
6.1e+06
6.1e+06
6.1e+06
6.1e+06
6.1e+06
6.1e+06
6.1e+06
6.1e+06
6.1e+06
6.1e+06
6.1e+06
6.1e+06
6.1e+06
6.1e+06
6.1e+06
6.1e+06
6.1e+06
6.1e+06
6.1e+06
6.1e+06
6.1e+06
6.1e+06
6.1e+06
6.1e+06
6.1e+06
6.1e+06
6.1e+06
6.1e+06
6.1e+06
6.1e+06
6.1e+06
6.1e+06
6.1e+06
6.1e+06
6.1e+06
6.1e+06
6.1e+06
6.1e+06
6.1e+06
6.1e+06
6.1e+06
6.1e+06
6.1e+06
6.1e+06
6.1e+06
6.1e+06
6.1e+06
6.1e+06
6.1e+06
6.1e+06
6.1e+06
6.1e+06
6.1e+06
6.1e+06
6.1e+06
6.1e+06
6.1e+06
6.1e+06
6.1e+06
6.1e+06
6.1e+06
6.1e+06
6.1e+06
6.1e+06
6.10001e+06
6.10001e+06
6.10001e+06
6.10001e+06
6.10001e+06
6.10001e+06
6.1e+06
6.1e+06
6.1e+06
6.1e+06
6.1e+06
6.1e+06
6.1e+06
6.1e+06
6.1e+06
6.1e+06
6.1e+06
6.1e+06
6.1e+06
6.1e+06
6.1e+06
6.1e+06
6.1e+06
6.1e+06
6.1e+06
6.1e+06
6.1e+06
6.1e+06
6.1e+06
6.1e+06
6.1e+06
6.09999e+06
6.09999e+06
6.09999e+06
6.09999e+06
6.09999e+06
6.09999e+06
6.09999e+06
6.1e+06
6.1e+06
6.1e+06
6.1e+06
6.1e+06
6.1e+06
6.1e+06
6.1e+06
6.1e+06
6.1e+06
6.1e+06
6.1e+06
6.1e+06
6.1e+06
6.1e+06
6.1e+06
6.1e+06
6.1e+06
6.1e+06
6.1e+06
6.1e+06
6.1e+06
6.1e+06
6.1e+06
6.10001e+06
6.10001e+06
6.10001e+06
6.10001e+06
6.10001e+06
6.10001e+06
6.10001e+06
6.10001e+06
6.10001e+06
6.10001e+06
6.10001e+06
6.1e+06
6.1e+06
6.1e+06
6.1e+06
6.1e+06
6.1e+06
6.1e+06
6.1e+06
6.1e+06
6.1e+06
6.1e+06
6.1e+06
6.1e+06
6.1e+06
6.1e+06
6.1e+06
6.1e+06
6.1e+06
6.1e+06
6.1e+06
6.09998e+06
6.09998e+06
6.09998e+06
6.09999e+06
6.09999e+06
6.09999e+06
6.09999e+06
6.09999e+06
6.09999e+06
6.09999e+06
6.09999e+06
6.1e+06
6.1e+06
6.1e+06
6.1e+06
6.1e+06
6.1e+06
6.1e+06
6.1e+06
6.1e+06
6.1e+06
6.1e+06
6.1e+06
6.1e+06
6.1e+06
6.1e+06
6.1e+06
6.1e+06
6.1e+06
6.1e+06
6.1e+06
6.10003e+06
6.10003e+06
6.10003e+06
6.10002e+06
6.10002e+06
6.10002e+06
6.10002e+06
6.10002e+06
6.10001e+06
6.10001e+06
6.10001e+06
6.10001e+06
6.10001e+06
6.10001e+06
6.10001e+06
6.10001e+06
6.1e+06
6.1e+06
6.1e+06
6.1e+06
6.1e+06
6.1e+06
6.1e+06
6.1e+06
6.1e+06
6.1e+06
6.1e+06
6.1e+06
6.1e+06
6.1e+06
6.1e+06
6.03288e+06
6.05714e+06
6.0553e+06
6.05933e+06
6.0587e+06
6.07921e+06
6.07258e+06
6.07244e+06
6.07091e+06
6.07083e+06
6.04938e+06
6.06056e+06
6.05885e+06
6.06117e+06
6.06078e+06
6.07099e+06
6.07193e+06
6.07143e+06
6.07129e+06
6.07114e+06
6.06298e+06
6.06378e+06
6.06358e+06
6.06405e+06
6.06397e+06
6.07167e+06
6.07184e+06
6.07169e+06
6.07168e+06
6.07161e+06
6.06653e+06
6.06679e+06
6.06676e+06
6.06691e+06
6.06689e+06
6.07276e+06
6.07294e+06
6.07285e+06
6.07286e+06
6.07282e+06
6.06905e+06
6.06926e+06
6.06925e+06
6.06936e+06
6.06934e+06
6.07475e+06
6.07493e+06
6.07484e+06
6.07485e+06
6.07482e+06
6.07096e+06
6.07117e+06
6.07117e+06
6.0713e+06
6.07127e+06
6.07766e+06
6.07781e+06
6.0777e+06
6.07769e+06
6.07766e+06
6.07216e+06
6.07236e+06
6.07233e+06
6.07247e+06
6.07238e+06
6.0818e+06
6.08192e+06
6.0817e+06
6.08162e+06
6.08155e+06
6.07289e+06
6.07301e+06
6.0726e+06
6.07234e+06
6.0719e+06
6.08819e+06
6.08815e+06
6.08778e+06
6.08728e+06
6.08738e+06
6.07719e+06
6.07705e+06
6.07492e+06
6.07305e+06
6.06766e+06
6.09702e+06
6.09725e+06
6.0966e+06
6.09659e+06
6.09439e+06
6.0988e+06
6.0986e+06
6.09966e+06
6.09956e+06
6.09987e+06
6.09985e+06
6.09994e+06
6.09994e+06
6.09997e+06
6.09997e+06
6.09998e+06
6.09999e+06
6.09999e+06
6.09999e+06
6.09999e+06
6.1e+06
6.1e+06
6.1e+06
6.1e+06
6.1e+06
6.1e+06
6.1e+06
6.1e+06
6.1e+06
6.1e+06
6.1e+06
6.09518e+06
6.09555e+06
6.09543e+06
6.09645e+06
6.09601e+06
6.09932e+06
6.09886e+06
6.09975e+06
6.09961e+06
6.09988e+06
6.09985e+06
6.09994e+06
6.09994e+06
6.09996e+06
6.09997e+06
6.09998e+06
6.09998e+06
6.09999e+06
6.09999e+06
6.09999e+06
6.09999e+06
6.1e+06
6.1e+06
6.1e+06
6.1e+06
6.1e+06
6.1e+06
6.1e+06
6.1e+06
6.1e+06
6.1e+06
6.09961e+06
6.09977e+06
6.09958e+06
6.09978e+06
6.09947e+06
6.09992e+06
6.09967e+06
6.09992e+06
6.09982e+06
6.09994e+06
6.09991e+06
6.09996e+06
6.09995e+06
6.09997e+06
6.09997e+06
6.09998e+06
6.09999e+06
6.09999e+06
6.09999e+06
6.09999e+06
6.09999e+06
6.1e+06
6.1e+06
6.1e+06
6.1e+06
6.1e+06
6.1e+06
6.1e+06
6.1e+06
6.1e+06
6.1e+06
6.09881e+06
6.09899e+06
6.09889e+06
6.0992e+06
6.0991e+06
6.09962e+06
6.09952e+06
6.09981e+06
6.09977e+06
6.0999e+06
6.09989e+06
6.09994e+06
6.09995e+06
6.09997e+06
6.09997e+06
6.09998e+06
6.09998e+06
6.09999e+06
6.09999e+06
6.09999e+06
6.09999e+06
6.1e+06
6.1e+06
6.1e+06
6.1e+06
6.1e+06
6.1e+06
6.1e+06
6.1e+06
6.1e+06
6.1e+06
6.09995e+06
6.10006e+06
6.09997e+06
6.10004e+06
6.09994e+06
6.10002e+06
6.09993e+06
6.09999e+06
6.09994e+06
6.09998e+06
6.09996e+06
6.09998e+06
6.09997e+06
6.09998e+06
6.09998e+06
6.09999e+06
6.09999e+06
6.09999e+06
6.09999e+06
6.09999e+06
6.09999e+06
6.1e+06
6.1e+06
6.1e+06
6.1e+06
6.1e+06
6.1e+06
6.1e+06
6.1e+06
6.1e+06
6.1e+06
6.09959e+06
6.0997e+06
6.09964e+06
6.09974e+06
6.09971e+06
6.09982e+06
6.0998e+06
6.09989e+06
6.09988e+06
6.09993e+06
6.09993e+06
6.09996e+06
6.09996e+06
6.09997e+06
6.09998e+06
6.09998e+06
6.09999e+06
6.09999e+06
6.09999e+06
6.09999e+06
6.09999e+06
6.1e+06
6.1e+06
6.1e+06
6.1e+06
6.1e+06
6.1e+06
6.1e+06
6.1e+06
6.1e+06
6.1e+06
6.09996e+06
6.10005e+06
6.1e+06
6.10004e+06
6.1e+06
6.10002e+06
6.09999e+06
6.1e+06
6.09998e+06
6.09999e+06
6.09998e+06
6.09999e+06
6.09998e+06
6.09999e+06
6.09999e+06
6.09999e+06
6.09999e+06
6.09999e+06
6.09999e+06
6.09999e+06
6.1e+06
6.1e+06
6.1e+06
6.1e+06
6.1e+06
6.1e+06
6.1e+06
6.1e+06
6.1e+06
6.1e+06
6.1e+06
6.09981e+06
6.09988e+06
6.09985e+06
6.09989e+06
6.09988e+06
6.09992e+06
6.09991e+06
6.09994e+06
6.09994e+06
6.09996e+06
6.09996e+06
6.09997e+06
6.09998e+06
6.09998e+06
6.09998e+06
6.09999e+06
6.09999e+06
6.09999e+06
6.09999e+06
6.09999e+06
6.1e+06
6.1e+06
6.1e+06
6.1e+06
6.1e+06
6.1e+06
6.1e+06
6.1e+06
6.1e+06
6.1e+06
6.1e+06
6.09996e+06
6.10002e+06
6.1e+06
6.10002e+06
6.1e+06
6.10001e+06
6.1e+06
6.1e+06
6.09999e+06
6.09999e+06
6.09999e+06
6.09999e+06
6.09999e+06
6.09999e+06
6.09999e+06
6.09999e+06
6.09999e+06
6.09999e+06
6.09999e+06
6.1e+06
6.1e+06
6.1e+06
6.1e+06
6.1e+06
6.1e+06
6.1e+06
6.1e+06
6.1e+06
6.1e+06
6.1e+06
6.1e+06
6.09989e+06
6.09995e+06
6.09992e+06
6.09995e+06
6.09994e+06
6.09996e+06
6.09995e+06
6.09997e+06
6.09997e+06
6.09997e+06
6.09998e+06
6.09998e+06
6.09998e+06
6.09999e+06
6.09999e+06
6.09999e+06
6.09999e+06
6.09999e+06
6.09999e+06
6.1e+06
6.1e+06
6.1e+06
6.1e+06
6.1e+06
6.1e+06
6.1e+06
6.1e+06
6.1e+06
6.1e+06
6.1e+06
6.1e+06
6.09997e+06
6.10001e+06
6.09999e+06
6.10001e+06
6.1e+06
6.1e+06
6.1e+06
6.1e+06
6.1e+06
6.1e+06
6.09999e+06
6.09999e+06
6.09999e+06
6.09999e+06
6.09999e+06
6.09999e+06
6.09999e+06
6.1e+06
6.1e+06
6.1e+06
6.1e+06
6.1e+06
6.1e+06
6.1e+06
6.1e+06
6.1e+06
6.1e+06
6.1e+06
6.1e+06
6.1e+06
6.1e+06
6.09994e+06
6.09997e+06
6.09996e+06
6.09997e+06
6.09997e+06
6.09998e+06
6.09997e+06
6.09998e+06
6.09998e+06
6.09999e+06
6.09999e+06
6.09999e+06
6.09999e+06
6.09999e+06
6.09999e+06
6.09999e+06
6.09999e+06
6.1e+06
6.1e+06
6.1e+06
6.1e+06
6.1e+06
6.1e+06
6.1e+06
6.1e+06
6.1e+06
6.1e+06
6.1e+06
6.1e+06
6.1e+06
6.1e+06
6.09998e+06
6.10001e+06
6.09999e+06
6.1e+06
6.1e+06
6.1e+06
6.1e+06
6.1e+06
6.1e+06
6.1e+06
6.1e+06
6.1e+06
6.1e+06
6.1e+06
6.1e+06
6.1e+06
6.1e+06
6.1e+06
6.1e+06
6.1e+06
6.1e+06
6.1e+06
6.1e+06
6.1e+06
6.1e+06
6.1e+06
6.1e+06
6.1e+06
6.1e+06
6.1e+06
6.1e+06
6.09996e+06
6.09998e+06
6.09997e+06
6.09998e+06
6.09998e+06
6.09999e+06
6.09999e+06
6.09999e+06
6.09999e+06
6.09999e+06
6.09999e+06
6.09999e+06
6.09999e+06
6.09999e+06
6.1e+06
6.1e+06
6.1e+06
6.1e+06
6.1e+06
6.1e+06
6.1e+06
6.1e+06
6.1e+06
6.1e+06
6.1e+06
6.1e+06
6.1e+06
6.1e+06
6.1e+06
6.1e+06
6.1e+06
6.09998e+06
6.1e+06
6.09999e+06
6.1e+06
6.1e+06
6.1e+06
6.1e+06
6.1e+06
6.1e+06
6.1e+06
6.1e+06
6.1e+06
6.1e+06
6.1e+06
6.1e+06
6.1e+06
6.1e+06
6.1e+06
6.1e+06
6.1e+06
6.1e+06
6.1e+06
6.1e+06
6.1e+06
6.1e+06
6.1e+06
6.1e+06
6.1e+06
6.1e+06
6.1e+06
6.1e+06
6.09998e+06
6.09999e+06
6.09998e+06
6.09999e+06
6.09999e+06
6.09999e+06
6.09999e+06
6.09999e+06
6.09999e+06
6.09999e+06
6.09999e+06
6.1e+06
6.1e+06
6.1e+06
6.1e+06
6.1e+06
6.1e+06
6.1e+06
6.1e+06
6.1e+06
6.1e+06
6.1e+06
6.1e+06
6.1e+06
6.1e+06
6.1e+06
6.1e+06
6.1e+06
6.1e+06
6.1e+06
6.1e+06
6.09999e+06
6.1e+06
6.09999e+06
6.1e+06
6.1e+06
6.1e+06
6.1e+06
6.1e+06
6.1e+06
6.1e+06
6.1e+06
6.1e+06
6.1e+06
6.1e+06
6.1e+06
6.1e+06
6.1e+06
6.1e+06
6.1e+06
6.1e+06
6.1e+06
6.1e+06
6.1e+06
6.1e+06
6.1e+06
6.1e+06
6.1e+06
6.1e+06
6.1e+06
6.1e+06
6.1e+06
6.09998e+06
6.1e+06
6.09999e+06
6.1e+06
6.09999e+06
6.1e+06
6.09999e+06
6.1e+06
6.1e+06
6.1e+06
6.1e+06
6.1e+06
6.1e+06
6.1e+06
6.1e+06
6.1e+06
6.1e+06
6.1e+06
6.1e+06
6.1e+06
6.1e+06
6.1e+06
6.1e+06
6.1e+06
6.1e+06
6.1e+06
6.1e+06
6.1e+06
6.1e+06
6.1e+06
6.1e+06
6.09999e+06
6.1e+06
6.1e+06
6.1e+06
6.1e+06
6.1e+06
6.1e+06
6.1e+06
6.1e+06
6.1e+06
6.1e+06
6.1e+06
6.1e+06
6.1e+06
6.1e+06
6.1e+06
6.1e+06
6.1e+06
6.1e+06
6.1e+06
6.1e+06
6.1e+06
6.1e+06
6.1e+06
6.1e+06
6.1e+06
6.1e+06
6.1e+06
6.1e+06
6.1e+06
6.1e+06
6.09999e+06
6.1e+06
6.09999e+06
6.1e+06
6.1e+06
6.1e+06
6.1e+06
6.1e+06
6.1e+06
6.1e+06
6.1e+06
6.1e+06
6.1e+06
6.1e+06
6.1e+06
6.1e+06
6.1e+06
6.1e+06
6.1e+06
6.1e+06
6.1e+06
6.1e+06
6.1e+06
6.1e+06
6.1e+06
6.1e+06
6.1e+06
6.1e+06
6.1e+06
6.1e+06
6.1e+06
6.09999e+06
6.1e+06
6.1e+06
6.1e+06
6.1e+06
6.1e+06
6.1e+06
6.1e+06
6.1e+06
6.1e+06
6.1e+06
6.1e+06
6.1e+06
6.1e+06
6.1e+06
6.1e+06
6.1e+06
6.1e+06
6.1e+06
6.1e+06
6.1e+06
6.1e+06
6.1e+06
6.1e+06
6.1e+06
6.1e+06
6.1e+06
6.1e+06
6.1e+06
6.1e+06
6.1e+06
6.09999e+06
6.1e+06
6.1e+06
6.1e+06
6.1e+06
6.1e+06
6.1e+06
6.1e+06
6.1e+06
6.1e+06
6.1e+06
6.1e+06
6.1e+06
6.1e+06
6.1e+06
6.1e+06
6.1e+06
6.1e+06
6.1e+06
6.1e+06
6.1e+06
6.1e+06
6.1e+06
6.1e+06
6.1e+06
6.1e+06
6.1e+06
6.1e+06
6.1e+06
6.1e+06
6.1e+06
6.1e+06
6.1e+06
6.1e+06
6.1e+06
6.1e+06
6.1e+06
6.1e+06
6.1e+06
6.1e+06
6.1e+06
6.1e+06
6.1e+06
6.1e+06
6.1e+06
6.1e+06
6.1e+06
6.1e+06
6.1e+06
6.1e+06
6.1e+06
6.1e+06
6.1e+06
6.1e+06
6.1e+06
6.1e+06
6.1e+06
6.1e+06
6.1e+06
6.1e+06
6.1e+06
6.1e+06
6.1e+06
6.1e+06
6.1e+06
6.1e+06
6.1e+06
6.1e+06
6.1e+06
6.1e+06
6.1e+06
6.1e+06
6.1e+06
6.1e+06
6.1e+06
6.1e+06
6.1e+06
6.1e+06
6.1e+06
6.1e+06
6.1e+06
6.1e+06
6.1e+06
6.1e+06
6.1e+06
6.1e+06
6.1e+06
6.1e+06
6.1e+06
6.1e+06
6.1e+06
6.1e+06
6.1e+06
6.1e+06
6.1e+06
6.1e+06
6.1e+06
6.1e+06
6.1e+06
6.1e+06
6.1e+06
6.1e+06
6.1e+06
6.1e+06
6.1e+06
6.1e+06
6.1e+06
6.1e+06
6.1e+06
6.1e+06
6.1e+06
6.1e+06
6.1e+06
6.1e+06
6.1e+06
6.1e+06
6.1e+06
6.1e+06
6.1e+06
6.1e+06
6.1e+06
6.1e+06
6.1e+06
6.1e+06
6.1e+06
6.1e+06
6.1e+06
6.1e+06
6.1e+06
6.1e+06
6.1e+06
6.1e+06
6.1e+06
6.1e+06
6.1e+06
6.1e+06
6.1e+06
6.1e+06
6.1e+06
6.1e+06
6.1e+06
6.1e+06
6.1e+06
6.1e+06
6.1e+06
6.1e+06
6.1e+06
6.1e+06
6.1e+06
6.1e+06
6.1e+06
6.1e+06
6.1e+06
6.1e+06
6.1e+06
6.1e+06
6.1e+06
6.1e+06
6.1e+06
6.1e+06
6.1e+06
6.1e+06
6.1e+06
6.1e+06
6.1e+06
6.1e+06
6.1e+06
6.1e+06
6.1e+06
6.1e+06
6.1e+06
6.1e+06
6.1e+06
6.1e+06
6.1e+06
6.1e+06
6.1e+06
6.1e+06
6.1e+06
6.1e+06
6.1e+06
6.1e+06
6.1e+06
6.1e+06
6.1e+06
6.1e+06
6.1e+06
6.1e+06
6.1e+06
6.1e+06
6.1e+06
6.1e+06
6.1e+06
6.1e+06
6.1e+06
6.1e+06
6.1e+06
6.1e+06
6.1e+06
6.1e+06
6.1e+06
6.1e+06
6.1e+06
6.1e+06
6.1e+06
6.1e+06
6.1e+06
6.1e+06
6.1e+06
6.1e+06
6.1e+06
6.1e+06
6.1e+06
6.1e+06
6.1e+06
6.1e+06
6.1e+06
6.1e+06
6.1e+06
6.1e+06
6.1e+06
6.1e+06
6.1e+06
6.1e+06
6.1e+06
6.1e+06
6.1e+06
6.1e+06
6.1e+06
6.1e+06
6.1e+06
6.1e+06
6.1e+06
6.1e+06
6.1e+06
6.1e+06
6.1e+06
6.1e+06
6.1e+06
6.1e+06
6.1e+06
6.1e+06
6.1e+06
6.1e+06
6.1e+06
6.1e+06
6.1e+06
6.1e+06
6.1e+06
6.1e+06
6.1e+06
6.1e+06
6.1e+06
6.1e+06
6.1e+06
6.1e+06
6.1e+06
6.1e+06
6.1e+06
6.1e+06
6.1e+06
6.1e+06
6.1e+06
6.1e+06
6.1e+06
6.1e+06
6.1e+06
6.1e+06
6.1e+06
6.1e+06
6.1e+06
6.1e+06
6.1e+06
6.1e+06
6.1e+06
6.1e+06
6.1e+06
6.1e+06
6.1e+06
6.1e+06
6.1e+06
6.1e+06
6.1e+06
6.1e+06
6.1e+06
6.1e+06
6.1e+06
6.1e+06
6.1e+06
6.1e+06
6.1e+06
6.1e+06
6.1e+06
6.1e+06
6.1e+06
6.1e+06
6.1e+06
6.1e+06
6.1e+06
6.1e+06
6.1e+06
6.1e+06
6.1e+06
6.1e+06
6.1e+06
6.1e+06
6.1e+06
6.1e+06
6.1e+06
6.1e+06
6.1e+06
6.1e+06
6.1e+06
6.1e+06
6.1e+06
6.1e+06
6.1e+06
6.1e+06
6.1e+06
6.1e+06
6.1e+06
6.1e+06
6.1e+06
6.1e+06
6.1e+06
6.1e+06
6.1e+06
6.1e+06
6.1e+06
6.1e+06
6.1e+06
6.1e+06
6.1e+06
6.1e+06
6.1e+06
6.1e+06
6.1e+06
6.1e+06
6.1e+06
6.1e+06
6.1e+06
6.1e+06
6.1e+06
6.1e+06
6.1e+06
6.1e+06
6.1e+06
6.1e+06
6.1e+06
6.1e+06
6.1e+06
6.1e+06
6.1e+06
6.1e+06
6.1e+06
6.1e+06
6.1e+06
6.1e+06
6.1e+06
6.1e+06
6.1e+06
6.1e+06
6.1e+06
6.1e+06
6.1e+06
6.1e+06
6.1e+06
6.1e+06
6.1e+06
6.1e+06
6.1e+06
6.1e+06
6.1e+06
6.1e+06
6.1e+06
6.1e+06
6.1e+06
6.1e+06
6.1e+06
6.1e+06
6.1e+06
6.1e+06
6.1e+06
6.1e+06
6.1e+06
6.1e+06
6.1e+06
6.1e+06
6.1e+06
6.1e+06
6.1e+06
6.1e+06
6.1e+06
6.1e+06
6.1e+06
6.1e+06
6.1e+06
6.1e+06
6.1e+06
6.1e+06
6.1e+06
6.1e+06
6.1e+06
6.1e+06
6.1e+06
6.1e+06
6.1e+06
6.1e+06
6.1e+06
6.1e+06
6.1e+06
6.1e+06
6.1e+06
6.1e+06
6.1e+06
6.1e+06
6.1e+06
6.1e+06
6.1e+06
6.1e+06
6.1e+06
6.1e+06
6.1e+06
6.1e+06
6.1e+06
6.1e+06
6.1e+06
6.1e+06
6.1e+06
6.1e+06
6.1e+06
6.1e+06
6.1e+06
6.1e+06
6.10001e+06
6.10001e+06
6.10001e+06
6.10001e+06
6.10001e+06
6.10001e+06
6.1e+06
6.1e+06
6.1e+06
6.1e+06
6.1e+06
6.1e+06
6.1e+06
6.1e+06
6.1e+06
6.1e+06
6.1e+06
6.1e+06
6.1e+06
6.1e+06
6.1e+06
6.1e+06
6.1e+06
6.1e+06
6.1e+06
6.1e+06
6.1e+06
6.1e+06
6.1e+06
6.1e+06
6.1e+06
6.09999e+06
6.09999e+06
6.09999e+06
6.09999e+06
6.09999e+06
6.09999e+06
6.09999e+06
6.1e+06
6.1e+06
6.1e+06
6.1e+06
6.1e+06
6.1e+06
6.1e+06
6.1e+06
6.1e+06
6.1e+06
6.1e+06
6.1e+06
6.1e+06
6.1e+06
6.1e+06
6.1e+06
6.1e+06
6.1e+06
6.1e+06
6.1e+06
6.1e+06
6.1e+06
6.1e+06
6.1e+06
6.10001e+06
6.10001e+06
6.10001e+06
6.10001e+06
6.10001e+06
6.10001e+06
6.10001e+06
6.10001e+06
6.10001e+06
6.10001e+06
6.10001e+06
6.1e+06
6.1e+06
6.1e+06
6.1e+06
6.1e+06
6.1e+06
6.1e+06
6.1e+06
6.1e+06
6.1e+06
6.1e+06
6.1e+06
6.1e+06
6.1e+06
6.1e+06
6.1e+06
6.1e+06
6.1e+06
6.1e+06
6.1e+06
6.09998e+06
6.09998e+06
6.09998e+06
6.09999e+06
6.09999e+06
6.09999e+06
6.09999e+06
6.09999e+06
6.09999e+06
6.09999e+06
6.09999e+06
6.1e+06
6.1e+06
6.1e+06
6.1e+06
6.1e+06
6.1e+06
6.1e+06
6.1e+06
6.1e+06
6.1e+06
6.1e+06
6.1e+06
6.1e+06
6.1e+06
6.1e+06
6.1e+06
6.1e+06
6.1e+06
6.1e+06
6.1e+06
6.10003e+06
6.10003e+06
6.10003e+06
6.10002e+06
6.10002e+06
6.10002e+06
6.10002e+06
6.10002e+06
6.10001e+06
6.10001e+06
6.10001e+06
6.10001e+06
6.10001e+06
6.10001e+06
6.10001e+06
6.10001e+06
6.1e+06
6.1e+06
6.1e+06
6.1e+06
6.1e+06
6.1e+06
6.1e+06
6.1e+06
6.1e+06
6.1e+06
6.1e+06
6.1e+06
6.1e+06
6.1e+06
6.1e+06
)
;

boundaryField
{
    inlet
    {
        type            fixedValue;
        value           uniform 6.1e+06;
    }
    outlet
    {
        type            fixedValue;
        value           nonuniform List<scalar> 0();
    }
    walls
    {
        type            fixedFluxPressure;
        gradient        uniform 0;
        value           nonuniform List<scalar> 
86
(
6.0587e+06
6.07083e+06
6.06078e+06
6.07114e+06
6.06397e+06
6.07161e+06
6.06689e+06
6.07282e+06
6.06934e+06
6.07482e+06
6.07127e+06
6.07766e+06
6.07238e+06
6.08155e+06
6.0719e+06
6.08738e+06
6.06766e+06
6.0587e+06
6.07083e+06
6.06078e+06
6.07114e+06
6.06397e+06
6.07161e+06
6.06689e+06
6.07282e+06
6.06934e+06
6.07482e+06
6.07127e+06
6.07766e+06
6.07238e+06
6.08155e+06
6.0719e+06
6.08738e+06
6.06766e+06
6.0988e+06
6.0986e+06
6.09966e+06
6.09956e+06
6.09987e+06
6.09985e+06
6.09994e+06
6.09994e+06
6.09997e+06
6.09997e+06
6.09998e+06
6.09999e+06
6.09999e+06
6.09999e+06
6.09999e+06
6.1e+06
6.1e+06
6.1e+06
6.1e+06
6.1e+06
6.1e+06
6.1e+06
6.1e+06
6.1e+06
6.1e+06
6.1e+06
6.0988e+06
6.0986e+06
6.09966e+06
6.09956e+06
6.09987e+06
6.09985e+06
6.09994e+06
6.09994e+06
6.09997e+06
6.09997e+06
6.09998e+06
6.09999e+06
6.09999e+06
6.09999e+06
6.09999e+06
6.1e+06
6.1e+06
6.1e+06
6.1e+06
6.1e+06
6.1e+06
6.1e+06
6.1e+06
6.1e+06
6.1e+06
6.1e+06
)
;
    }
    side1
    {
        type            cyclic;
    }
    side2
    {
        type            cyclic;
    }
    procBoundary5to4
    {
        type            processor;
        value           nonuniform List<scalar> 
90
(
6.08564e+06
6.06804e+06
6.07285e+06
6.06924e+06
6.06979e+06
6.1e+06
6.1e+06
6.1e+06
6.1e+06
6.1e+06
6.1e+06
6.1e+06
6.1e+06
6.1e+06
6.1e+06
6.1e+06
6.1e+06
6.1e+06
6.1e+06
6.1e+06
6.1e+06
6.1e+06
6.1e+06
6.1e+06
6.1e+06
6.1e+06
6.1e+06
6.1e+06
6.1e+06
6.1e+06
6.1e+06
6.1e+06
6.1e+06
6.1e+06
6.1e+06
6.1e+06
6.1e+06
6.1e+06
6.1e+06
6.1e+06
6.1e+06
6.1e+06
6.1e+06
6.1e+06
6.1e+06
6.08564e+06
6.06804e+06
6.07285e+06
6.06924e+06
6.06979e+06
6.1e+06
6.1e+06
6.1e+06
6.1e+06
6.1e+06
6.1e+06
6.1e+06
6.1e+06
6.1e+06
6.1e+06
6.1e+06
6.1e+06
6.1e+06
6.1e+06
6.1e+06
6.1e+06
6.1e+06
6.1e+06
6.1e+06
6.1e+06
6.1e+06
6.1e+06
6.1e+06
6.1e+06
6.1e+06
6.1e+06
6.1e+06
6.1e+06
6.1e+06
6.1e+06
6.1e+06
6.1e+06
6.1e+06
6.1e+06
6.1e+06
6.1e+06
6.1e+06
6.1e+06
6.1e+06
6.1e+06
)
;
    }
}


// ************************************************************************* //
