/*--------------------------------*- C++ -*----------------------------------*\
| =========                 |                                                 |
| \\      /  F ield         | OpenFOAM: The Open Source CFD Toolbox           |
|  \\    /   O peration     | Version:  v2012                                 |
|   \\  /    A nd           | Website:  www.openfoam.com                      |
|    \\/     M anipulation  |                                                 |
\*---------------------------------------------------------------------------*/
FoamFile
{
    version     2.0;
    format      ascii;
    class       volScalarField;
    location    "0.4";
    object      p_rgh;
}
// * * * * * * * * * * * * * * * * * * * * * * * * * * * * * * * * * * * * * //

dimensions      [1 -1 -2 0 0 0 0];


internalField   nonuniform List<scalar> 
2650
(
6.24924e+06
6.19469e+06
6.18604e+06
6.16827e+06
6.16466e+06
6.22972e+06
6.19696e+06
6.16474e+06
6.1595e+06
6.1523e+06
6.17914e+06
6.17821e+06
6.1292e+06
6.13325e+06
6.12363e+06
6.1787e+06
6.13935e+06
6.08186e+06
6.08349e+06
6.07437e+06
6.07516e+06
6.05459e+06
6.01153e+06
6.01369e+06
6.00757e+06
5.94936e+06
5.95154e+06
5.92271e+06
5.92575e+06
5.92275e+06
5.82235e+06
5.83473e+06
5.82806e+06
5.82914e+06
5.82954e+06
5.76273e+06
5.73792e+06
5.73766e+06
5.73032e+06
5.73265e+06
5.63392e+06
5.61396e+06
5.64108e+06
5.63356e+06
5.6373e+06
5.4986e+06
5.49842e+06
5.53748e+06
5.53605e+06
5.54039e+06
5.36352e+06
5.3908e+06
5.43078e+06
5.43776e+06
5.44333e+06
5.32305e+06
5.3149e+06
5.34008e+06
5.33952e+06
5.34689e+06
5.20295e+06
5.21453e+06
5.24814e+06
5.24282e+06
5.24678e+06
5.16869e+06
5.20362e+06
5.20938e+06
5.19248e+06
5.19535e+06
5.05066e+06
5.12534e+06
5.11535e+06
5.09592e+06
5.082e+06
5.38862e+06
5.39824e+06
5.3527e+06
5.33376e+06
5.30235e+06
5.22281e+06
5.18949e+06
5.11104e+06
5.00496e+06
4.65094e+06
5.95471e+06
5.93877e+06
5.94835e+06
5.91048e+06
5.80643e+06
5.99751e+06
6.04622e+06
6.07917e+06
6.08814e+06
6.09511e+06
6.0976e+06
6.0993e+06
6.10006e+06
6.10059e+06
6.10085e+06
6.10099e+06
6.10106e+06
6.10107e+06
6.10105e+06
6.10101e+06
6.10096e+06
6.1009e+06
6.10084e+06
6.10077e+06
6.10071e+06
6.10065e+06
6.10059e+06
6.10053e+06
6.10047e+06
6.10042e+06
6.10037e+06
5.943e+06
5.94462e+06
5.96026e+06
5.97742e+06
6.0005e+06
6.0731e+06
6.07432e+06
6.09059e+06
6.09296e+06
6.09719e+06
6.09856e+06
6.09974e+06
6.10028e+06
6.1007e+06
6.10089e+06
6.101e+06
6.10106e+06
6.10107e+06
6.10104e+06
6.101e+06
6.10095e+06
6.10089e+06
6.10083e+06
6.10076e+06
6.1007e+06
6.10064e+06
6.10058e+06
6.10052e+06
6.10047e+06
6.10042e+06
6.10037e+06
6.07231e+06
6.07375e+06
6.0735e+06
6.07484e+06
6.0724e+06
6.08464e+06
6.0871e+06
6.09347e+06
6.09545e+06
6.09792e+06
6.09907e+06
6.09993e+06
6.10039e+06
6.10073e+06
6.1009e+06
6.10099e+06
6.10104e+06
6.10105e+06
6.10102e+06
6.10098e+06
6.10093e+06
6.10087e+06
6.10081e+06
6.10075e+06
6.10069e+06
6.10063e+06
6.10057e+06
6.10051e+06
6.10046e+06
6.10041e+06
6.10036e+06
6.07518e+06
6.07476e+06
6.07754e+06
6.08083e+06
6.08492e+06
6.09186e+06
6.09336e+06
6.09687e+06
6.09772e+06
6.09913e+06
6.09978e+06
6.10032e+06
6.10061e+06
6.10083e+06
6.10095e+06
6.101e+06
6.10104e+06
6.10103e+06
6.101e+06
6.10096e+06
6.10091e+06
6.10085e+06
6.10079e+06
6.10073e+06
6.10067e+06
6.10061e+06
6.10056e+06
6.1005e+06
6.10045e+06
6.1004e+06
6.10035e+06
6.09545e+06
6.09549e+06
6.09595e+06
6.09623e+06
6.09642e+06
6.09749e+06
6.09777e+06
6.09884e+06
6.09917e+06
6.09981e+06
6.10023e+06
6.10053e+06
6.10072e+06
6.10087e+06
6.10095e+06
6.10099e+06
6.10101e+06
6.101e+06
6.10097e+06
6.10093e+06
6.10088e+06
6.10082e+06
6.10077e+06
6.10071e+06
6.10065e+06
6.10059e+06
6.10054e+06
6.10049e+06
6.10044e+06
6.10039e+06
6.10034e+06
6.09575e+06
6.09622e+06
6.09603e+06
6.09664e+06
6.09739e+06
6.09831e+06
6.09879e+06
6.09961e+06
6.09983e+06
6.10024e+06
6.10053e+06
6.1007e+06
6.10082e+06
6.10091e+06
6.10096e+06
6.10097e+06
6.10099e+06
6.10097e+06
6.10093e+06
6.10089e+06
6.10084e+06
6.10079e+06
6.10074e+06
6.10068e+06
6.10062e+06
6.10057e+06
6.10052e+06
6.10047e+06
6.10042e+06
6.10037e+06
6.10033e+06
6.09988e+06
6.0999e+06
6.10031e+06
6.10019e+06
6.10003e+06
6.10019e+06
6.10024e+06
6.10051e+06
6.10048e+06
6.10065e+06
6.10079e+06
6.10084e+06
6.10089e+06
6.10093e+06
6.10095e+06
6.10095e+06
6.10095e+06
6.10093e+06
6.10089e+06
6.10085e+06
6.1008e+06
6.10075e+06
6.1007e+06
6.10065e+06
6.10059e+06
6.10054e+06
6.10049e+06
6.10045e+06
6.1004e+06
6.10036e+06
6.10031e+06
6.09946e+06
6.09956e+06
6.09994e+06
6.09996e+06
6.09992e+06
6.10016e+06
6.10026e+06
6.10054e+06
6.10052e+06
6.10071e+06
6.10084e+06
6.10086e+06
6.10089e+06
6.10091e+06
6.10091e+06
6.1009e+06
6.1009e+06
6.10087e+06
6.10084e+06
6.1008e+06
6.10076e+06
6.10071e+06
6.10066e+06
6.10061e+06
6.10056e+06
6.10051e+06
6.10047e+06
6.10042e+06
6.10038e+06
6.10034e+06
6.1003e+06
6.10047e+06
6.10056e+06
6.10091e+06
6.10082e+06
6.10064e+06
6.10063e+06
6.10072e+06
6.1008e+06
6.10074e+06
6.10087e+06
6.10095e+06
6.1009e+06
6.10089e+06
6.10089e+06
6.10088e+06
6.10085e+06
6.10084e+06
6.10081e+06
6.10078e+06
6.10074e+06
6.1007e+06
6.10066e+06
6.10062e+06
6.10057e+06
6.10053e+06
6.10048e+06
6.10044e+06
6.10039e+06
6.10035e+06
6.10032e+06
6.10028e+06
6.10036e+06
6.10046e+06
6.10077e+06
6.10064e+06
6.10055e+06
6.10053e+06
6.10065e+06
6.10079e+06
6.10066e+06
6.1008e+06
6.10086e+06
6.10084e+06
6.10083e+06
6.10083e+06
6.10081e+06
6.10078e+06
6.10077e+06
6.10075e+06
6.10072e+06
6.10068e+06
6.10065e+06
6.10061e+06
6.10057e+06
6.10053e+06
6.10049e+06
6.10045e+06
6.1004e+06
6.10037e+06
6.10033e+06
6.10029e+06
6.10026e+06
6.10077e+06
6.10078e+06
6.10097e+06
6.10092e+06
6.10077e+06
6.10069e+06
6.10068e+06
6.10077e+06
6.10072e+06
6.10081e+06
6.10086e+06
6.1008e+06
6.10079e+06
6.10076e+06
6.10074e+06
6.10071e+06
6.1007e+06
6.10068e+06
6.10066e+06
6.10062e+06
6.10059e+06
6.10056e+06
6.10052e+06
6.10048e+06
6.10045e+06
6.10041e+06
6.10037e+06
6.10034e+06
6.1003e+06
6.10027e+06
6.10024e+06
6.10059e+06
6.10058e+06
6.10082e+06
6.10077e+06
6.10067e+06
6.10063e+06
6.10065e+06
6.10069e+06
6.10061e+06
6.10068e+06
6.10072e+06
6.1007e+06
6.10069e+06
6.10067e+06
6.10066e+06
6.10064e+06
6.10063e+06
6.10061e+06
6.10059e+06
6.10056e+06
6.10053e+06
6.1005e+06
6.10047e+06
6.10044e+06
6.1004e+06
6.10037e+06
6.10034e+06
6.10031e+06
6.10028e+06
6.10025e+06
6.10022e+06
6.10063e+06
6.10065e+06
6.10088e+06
6.1008e+06
6.10073e+06
6.10075e+06
6.10068e+06
6.10072e+06
6.10065e+06
6.10063e+06
6.10067e+06
6.10063e+06
6.10062e+06
6.1006e+06
6.10058e+06
6.10057e+06
6.10056e+06
6.10054e+06
6.10052e+06
6.1005e+06
6.10048e+06
6.10045e+06
6.10042e+06
6.10039e+06
6.10036e+06
6.10033e+06
6.1003e+06
6.10027e+06
6.10025e+06
6.10022e+06
6.1002e+06
6.10042e+06
6.10051e+06
6.10083e+06
6.10075e+06
6.10061e+06
6.10065e+06
6.10063e+06
6.10067e+06
6.10057e+06
6.10055e+06
6.10058e+06
6.10055e+06
6.10054e+06
6.10052e+06
6.10051e+06
6.10049e+06
6.10048e+06
6.10047e+06
6.10046e+06
6.10044e+06
6.10042e+06
6.10039e+06
6.10037e+06
6.10035e+06
6.10032e+06
6.10029e+06
6.10027e+06
6.10024e+06
6.10022e+06
6.1002e+06
6.10017e+06
6.10043e+06
6.10056e+06
6.10076e+06
6.10068e+06
6.10062e+06
6.10067e+06
6.10064e+06
6.10069e+06
6.10059e+06
6.10055e+06
6.10056e+06
6.1005e+06
6.10048e+06
6.10045e+06
6.10044e+06
6.10042e+06
6.10042e+06
6.10041e+06
6.10039e+06
6.10038e+06
6.10036e+06
6.10034e+06
6.10032e+06
6.1003e+06
6.10028e+06
6.10026e+06
6.10023e+06
6.10021e+06
6.10019e+06
6.10017e+06
6.10015e+06
6.10038e+06
6.10049e+06
6.10069e+06
6.10061e+06
6.10057e+06
6.10062e+06
6.10059e+06
6.10065e+06
6.10051e+06
6.1005e+06
6.1005e+06
6.10043e+06
6.10041e+06
6.10038e+06
6.10037e+06
6.10036e+06
6.10035e+06
6.10034e+06
6.10033e+06
6.10032e+06
6.10031e+06
6.10029e+06
6.10028e+06
6.10026e+06
6.10024e+06
6.10022e+06
6.1002e+06
6.10018e+06
6.10017e+06
6.10015e+06
6.10013e+06
6.10038e+06
6.10054e+06
6.10066e+06
6.10062e+06
6.10053e+06
6.1005e+06
6.10056e+06
6.10056e+06
6.10046e+06
6.10047e+06
6.10046e+06
6.1004e+06
6.10037e+06
6.10033e+06
6.10031e+06
6.1003e+06
6.10029e+06
6.10028e+06
6.10028e+06
6.10027e+06
6.10026e+06
6.10024e+06
6.10023e+06
6.10022e+06
6.1002e+06
6.10019e+06
6.10017e+06
6.10015e+06
6.10014e+06
6.10013e+06
6.10011e+06
6.10035e+06
6.10042e+06
6.10069e+06
6.1006e+06
6.10044e+06
6.10049e+06
6.10052e+06
6.10054e+06
6.1004e+06
6.10042e+06
6.10041e+06
6.10034e+06
6.10031e+06
6.10028e+06
6.10026e+06
6.10024e+06
6.10023e+06
6.10023e+06
6.10023e+06
6.10022e+06
6.10021e+06
6.1002e+06
6.10019e+06
6.10018e+06
6.10016e+06
6.10015e+06
6.10014e+06
6.10013e+06
6.10012e+06
6.1001e+06
6.10009e+06
6.10041e+06
6.10052e+06
6.10053e+06
6.10053e+06
6.10042e+06
6.10042e+06
6.1004e+06
6.10041e+06
6.10036e+06
6.10037e+06
6.10035e+06
6.10029e+06
6.10026e+06
6.10023e+06
6.10021e+06
6.1002e+06
6.10019e+06
6.10019e+06
6.10018e+06
6.10017e+06
6.10017e+06
6.10016e+06
6.10015e+06
6.10014e+06
6.10013e+06
6.10012e+06
6.10011e+06
6.1001e+06
6.10009e+06
6.10008e+06
6.10007e+06
6.10037e+06
6.10048e+06
6.10051e+06
6.10049e+06
6.10039e+06
6.10043e+06
6.10039e+06
6.10035e+06
6.10029e+06
6.10029e+06
6.10027e+06
6.10022e+06
6.1002e+06
6.10018e+06
6.10017e+06
6.10015e+06
6.10014e+06
6.10014e+06
6.10014e+06
6.10013e+06
6.10013e+06
6.10012e+06
6.10011e+06
6.10011e+06
6.1001e+06
6.10009e+06
6.10009e+06
6.10008e+06
6.10007e+06
6.10006e+06
6.10006e+06
6.10033e+06
6.10046e+06
6.1005e+06
6.1005e+06
6.1004e+06
6.10043e+06
6.10035e+06
6.10032e+06
6.10027e+06
6.10023e+06
6.10021e+06
6.10018e+06
6.10016e+06
6.10014e+06
6.10013e+06
6.10012e+06
6.10011e+06
6.1001e+06
6.1001e+06
6.1001e+06
6.10009e+06
6.10009e+06
6.10008e+06
6.10008e+06
6.10007e+06
6.10007e+06
6.10006e+06
6.10006e+06
6.10005e+06
6.10005e+06
6.10004e+06
6.10023e+06
6.10035e+06
6.10049e+06
6.10049e+06
6.10032e+06
6.10035e+06
6.10031e+06
6.10026e+06
6.10022e+06
6.10018e+06
6.10017e+06
6.10014e+06
6.10013e+06
6.1001e+06
6.10009e+06
6.10008e+06
6.10007e+06
6.10007e+06
6.10007e+06
6.10006e+06
6.10006e+06
6.10006e+06
6.10005e+06
6.10005e+06
6.10005e+06
6.10004e+06
6.10004e+06
6.10004e+06
6.10003e+06
6.10003e+06
6.10003e+06
6.1002e+06
6.10033e+06
6.10044e+06
6.10044e+06
6.10033e+06
6.10033e+06
6.10028e+06
6.10025e+06
6.10021e+06
6.10016e+06
6.10014e+06
6.10012e+06
6.1001e+06
6.10008e+06
6.10006e+06
6.10005e+06
6.10004e+06
6.10004e+06
6.10004e+06
6.10004e+06
6.10003e+06
6.10003e+06
6.10003e+06
6.10003e+06
6.10003e+06
6.10002e+06
6.10002e+06
6.10002e+06
6.10002e+06
6.10002e+06
6.10001e+06
6.10019e+06
6.10031e+06
6.10042e+06
6.1004e+06
6.10035e+06
6.10033e+06
6.10028e+06
6.10028e+06
6.10021e+06
6.10016e+06
6.10013e+06
6.1001e+06
6.10008e+06
6.10005e+06
6.10004e+06
6.10002e+06
6.10001e+06
6.10001e+06
6.10001e+06
6.10001e+06
6.10001e+06
6.10001e+06
6.10001e+06
6.10001e+06
6.10001e+06
6.10001e+06
6.10001e+06
6.10001e+06
6.1e+06
6.1e+06
6.1e+06
6.10016e+06
6.10032e+06
6.10038e+06
6.10038e+06
6.1003e+06
6.10026e+06
6.10025e+06
6.10023e+06
6.10017e+06
6.10013e+06
6.10011e+06
6.10008e+06
6.10005e+06
6.10002e+06
6.10001e+06
6.09999e+06
6.09999e+06
6.09999e+06
6.09999e+06
6.09999e+06
6.09999e+06
6.09999e+06
6.09999e+06
6.09999e+06
6.09999e+06
6.09999e+06
6.09999e+06
6.09999e+06
6.09999e+06
6.09999e+06
6.09999e+06
6.10017e+06
6.10024e+06
6.1004e+06
6.10038e+06
6.10024e+06
6.10028e+06
6.10024e+06
6.10025e+06
6.10016e+06
6.10013e+06
6.10011e+06
6.10007e+06
6.10004e+06
6.10001e+06
6.1e+06
6.09998e+06
6.09998e+06
6.09998e+06
6.09998e+06
6.09998e+06
6.09998e+06
6.09998e+06
6.09998e+06
6.09998e+06
6.09998e+06
6.09998e+06
6.09998e+06
6.09998e+06
6.09999e+06
6.09999e+06
6.09999e+06
6.10014e+06
6.10027e+06
6.10028e+06
6.10032e+06
6.10022e+06
6.10026e+06
6.10022e+06
6.10021e+06
6.10015e+06
6.10012e+06
6.10009e+06
6.10006e+06
6.10003e+06
6.10001e+06
6.1e+06
6.09998e+06
6.09997e+06
6.09997e+06
6.09997e+06
6.09997e+06
6.09997e+06
6.09997e+06
6.09997e+06
6.09997e+06
6.09997e+06
6.09998e+06
6.09998e+06
6.09998e+06
6.09998e+06
6.09998e+06
6.09998e+06
6.10012e+06
6.10024e+06
6.10028e+06
6.10029e+06
6.10021e+06
6.10027e+06
6.10023e+06
6.10018e+06
6.10011e+06
6.10008e+06
6.10006e+06
6.10004e+06
6.10002e+06
6.10001e+06
6.09999e+06
6.09998e+06
6.09997e+06
6.09997e+06
6.09997e+06
6.09997e+06
6.09997e+06
6.09997e+06
6.09997e+06
6.09997e+06
6.09997e+06
6.09997e+06
6.09997e+06
6.09997e+06
6.09997e+06
6.09998e+06
6.09998e+06
6.1001e+06
6.10022e+06
6.10026e+06
6.10031e+06
6.10021e+06
6.10023e+06
6.10018e+06
6.10014e+06
6.10009e+06
6.10005e+06
6.10004e+06
6.10003e+06
6.10002e+06
6.1e+06
6.09999e+06
6.09998e+06
6.09997e+06
6.09997e+06
6.09997e+06
6.09997e+06
6.09997e+06
6.09997e+06
6.09997e+06
6.09997e+06
6.09997e+06
6.09997e+06
6.09997e+06
6.09997e+06
6.09997e+06
6.09997e+06
6.09997e+06
6.10011e+06
6.10018e+06
6.1002e+06
6.10027e+06
6.10016e+06
6.10016e+06
6.10013e+06
6.10009e+06
6.10005e+06
6.10002e+06
6.10002e+06
6.10001e+06
6.10001e+06
6.1e+06
6.09999e+06
6.09998e+06
6.09997e+06
6.09997e+06
6.09997e+06
6.09997e+06
6.09997e+06
6.09997e+06
6.09997e+06
6.09997e+06
6.09997e+06
6.09997e+06
6.09997e+06
6.09997e+06
6.09997e+06
6.09997e+06
6.09997e+06
6.10008e+06
6.10012e+06
6.10023e+06
6.10029e+06
6.10016e+06
6.10013e+06
6.1001e+06
6.10008e+06
6.10004e+06
6.10001e+06
6.10001e+06
6.10001e+06
6.10001e+06
6.1e+06
6.1e+06
6.09999e+06
6.09998e+06
6.09997e+06
6.09997e+06
6.09997e+06
6.09997e+06
6.09997e+06
6.09997e+06
6.09997e+06
6.09997e+06
6.09997e+06
6.09997e+06
6.09997e+06
6.09997e+06
6.09997e+06
6.09997e+06
6.10006e+06
6.1001e+06
6.1002e+06
6.10025e+06
6.10019e+06
6.10013e+06
6.1001e+06
6.10011e+06
6.10005e+06
6.10003e+06
6.10002e+06
6.10002e+06
6.10001e+06
6.1e+06
6.1e+06
6.09999e+06
6.09998e+06
6.09998e+06
6.09997e+06
6.09997e+06
6.09997e+06
6.09997e+06
6.09997e+06
6.09997e+06
6.09997e+06
6.09997e+06
6.09997e+06
6.09997e+06
6.09997e+06
6.09997e+06
6.09997e+06
6.10003e+06
6.10008e+06
6.10017e+06
6.10023e+06
6.10015e+06
6.1001e+06
6.10008e+06
6.10007e+06
6.10003e+06
6.10002e+06
6.10002e+06
6.10001e+06
6.1e+06
6.09999e+06
6.09999e+06
6.09998e+06
6.09998e+06
6.09998e+06
6.09998e+06
6.09997e+06
6.09997e+06
6.09997e+06
6.09997e+06
6.09997e+06
6.09997e+06
6.09997e+06
6.09997e+06
6.09997e+06
6.09997e+06
6.09997e+06
6.09997e+06
6.10008e+06
6.10005e+06
6.10019e+06
6.10024e+06
6.10007e+06
6.10011e+06
6.1001e+06
6.10013e+06
6.10006e+06
6.10003e+06
6.10002e+06
6.1e+06
6.1e+06
6.09999e+06
6.09999e+06
6.09999e+06
6.09998e+06
6.09998e+06
6.09998e+06
6.09998e+06
6.09998e+06
6.09998e+06
6.09998e+06
6.09998e+06
6.09997e+06
6.09997e+06
6.09997e+06
6.09997e+06
6.09997e+06
6.09998e+06
6.09998e+06
6.10006e+06
6.10007e+06
6.1001e+06
6.10015e+06
6.10008e+06
6.10009e+06
6.10008e+06
6.1001e+06
6.10005e+06
6.10003e+06
6.10002e+06
6.1e+06
6.1e+06
6.09999e+06
6.09999e+06
6.09999e+06
6.09999e+06
6.09999e+06
6.09998e+06
6.09998e+06
6.09998e+06
6.09998e+06
6.09998e+06
6.09998e+06
6.09998e+06
6.09998e+06
6.09998e+06
6.09998e+06
6.09998e+06
6.09998e+06
6.09998e+06
6.10008e+06
6.10008e+06
6.10012e+06
6.10016e+06
6.10012e+06
6.10012e+06
6.10009e+06
6.10005e+06
6.1e+06
6.1e+06
6.1e+06
6.1e+06
6.1e+06
6.1e+06
6.1e+06
6.09999e+06
6.09999e+06
6.09999e+06
6.09999e+06
6.09999e+06
6.09999e+06
6.09999e+06
6.09998e+06
6.09998e+06
6.09998e+06
6.09998e+06
6.09998e+06
6.09998e+06
6.09998e+06
6.09998e+06
6.09998e+06
6.10006e+06
6.10004e+06
6.1001e+06
6.10016e+06
6.10008e+06
6.10003e+06
6.09998e+06
6.10001e+06
6.09998e+06
6.09997e+06
6.09998e+06
6.1e+06
6.1e+06
6.1e+06
6.1e+06
6.1e+06
6.09999e+06
6.09999e+06
6.09999e+06
6.09999e+06
6.09999e+06
6.09999e+06
6.09999e+06
6.09999e+06
6.09999e+06
6.09999e+06
6.09999e+06
6.09999e+06
6.09999e+06
6.09999e+06
6.09999e+06
6.1e+06
6.10005e+06
6.10018e+06
6.10021e+06
6.10012e+06
6.10007e+06
6.10006e+06
6.10002e+06
6.09998e+06
6.09998e+06
6.1e+06
6.1e+06
6.10001e+06
6.10001e+06
6.10001e+06
6.1e+06
6.1e+06
6.1e+06
6.1e+06
6.1e+06
6.09999e+06
6.09999e+06
6.09999e+06
6.09999e+06
6.09999e+06
6.09999e+06
6.09999e+06
6.09999e+06
6.09999e+06
6.09999e+06
6.09999e+06
6.09998e+06
6.09999e+06
6.09998e+06
6.09999e+06
6.10004e+06
6.1e+06
6.09999e+06
6.09995e+06
6.09993e+06
6.09995e+06
6.09997e+06
6.09999e+06
6.1e+06
6.1e+06
6.1e+06
6.1e+06
6.1e+06
6.1e+06
6.1e+06
6.1e+06
6.1e+06
6.1e+06
6.1e+06
6.09999e+06
6.09999e+06
6.09999e+06
6.09999e+06
6.09999e+06
6.09999e+06
6.09999e+06
6.09999e+06
6.10006e+06
6.10006e+06
6.09995e+06
6.09991e+06
6.10005e+06
6.10006e+06
6.10006e+06
6.10006e+06
6.10004e+06
6.10002e+06
6.10003e+06
6.10002e+06
6.10002e+06
6.10002e+06
6.10002e+06
6.10001e+06
6.10001e+06
6.10001e+06
6.10001e+06
6.10001e+06
6.1e+06
6.1e+06
6.1e+06
6.1e+06
6.1e+06
6.1e+06
6.1e+06
6.1e+06
6.1e+06
6.1e+06
6.1e+06
6.24923e+06
6.19469e+06
6.18604e+06
6.16827e+06
6.16466e+06
6.22971e+06
6.19696e+06
6.16474e+06
6.1595e+06
6.1523e+06
6.17913e+06
6.17821e+06
6.1292e+06
6.13325e+06
6.12363e+06
6.17869e+06
6.13934e+06
6.08185e+06
6.08349e+06
6.07437e+06
6.07514e+06
6.05458e+06
6.01153e+06
6.01369e+06
6.00757e+06
5.94935e+06
5.95153e+06
5.92271e+06
5.92575e+06
5.92275e+06
5.82235e+06
5.83473e+06
5.82806e+06
5.82914e+06
5.82954e+06
5.76273e+06
5.73792e+06
5.73766e+06
5.73032e+06
5.73265e+06
5.63392e+06
5.61396e+06
5.64108e+06
5.63356e+06
5.6373e+06
5.49861e+06
5.49843e+06
5.53748e+06
5.53605e+06
5.54039e+06
5.36354e+06
5.39081e+06
5.43078e+06
5.43776e+06
5.44333e+06
5.32306e+06
5.31491e+06
5.34009e+06
5.33952e+06
5.34689e+06
5.20296e+06
5.21453e+06
5.24814e+06
5.24282e+06
5.24678e+06
5.16871e+06
5.20363e+06
5.20938e+06
5.19248e+06
5.19535e+06
5.05067e+06
5.12534e+06
5.11535e+06
5.09592e+06
5.082e+06
5.38862e+06
5.39823e+06
5.3527e+06
5.33376e+06
5.30235e+06
5.22281e+06
5.1895e+06
5.11104e+06
5.00496e+06
4.65094e+06
5.95471e+06
5.93877e+06
5.94835e+06
5.91048e+06
5.80643e+06
5.99751e+06
6.04622e+06
6.07917e+06
6.08814e+06
6.09511e+06
6.0976e+06
6.0993e+06
6.10006e+06
6.10059e+06
6.10085e+06
6.10099e+06
6.10106e+06
6.10107e+06
6.10105e+06
6.10101e+06
6.10096e+06
6.1009e+06
6.10084e+06
6.10077e+06
6.10071e+06
6.10065e+06
6.10059e+06
6.10053e+06
6.10047e+06
6.10042e+06
6.10037e+06
5.943e+06
5.94462e+06
5.96026e+06
5.97742e+06
6.0005e+06
6.0731e+06
6.07432e+06
6.09059e+06
6.09296e+06
6.09719e+06
6.09856e+06
6.09974e+06
6.10028e+06
6.1007e+06
6.10089e+06
6.101e+06
6.10106e+06
6.10107e+06
6.10104e+06
6.101e+06
6.10095e+06
6.10089e+06
6.10083e+06
6.10076e+06
6.1007e+06
6.10064e+06
6.10058e+06
6.10052e+06
6.10047e+06
6.10042e+06
6.10037e+06
6.07231e+06
6.07375e+06
6.0735e+06
6.07484e+06
6.0724e+06
6.08464e+06
6.0871e+06
6.09347e+06
6.09545e+06
6.09792e+06
6.09906e+06
6.09993e+06
6.10039e+06
6.10073e+06
6.1009e+06
6.10099e+06
6.10104e+06
6.10105e+06
6.10102e+06
6.10098e+06
6.10093e+06
6.10087e+06
6.10081e+06
6.10075e+06
6.10069e+06
6.10063e+06
6.10057e+06
6.10051e+06
6.10046e+06
6.10041e+06
6.10036e+06
6.07518e+06
6.07476e+06
6.07754e+06
6.08083e+06
6.08492e+06
6.09186e+06
6.09336e+06
6.09687e+06
6.09772e+06
6.09913e+06
6.09978e+06
6.10032e+06
6.10061e+06
6.10083e+06
6.10095e+06
6.101e+06
6.10104e+06
6.10103e+06
6.101e+06
6.10096e+06
6.10091e+06
6.10085e+06
6.10079e+06
6.10073e+06
6.10067e+06
6.10061e+06
6.10056e+06
6.1005e+06
6.10045e+06
6.1004e+06
6.10035e+06
6.09545e+06
6.09549e+06
6.09595e+06
6.09623e+06
6.09642e+06
6.09749e+06
6.09777e+06
6.09884e+06
6.09917e+06
6.09981e+06
6.10023e+06
6.10053e+06
6.10072e+06
6.10087e+06
6.10095e+06
6.10099e+06
6.10101e+06
6.101e+06
6.10097e+06
6.10093e+06
6.10088e+06
6.10082e+06
6.10077e+06
6.10071e+06
6.10065e+06
6.10059e+06
6.10054e+06
6.10049e+06
6.10044e+06
6.10039e+06
6.10034e+06
6.09575e+06
6.09622e+06
6.09603e+06
6.09664e+06
6.09739e+06
6.09831e+06
6.09879e+06
6.09961e+06
6.09983e+06
6.10024e+06
6.10053e+06
6.1007e+06
6.10082e+06
6.10091e+06
6.10096e+06
6.10097e+06
6.10099e+06
6.10097e+06
6.10093e+06
6.10089e+06
6.10084e+06
6.10079e+06
6.10074e+06
6.10068e+06
6.10062e+06
6.10057e+06
6.10052e+06
6.10047e+06
6.10042e+06
6.10037e+06
6.10033e+06
6.09988e+06
6.0999e+06
6.10031e+06
6.10019e+06
6.10003e+06
6.10019e+06
6.10024e+06
6.10051e+06
6.10048e+06
6.10065e+06
6.10079e+06
6.10084e+06
6.10089e+06
6.10093e+06
6.10095e+06
6.10095e+06
6.10095e+06
6.10093e+06
6.10089e+06
6.10085e+06
6.1008e+06
6.10075e+06
6.1007e+06
6.10065e+06
6.10059e+06
6.10054e+06
6.10049e+06
6.10045e+06
6.1004e+06
6.10036e+06
6.10031e+06
6.09946e+06
6.09956e+06
6.09994e+06
6.09996e+06
6.09992e+06
6.10016e+06
6.10026e+06
6.10054e+06
6.10052e+06
6.10071e+06
6.10084e+06
6.10086e+06
6.10089e+06
6.10091e+06
6.10091e+06
6.1009e+06
6.1009e+06
6.10087e+06
6.10084e+06
6.1008e+06
6.10076e+06
6.10071e+06
6.10066e+06
6.10061e+06
6.10056e+06
6.10051e+06
6.10047e+06
6.10042e+06
6.10038e+06
6.10034e+06
6.1003e+06
6.10047e+06
6.10056e+06
6.10091e+06
6.10082e+06
6.10064e+06
6.10063e+06
6.10072e+06
6.1008e+06
6.10074e+06
6.10087e+06
6.10095e+06
6.1009e+06
6.10089e+06
6.10089e+06
6.10088e+06
6.10085e+06
6.10084e+06
6.10081e+06
6.10078e+06
6.10074e+06
6.1007e+06
6.10066e+06
6.10062e+06
6.10057e+06
6.10053e+06
6.10048e+06
6.10044e+06
6.10039e+06
6.10035e+06
6.10032e+06
6.10028e+06
6.10036e+06
6.10046e+06
6.10077e+06
6.10064e+06
6.10055e+06
6.10053e+06
6.10065e+06
6.10079e+06
6.10066e+06
6.1008e+06
6.10086e+06
6.10084e+06
6.10083e+06
6.10083e+06
6.10081e+06
6.10078e+06
6.10077e+06
6.10075e+06
6.10072e+06
6.10068e+06
6.10065e+06
6.10061e+06
6.10057e+06
6.10053e+06
6.10049e+06
6.10045e+06
6.1004e+06
6.10037e+06
6.10033e+06
6.10029e+06
6.10026e+06
6.10077e+06
6.10078e+06
6.10097e+06
6.10092e+06
6.10077e+06
6.10069e+06
6.10068e+06
6.10077e+06
6.10072e+06
6.10081e+06
6.10086e+06
6.1008e+06
6.10079e+06
6.10076e+06
6.10074e+06
6.10071e+06
6.1007e+06
6.10068e+06
6.10066e+06
6.10062e+06
6.10059e+06
6.10056e+06
6.10052e+06
6.10048e+06
6.10045e+06
6.10041e+06
6.10037e+06
6.10034e+06
6.1003e+06
6.10027e+06
6.10024e+06
6.10059e+06
6.10058e+06
6.10082e+06
6.10077e+06
6.10067e+06
6.10063e+06
6.10065e+06
6.10069e+06
6.10061e+06
6.10068e+06
6.10072e+06
6.1007e+06
6.10069e+06
6.10067e+06
6.10066e+06
6.10064e+06
6.10063e+06
6.10061e+06
6.10059e+06
6.10056e+06
6.10053e+06
6.1005e+06
6.10047e+06
6.10044e+06
6.1004e+06
6.10037e+06
6.10034e+06
6.10031e+06
6.10028e+06
6.10025e+06
6.10022e+06
6.10063e+06
6.10065e+06
6.10088e+06
6.1008e+06
6.10073e+06
6.10075e+06
6.10068e+06
6.10072e+06
6.10065e+06
6.10063e+06
6.10067e+06
6.10063e+06
6.10062e+06
6.1006e+06
6.10058e+06
6.10057e+06
6.10056e+06
6.10054e+06
6.10052e+06
6.1005e+06
6.10048e+06
6.10045e+06
6.10042e+06
6.10039e+06
6.10036e+06
6.10033e+06
6.1003e+06
6.10027e+06
6.10025e+06
6.10022e+06
6.1002e+06
6.10042e+06
6.10051e+06
6.10083e+06
6.10075e+06
6.10061e+06
6.10065e+06
6.10063e+06
6.10067e+06
6.10057e+06
6.10055e+06
6.10058e+06
6.10055e+06
6.10054e+06
6.10052e+06
6.10051e+06
6.10049e+06
6.10048e+06
6.10047e+06
6.10046e+06
6.10044e+06
6.10042e+06
6.10039e+06
6.10037e+06
6.10035e+06
6.10032e+06
6.10029e+06
6.10027e+06
6.10024e+06
6.10022e+06
6.1002e+06
6.10017e+06
6.10043e+06
6.10056e+06
6.10076e+06
6.10068e+06
6.10062e+06
6.10067e+06
6.10064e+06
6.10069e+06
6.10059e+06
6.10055e+06
6.10056e+06
6.1005e+06
6.10048e+06
6.10045e+06
6.10044e+06
6.10042e+06
6.10042e+06
6.10041e+06
6.10039e+06
6.10038e+06
6.10036e+06
6.10034e+06
6.10032e+06
6.1003e+06
6.10028e+06
6.10026e+06
6.10023e+06
6.10021e+06
6.10019e+06
6.10017e+06
6.10015e+06
6.10038e+06
6.10049e+06
6.10069e+06
6.10061e+06
6.10057e+06
6.10062e+06
6.10059e+06
6.10065e+06
6.10051e+06
6.1005e+06
6.1005e+06
6.10043e+06
6.10041e+06
6.10038e+06
6.10037e+06
6.10036e+06
6.10035e+06
6.10034e+06
6.10033e+06
6.10032e+06
6.10031e+06
6.10029e+06
6.10028e+06
6.10026e+06
6.10024e+06
6.10022e+06
6.1002e+06
6.10018e+06
6.10017e+06
6.10015e+06
6.10013e+06
6.10038e+06
6.10054e+06
6.10066e+06
6.10062e+06
6.10053e+06
6.1005e+06
6.10056e+06
6.10056e+06
6.10046e+06
6.10047e+06
6.10046e+06
6.1004e+06
6.10037e+06
6.10033e+06
6.10031e+06
6.1003e+06
6.10029e+06
6.10028e+06
6.10028e+06
6.10027e+06
6.10026e+06
6.10024e+06
6.10023e+06
6.10022e+06
6.1002e+06
6.10019e+06
6.10017e+06
6.10015e+06
6.10014e+06
6.10013e+06
6.10011e+06
6.10035e+06
6.10042e+06
6.10069e+06
6.1006e+06
6.10044e+06
6.10049e+06
6.10052e+06
6.10054e+06
6.1004e+06
6.10042e+06
6.10041e+06
6.10034e+06
6.10031e+06
6.10028e+06
6.10026e+06
6.10024e+06
6.10023e+06
6.10023e+06
6.10023e+06
6.10022e+06
6.10021e+06
6.1002e+06
6.10019e+06
6.10018e+06
6.10016e+06
6.10015e+06
6.10014e+06
6.10013e+06
6.10012e+06
6.1001e+06
6.10009e+06
6.10041e+06
6.10052e+06
6.10053e+06
6.10053e+06
6.10042e+06
6.10042e+06
6.1004e+06
6.10041e+06
6.10036e+06
6.10037e+06
6.10035e+06
6.10029e+06
6.10026e+06
6.10023e+06
6.10021e+06
6.1002e+06
6.10019e+06
6.10019e+06
6.10018e+06
6.10017e+06
6.10017e+06
6.10016e+06
6.10015e+06
6.10014e+06
6.10013e+06
6.10012e+06
6.10011e+06
6.1001e+06
6.10009e+06
6.10008e+06
6.10007e+06
6.10037e+06
6.10048e+06
6.10051e+06
6.10049e+06
6.10039e+06
6.10043e+06
6.10039e+06
6.10035e+06
6.10029e+06
6.10029e+06
6.10027e+06
6.10022e+06
6.1002e+06
6.10018e+06
6.10017e+06
6.10015e+06
6.10014e+06
6.10014e+06
6.10014e+06
6.10013e+06
6.10013e+06
6.10012e+06
6.10011e+06
6.10011e+06
6.1001e+06
6.10009e+06
6.10009e+06
6.10008e+06
6.10007e+06
6.10006e+06
6.10006e+06
6.10033e+06
6.10046e+06
6.1005e+06
6.1005e+06
6.1004e+06
6.10043e+06
6.10035e+06
6.10032e+06
6.10027e+06
6.10023e+06
6.10021e+06
6.10018e+06
6.10016e+06
6.10014e+06
6.10013e+06
6.10012e+06
6.10011e+06
6.1001e+06
6.1001e+06
6.1001e+06
6.10009e+06
6.10009e+06
6.10008e+06
6.10008e+06
6.10007e+06
6.10007e+06
6.10006e+06
6.10006e+06
6.10005e+06
6.10005e+06
6.10004e+06
6.10023e+06
6.10035e+06
6.10049e+06
6.10049e+06
6.10032e+06
6.10035e+06
6.10031e+06
6.10026e+06
6.10022e+06
6.10018e+06
6.10017e+06
6.10014e+06
6.10013e+06
6.1001e+06
6.10009e+06
6.10008e+06
6.10007e+06
6.10007e+06
6.10007e+06
6.10006e+06
6.10006e+06
6.10006e+06
6.10005e+06
6.10005e+06
6.10005e+06
6.10004e+06
6.10004e+06
6.10004e+06
6.10003e+06
6.10003e+06
6.10003e+06
6.1002e+06
6.10033e+06
6.10044e+06
6.10044e+06
6.10033e+06
6.10033e+06
6.10028e+06
6.10025e+06
6.10021e+06
6.10016e+06
6.10014e+06
6.10012e+06
6.1001e+06
6.10008e+06
6.10006e+06
6.10005e+06
6.10004e+06
6.10004e+06
6.10004e+06
6.10004e+06
6.10003e+06
6.10003e+06
6.10003e+06
6.10003e+06
6.10003e+06
6.10002e+06
6.10002e+06
6.10002e+06
6.10002e+06
6.10002e+06
6.10001e+06
6.10019e+06
6.10031e+06
6.10042e+06
6.1004e+06
6.10035e+06
6.10033e+06
6.10028e+06
6.10028e+06
6.10021e+06
6.10016e+06
6.10013e+06
6.1001e+06
6.10008e+06
6.10005e+06
6.10004e+06
6.10002e+06
6.10001e+06
6.10001e+06
6.10001e+06
6.10001e+06
6.10001e+06
6.10001e+06
6.10001e+06
6.10001e+06
6.10001e+06
6.10001e+06
6.10001e+06
6.10001e+06
6.1e+06
6.1e+06
6.1e+06
6.10016e+06
6.10032e+06
6.10038e+06
6.10038e+06
6.1003e+06
6.10026e+06
6.10025e+06
6.10023e+06
6.10017e+06
6.10013e+06
6.10011e+06
6.10008e+06
6.10005e+06
6.10002e+06
6.10001e+06
6.09999e+06
6.09999e+06
6.09999e+06
6.09999e+06
6.09999e+06
6.09999e+06
6.09999e+06
6.09999e+06
6.09999e+06
6.09999e+06
6.09999e+06
6.09999e+06
6.09999e+06
6.09999e+06
6.09999e+06
6.09999e+06
6.10017e+06
6.10024e+06
6.1004e+06
6.10038e+06
6.10024e+06
6.10028e+06
6.10024e+06
6.10025e+06
6.10016e+06
6.10013e+06
6.10011e+06
6.10007e+06
6.10004e+06
6.10001e+06
6.1e+06
6.09998e+06
6.09998e+06
6.09998e+06
6.09998e+06
6.09998e+06
6.09998e+06
6.09998e+06
6.09998e+06
6.09998e+06
6.09998e+06
6.09998e+06
6.09998e+06
6.09998e+06
6.09999e+06
6.09999e+06
6.09999e+06
6.10014e+06
6.10027e+06
6.10028e+06
6.10032e+06
6.10022e+06
6.10026e+06
6.10022e+06
6.10021e+06
6.10015e+06
6.10012e+06
6.10009e+06
6.10006e+06
6.10003e+06
6.10001e+06
6.1e+06
6.09998e+06
6.09997e+06
6.09997e+06
6.09997e+06
6.09997e+06
6.09997e+06
6.09997e+06
6.09997e+06
6.09997e+06
6.09997e+06
6.09998e+06
6.09998e+06
6.09998e+06
6.09998e+06
6.09998e+06
6.09998e+06
6.10012e+06
6.10024e+06
6.10028e+06
6.10029e+06
6.10021e+06
6.10027e+06
6.10023e+06
6.10018e+06
6.10011e+06
6.10008e+06
6.10006e+06
6.10004e+06
6.10002e+06
6.10001e+06
6.09999e+06
6.09998e+06
6.09997e+06
6.09997e+06
6.09997e+06
6.09997e+06
6.09997e+06
6.09997e+06
6.09997e+06
6.09997e+06
6.09997e+06
6.09997e+06
6.09997e+06
6.09997e+06
6.09997e+06
6.09998e+06
6.09998e+06
6.1001e+06
6.10022e+06
6.10026e+06
6.10031e+06
6.10021e+06
6.10023e+06
6.10018e+06
6.10014e+06
6.10009e+06
6.10005e+06
6.10004e+06
6.10003e+06
6.10002e+06
6.1e+06
6.09999e+06
6.09998e+06
6.09997e+06
6.09997e+06
6.09997e+06
6.09997e+06
6.09997e+06
6.09997e+06
6.09997e+06
6.09997e+06
6.09997e+06
6.09997e+06
6.09997e+06
6.09997e+06
6.09997e+06
6.09997e+06
6.09997e+06
6.10011e+06
6.10018e+06
6.1002e+06
6.10027e+06
6.10016e+06
6.10016e+06
6.10013e+06
6.10009e+06
6.10005e+06
6.10002e+06
6.10002e+06
6.10001e+06
6.10001e+06
6.1e+06
6.09999e+06
6.09998e+06
6.09997e+06
6.09997e+06
6.09997e+06
6.09997e+06
6.09997e+06
6.09997e+06
6.09997e+06
6.09997e+06
6.09997e+06
6.09997e+06
6.09997e+06
6.09997e+06
6.09997e+06
6.09997e+06
6.09997e+06
6.10008e+06
6.10012e+06
6.10023e+06
6.10029e+06
6.10016e+06
6.10013e+06
6.1001e+06
6.10008e+06
6.10004e+06
6.10001e+06
6.10001e+06
6.10001e+06
6.10001e+06
6.1e+06
6.1e+06
6.09999e+06
6.09998e+06
6.09997e+06
6.09997e+06
6.09997e+06
6.09997e+06
6.09997e+06
6.09997e+06
6.09997e+06
6.09997e+06
6.09997e+06
6.09997e+06
6.09997e+06
6.09997e+06
6.09997e+06
6.09997e+06
6.10006e+06
6.1001e+06
6.1002e+06
6.10025e+06
6.10019e+06
6.10013e+06
6.1001e+06
6.10011e+06
6.10005e+06
6.10003e+06
6.10002e+06
6.10002e+06
6.10001e+06
6.1e+06
6.1e+06
6.09999e+06
6.09998e+06
6.09998e+06
6.09997e+06
6.09997e+06
6.09997e+06
6.09997e+06
6.09997e+06
6.09997e+06
6.09997e+06
6.09997e+06
6.09997e+06
6.09997e+06
6.09997e+06
6.09997e+06
6.09997e+06
6.10003e+06
6.10008e+06
6.10017e+06
6.10023e+06
6.10015e+06
6.1001e+06
6.10008e+06
6.10008e+06
6.10003e+06
6.10002e+06
6.10002e+06
6.10001e+06
6.1e+06
6.09999e+06
6.09999e+06
6.09998e+06
6.09998e+06
6.09998e+06
6.09998e+06
6.09997e+06
6.09997e+06
6.09997e+06
6.09997e+06
6.09997e+06
6.09997e+06
6.09997e+06
6.09997e+06
6.09997e+06
6.09997e+06
6.09997e+06
6.09997e+06
6.10008e+06
6.10005e+06
6.10019e+06
6.10024e+06
6.10007e+06
6.10011e+06
6.1001e+06
6.10013e+06
6.10006e+06
6.10003e+06
6.10002e+06
6.1e+06
6.1e+06
6.09999e+06
6.09999e+06
6.09999e+06
6.09998e+06
6.09998e+06
6.09998e+06
6.09998e+06
6.09998e+06
6.09998e+06
6.09998e+06
6.09998e+06
6.09997e+06
6.09997e+06
6.09997e+06
6.09997e+06
6.09997e+06
6.09998e+06
6.09998e+06
6.10006e+06
6.10007e+06
6.1001e+06
6.10015e+06
6.10008e+06
6.10009e+06
6.10008e+06
6.1001e+06
6.10005e+06
6.10003e+06
6.10002e+06
6.1e+06
6.1e+06
6.09999e+06
6.09999e+06
6.09999e+06
6.09999e+06
6.09999e+06
6.09998e+06
6.09998e+06
6.09998e+06
6.09998e+06
6.09998e+06
6.09998e+06
6.09998e+06
6.09998e+06
6.09998e+06
6.09998e+06
6.09998e+06
6.09998e+06
6.09998e+06
6.10008e+06
6.10008e+06
6.10012e+06
6.10016e+06
6.10012e+06
6.10012e+06
6.10009e+06
6.10005e+06
6.1e+06
6.1e+06
6.1e+06
6.1e+06
6.1e+06
6.1e+06
6.1e+06
6.09999e+06
6.09999e+06
6.09999e+06
6.09999e+06
6.09999e+06
6.09999e+06
6.09999e+06
6.09998e+06
6.09998e+06
6.09998e+06
6.09998e+06
6.09998e+06
6.09998e+06
6.09998e+06
6.09998e+06
6.09998e+06
6.10006e+06
6.10004e+06
6.1001e+06
6.10016e+06
6.10008e+06
6.10003e+06
6.09998e+06
6.10001e+06
6.09998e+06
6.09997e+06
6.09998e+06
6.1e+06
6.1e+06
6.1e+06
6.1e+06
6.1e+06
6.09999e+06
6.09999e+06
6.09999e+06
6.09999e+06
6.09999e+06
6.09999e+06
6.09999e+06
6.09999e+06
6.09999e+06
6.09999e+06
6.09999e+06
6.09999e+06
6.09999e+06
6.09999e+06
6.09999e+06
6.1e+06
6.10005e+06
6.10018e+06
6.10021e+06
6.10012e+06
6.10007e+06
6.10006e+06
6.10002e+06
6.09998e+06
6.09998e+06
6.1e+06
6.1e+06
6.10001e+06
6.10001e+06
6.10001e+06
6.1e+06
6.1e+06
6.1e+06
6.1e+06
6.1e+06
6.09999e+06
6.09999e+06
6.09999e+06
6.09999e+06
6.09999e+06
6.09999e+06
6.09999e+06
6.09999e+06
6.09999e+06
6.09999e+06
6.09999e+06
6.09998e+06
6.09999e+06
6.09998e+06
6.09999e+06
6.10004e+06
6.1e+06
6.09999e+06
6.09995e+06
6.09993e+06
6.09995e+06
6.09997e+06
6.09999e+06
6.1e+06
6.1e+06
6.1e+06
6.1e+06
6.1e+06
6.1e+06
6.1e+06
6.1e+06
6.1e+06
6.1e+06
6.1e+06
6.09999e+06
6.09999e+06
6.09999e+06
6.09999e+06
6.09999e+06
6.09999e+06
6.09999e+06
6.09999e+06
6.10006e+06
6.10006e+06
6.09995e+06
6.09991e+06
6.10005e+06
6.10006e+06
6.10006e+06
6.10006e+06
6.10004e+06
6.10002e+06
6.10003e+06
6.10002e+06
6.10002e+06
6.10002e+06
6.10002e+06
6.10001e+06
6.10001e+06
6.10001e+06
6.10001e+06
6.10001e+06
6.1e+06
6.1e+06
6.1e+06
6.1e+06
6.1e+06
6.1e+06
6.1e+06
6.1e+06
6.1e+06
6.1e+06
6.1e+06
)
;

boundaryField
{
    inlet
    {
        type            fixedValue;
        value           uniform 6.1e+06;
    }
    outlet
    {
        type            fixedValue;
        value           nonuniform List<scalar> 0();
    }
    walls
    {
        type            fixedFluxPressure;
        gradient        uniform 0;
        value           nonuniform List<scalar> 
86
(
6.16466e+06
6.1523e+06
6.12363e+06
6.07437e+06
6.00757e+06
5.92275e+06
5.82954e+06
5.73265e+06
5.6373e+06
5.54039e+06
5.44333e+06
5.34689e+06
5.24678e+06
5.19535e+06
5.082e+06
5.30235e+06
4.65094e+06
6.16466e+06
6.1523e+06
6.12363e+06
6.07437e+06
6.00757e+06
5.92275e+06
5.82954e+06
5.73265e+06
5.6373e+06
5.54039e+06
5.44333e+06
5.34689e+06
5.24678e+06
5.19535e+06
5.082e+06
5.30235e+06
4.65094e+06
5.99751e+06
6.04622e+06
6.07917e+06
6.08814e+06
6.09511e+06
6.0976e+06
6.0993e+06
6.10006e+06
6.10059e+06
6.10085e+06
6.10099e+06
6.10106e+06
6.10107e+06
6.10105e+06
6.10101e+06
6.10096e+06
6.1009e+06
6.10084e+06
6.10077e+06
6.10071e+06
6.10065e+06
6.10059e+06
6.10053e+06
6.10047e+06
6.10042e+06
6.10037e+06
5.99751e+06
6.04622e+06
6.07917e+06
6.08814e+06
6.09511e+06
6.0976e+06
6.0993e+06
6.10006e+06
6.10059e+06
6.10085e+06
6.10099e+06
6.10106e+06
6.10107e+06
6.10105e+06
6.10101e+06
6.10096e+06
6.1009e+06
6.10084e+06
6.10077e+06
6.10071e+06
6.10065e+06
6.10059e+06
6.10053e+06
6.10047e+06
6.10042e+06
6.10037e+06
)
;
    }
    side1
    {
        type            cyclic;
    }
    side2
    {
        type            cyclic;
    }
    procBoundary5to4
    {
        type            processor;
        value           nonuniform List<scalar> 
90
(
6.23117e+06
6.17678e+06
6.20047e+06
6.17344e+06
6.17553e+06
6.10033e+06
6.10032e+06
6.10032e+06
6.10031e+06
6.1003e+06
6.10029e+06
6.10028e+06
6.10026e+06
6.10025e+06
6.10023e+06
6.10021e+06
6.10019e+06
6.10017e+06
6.10015e+06
6.10014e+06
6.10012e+06
6.1001e+06
6.10008e+06
6.10007e+06
6.10005e+06
6.10004e+06
6.10002e+06
6.10001e+06
6.1e+06
6.09999e+06
6.09999e+06
6.09998e+06
6.09998e+06
6.09998e+06
6.09997e+06
6.09997e+06
6.09997e+06
6.09998e+06
6.09998e+06
6.09998e+06
6.09998e+06
6.09999e+06
6.09999e+06
6.09999e+06
6.1e+06
6.23117e+06
6.17677e+06
6.20047e+06
6.17344e+06
6.17553e+06
6.10033e+06
6.10032e+06
6.10032e+06
6.10031e+06
6.1003e+06
6.10029e+06
6.10028e+06
6.10026e+06
6.10025e+06
6.10023e+06
6.10021e+06
6.10019e+06
6.10017e+06
6.10015e+06
6.10014e+06
6.10012e+06
6.1001e+06
6.10008e+06
6.10007e+06
6.10005e+06
6.10004e+06
6.10002e+06
6.10001e+06
6.1e+06
6.09999e+06
6.09999e+06
6.09998e+06
6.09998e+06
6.09998e+06
6.09997e+06
6.09997e+06
6.09997e+06
6.09998e+06
6.09998e+06
6.09998e+06
6.09998e+06
6.09999e+06
6.09999e+06
6.09999e+06
6.1e+06
)
;
    }
}


// ************************************************************************* //
