/*--------------------------------*- C++ -*----------------------------------*\
| =========                 |                                                 |
| \\      /  F ield         | OpenFOAM: The Open Source CFD Toolbox           |
|  \\    /   O peration     | Version:  v2012                                 |
|   \\  /    A nd           | Website:  www.openfoam.com                      |
|    \\/     M anipulation  |                                                 |
\*---------------------------------------------------------------------------*/
FoamFile
{
    version     2.0;
    format      ascii;
    class       volVectorField;
    location    "0.4";
    object      U;
}
// * * * * * * * * * * * * * * * * * * * * * * * * * * * * * * * * * * * * * //

dimensions      [0 1 -1 0 0 0 0];


internalField   nonuniform List<vector> 
2650
(
(0.346036 -42.3478 -0.00296983)
(-0.103198 -43.242 0.000929647)
(1.03524 -45.4598 -0.00902166)
(-0.703188 -34.8979 0.00614593)
(0.636119 -17.6067 -0.00554186)
(0.274585 -42.9583 -0.00235903)
(-0.138106 -43.9998 0.0012272)
(1.01476 -45.0766 -0.0088515)
(-1.14589 -34.5309 0.0100004)
(1.11635 -17.7805 -0.00974468)
(0.169472 -43.112 -0.00144584)
(0.0159916 -44.86 -0.00012434)
(0.725235 -44.4083 -0.00633039)
(-0.903794 -34.6127 0.00788179)
(1.17661 -17.8315 -0.0102789)
(0.150259 -43.645 -0.0012751)
(0.222509 -45.5322 -0.0019373)
(0.295994 -43.8041 -0.00258923)
(-0.284464 -35.0894 0.00247234)
(0.875192 -17.5095 -0.00765171)
(0.0576891 -44.2113 -0.000489719)
(0.336655 -45.8927 -0.00293993)
(0.00587183 -43.5994 -6.35617e-05)
(0.249769 -35.7141 -0.00219742)
(0.450936 -17.0159 -0.00394829)
(-0.133319 -44.6237 0.00116843)
(0.537471 -46.2436 -0.00469311)
(-0.22996 -43.6003 0.00198692)
(0.569335 -36.2271 -0.00499501)
(0.0752139 -16.4865 -0.000669189)
(-0.283667 -44.9364 0.00247786)
(0.811492 -46.7018 -0.00708806)
(-0.455926 -43.5103 0.00395219)
(0.794209 -36.7138 -0.00696023)
(-0.180012 -16.0094 0.00155464)
(-0.250772 -45.4956 0.00218671)
(0.922905 -47.1747 -0.00806696)
(-0.557001 -43.3782 0.00483062)
(0.881607 -37.1993 -0.00771643)
(-0.277845 -15.5189 0.00240343)
(-0.12417 -46.3241 0.00106382)
(0.777969 -47.5111 -0.00681168)
(-0.514829 -43.2965 0.00446291)
(0.737644 -37.6402 -0.00644743)
(-0.13704 -15.0602 0.00117234)
(0.0584973 -47.1343 -0.000531967)
(0.286559 -47.5011 -0.00252425)
(-0.410181 -43.2558 0.00355587)
(0.472505 -38.161 -0.00412232)
(0.299762 -14.6225 -0.00263945)
(0.274717 -47.5959 -0.00240824)
(-0.342334 -46.8874 0.00296337)
(-0.337436 -43.5132 0.00293199)
(0.521214 -39.0676 -0.00454337)
(0.719982 -13.9658 -0.0063051)
(0.415508 -47.6708 -0.00362399)
(-0.865049 -45.5801 0.00752489)
(-0.185741 -44.5339 0.00161748)
(0.884784 -40.3198 -0.00771912)
(0.767208 -12.8726 -0.00671346)
(0.300304 -47.3925 -0.00263699)
(-1.12906 -44.2068 0.0098372)
(0.173999 -46.5169 -0.00151904)
(0.919203 -41.3337 -0.00802312)
(0.533337 -11.7424 -0.00466798)
(-0.080817 -46.1422 0.000695368)
(-0.883704 -43.2513 0.00770954)
(0.412199 -48.3121 -0.00359872)
(0.193628 -41.4417 -0.00169188)
(0.166499 -10.5025 -0.00145319)
(-0.67719 -44.8735 0.00592049)
(-0.691163 -43.6261 0.00603344)
(-0.596094 -49.0668 0.00520136)
(-1.09291 -41.4735 0.0095396)
(-0.299232 -12.1912 0.00261239)
(-1.19836 -41.0162 0.0104629)
(-0.552544 -41.5464 0.00482113)
(-2.4594 -46.0224 0.0214623)
(-2.93281 -39.7439 0.0255971)
(-2.60516 -9.67993 0.0228131)
(-1.69197 -37.6968 0.014767)
(-2.20948 -39.7246 0.0192829)
(-5.32195 -42.7644 0.0464458)
(-6.13532 -41.3928 0.0535522)
(-8.27855 -26.7809 0.0723104)
(-2.04885 -26.9378 0.0178782)
(-5.15876 -28.0459 0.0450209)
(-9.73416 -29.3253 0.084951)
(-15.0525 -27.7538 0.131366)
(-20.2834 -18.8513 0.176985)
(-16.4329 -1.90126 0.143483)
(-9.81061 -2.98597 0.0856431)
(-7.35913 -1.46239 0.0642217)
(-4.9281 -0.978802 0.0430117)
(-3.74536 -0.608796 0.0326863)
(-2.69517 -0.396599 0.0235222)
(-2.07239 -0.259736 0.0180863)
(-1.56336 -0.173585 0.0136443)
(-1.21869 -0.116824 0.010636)
(-0.946702 -0.0794254 0.00826247)
(-0.748794 -0.0542487 0.00653519)
(-0.594826 -0.0372683 0.0051915)
(-0.477732 -0.0257375 0.00416958)
(-0.386379 -0.0178542 0.00337232)
(-0.315407 -0.0124823 0.00275292)
(-0.25938 -0.0087926 0.00226395)
(-0.214904 -0.00625495 0.00187579)
(-0.179281 -0.0044973 0.00156488)
(-0.150511 -0.00327143 0.00131378)
(-0.127106 -0.00240901 0.00110949)
(-0.107926 -0.00179557 0.000942082)
(-0.0920678 -0.00135446 0.00080367)
(-0.0788628 -0.00103388 0.000688414)
(-0.0677796 -0.000798361 0.000591677)
(-0.0584133 -0.000623609 0.000509923)
(-0.0504712 -0.000492542 0.000440557)
(-1.25525 -14.0814 0.0109529)
(-3.10909 -12.9332 0.0271321)
(-5.48393 -12.7372 0.0478588)
(-8.22329 -13.1791 0.0717686)
(-10.6337 -11.9324 0.0928087)
(-9.12391 -6.83476 0.0796402)
(-6.5353 -4.50891 0.0570489)
(-5.86811 -2.73157 0.0512215)
(-4.46049 -1.91955 0.0389379)
(-3.8005 -1.27759 0.0331748)
(-3.03601 -0.925323 0.0265029)
(-2.53959 -0.658435 0.0221689)
(-2.08487 -0.487825 0.0181999)
(-1.74342 -0.360278 0.0152191)
(-1.45201 -0.271008 0.0126754)
(-1.22016 -0.204167 0.0106514)
(-1.02669 -0.15523 0.00896265)
(-0.868046 -0.118418 0.00757775)
(-0.735958 -0.0908797 0.00642469)
(-0.626474 -0.070081 0.00546895)
(-0.534939 -0.0543575 0.00466989)
(-0.458276 -0.0424106 0.00400065)
(-0.393822 -0.0333019 0.00343799)
(-0.339437 -0.0263238 0.00296323)
(-0.293402 -0.0209513 0.00256134)
(-0.254297 -0.0167912 0.00221998)
(-0.220928 -0.0135512 0.00192868)
(-0.192347 -0.0110127 0.00167918)
(-0.167759 -0.00901208 0.00146454)
(-0.146521 -0.0074258 0.00127913)
(-0.128132 -0.00616012 0.00111853)
(-0.804693 -12.5313 0.00702084)
(-1.65151 -12.3069 0.0144117)
(-2.58976 -11.8427 0.0226003)
(-3.66871 -10.0121 0.0320177)
(-5.09962 -7.2878 0.0445079)
(-5.35973 -4.51455 0.0467809)
(-4.82941 -3.76371 0.0421537)
(-4.37407 -2.55701 0.0381798)
(-3.71083 -2.00727 0.0323917)
(-3.24316 -1.4545 0.0283094)
(-2.74953 -1.12264 0.0240011)
(-2.37682 -0.84623 0.0207475)
(-2.03381 -0.655943 0.0177536)
(-1.75778 -0.50656 0.0153441)
(-1.51513 -0.396625 0.013226)
(-1.313 -0.31131 0.0114616)
(-1.13845 -0.246249 0.00993802)
(-0.989661 -0.195495 0.00863918)
(-0.861464 -0.15601 0.00752014)
(-0.75146 -0.124995 0.00655989)
(-0.656446 -0.100584 0.0057305)
(-0.57433 -0.0812745 0.00501368)
(-0.503214 -0.0659585 0.00439288)
(-0.441508 -0.0537661 0.00385422)
(-0.387887 -0.0440286 0.00338613)
(-0.34121 -0.0362238 0.00297868)
(-0.30047 -0.0299458 0.00262304)
(-0.264837 -0.0248775 0.00231199)
(-0.233589 -0.0207706 0.00203921)
(-0.206122 -0.0174298 0.00179941)
(-0.181946 -0.0147008 0.00158828)
(-0.687162 -5.79392 0.00599571)
(-1.51114 -5.68135 0.0131869)
(-2.5888 -5.6148 0.0225921)
(-3.40695 -5.5359 0.0297339)
(-3.86522 -5.09823 0.0337353)
(-3.67331 -4.04155 0.032062)
(-3.4148 -3.29898 0.0298058)
(-3.19857 -2.51469 0.0279187)
(-2.8454 -1.99692 0.0248368)
(-2.59153 -1.53249 0.0226208)
(-2.2907 -1.21022 0.0199954)
(-2.05001 -0.944996 0.0178944)
(-1.81319 -0.750542 0.0158275)
(-1.61219 -0.595648 0.0140729)
(-1.42745 -0.477613 0.0124605)
(-1.26719 -0.384159 0.0110616)
(-1.12402 -0.311082 0.00981186)
(-0.997888 -0.252845 0.00871085)
(-0.886099 -0.206513 0.00773506)
(-0.787503 -0.169313 0.00687441)
(-0.700139 -0.139358 0.00611181)
(-0.622765 -0.115119 0.0054364)
(-0.554186 -0.0954452 0.00483776)
(-0.49335 -0.0794209 0.00430671)
(-0.439362 -0.0663301 0.00383544)
(-0.391416 -0.0556028 0.00341691)
(-0.348768 -0.046787 0.00304462)
(-0.310793 -0.0395217 0.00271314)
(-0.276927 -0.0335173 0.0024175)
(-0.246685 -0.0285404 0.00215347)
(-0.219666 -0.024402 0.00191755)
(-0.304345 -5.17051 0.00265544)
(-0.666509 -5.01105 0.00581617)
(-1.09251 -4.77169 0.00953364)
(-1.51073 -4.33346 0.0131838)
(-1.99039 -3.71503 0.017371)
(-2.22446 -3.01826 0.019415)
(-2.30849 -2.57679 0.0201489)
(-2.29497 -2.06991 0.0200311)
(-2.18361 -1.72531 0.0190596)
(-2.06095 -1.39091 0.0179892)
(-1.89741 -1.14353 0.016562)
(-1.74436 -0.927662 0.0152262)
(-1.58601 -0.760254 0.0138442)
(-1.44154 -0.621309 0.0125832)
(-1.30354 -0.51091 0.0113787)
(-1.1789 -0.42078 0.0102907)
(-1.0642 -0.348145 0.00928953)
(-0.960213 -0.288844 0.00838185)
(-0.86591 -0.240554 0.00755871)
(-0.780849 -0.200965 0.00681622)
(-0.703915 -0.168435 0.00614468)
(-0.634434 -0.141602 0.00553818)
(-0.5717 -0.11941 0.00499058)
(-0.515047 -0.101003 0.00449605)
(-0.463905 -0.0856961 0.00404962)
(-0.41773 -0.0729349 0.00364656)
(-0.376001 -0.0622703 0.00328231)
(-0.338275 -0.0533376 0.002953)
(-0.304138 -0.0458379 0.002655)
(-0.273227 -0.0395261 0.00238513)
(-0.245243 -0.0341997 0.0021408)
(-0.292022 -2.54364 0.00254866)
(-0.644678 -2.5994 0.00562655)
(-1.0268 -2.5953 0.00896065)
(-1.35885 -2.54001 0.0118586)
(-1.61782 -2.4342 0.0141196)
(-1.7257 -2.21042 0.015062)
(-1.77787 -1.98982 0.0155175)
(-1.77656 -1.71524 0.0155062)
(-1.72179 -1.48048 0.0150283)
(-1.65805 -1.24675 0.0144722)
(-1.5633 -1.05366 0.0136454)
(-1.46894 -0.880664 0.012822)
(-1.36594 -0.738724 0.0119231)
(-1.26644 -0.617686 0.0110545)
(-1.16698 -0.518163 0.0101864)
(-1.07344 -0.43503 0.00937002)
(-0.984367 -0.366317 0.00859254)
(-0.901063 -0.309149 0.00786543)
(-0.823584 -0.261657 0.00718915)
(-0.752042 -0.222026 0.00656468)
(-0.685987 -0.1889 0.00598811)
(-0.625197 -0.161137 0.00545749)
(-0.569362 -0.137815 0.00497011)
(-0.518123 -0.118181 0.00452285)
(-0.471163 -0.101615 0.00411294)
(-0.42815 -0.087608 0.00373749)
(-0.38874 -0.0757394 0.00339348)
(-0.352635 -0.0656632 0.00307832)
(-0.319546 -0.057091 0.00278947)
(-0.289216 -0.0497824 0.00252469)
(-0.261436 -0.0435357 0.00228214)
(-0.147245 -2.03573 0.00128489)
(-0.334251 -2.07089 0.00291709)
(-0.54953 -2.03764 0.00479562)
(-0.748664 -1.94721 0.00653316)
(-0.952884 -1.83461 0.00831597)
(-1.10468 -1.67854 0.00964141)
(-1.21786 -1.53845 0.0106296)
(-1.28328 -1.36447 0.0112005)
(-1.30638 -1.21163 0.0114022)
(-1.30394 -1.05351 0.0113812)
(-1.2711 -0.91653 0.0110948)
(-1.22564 -0.788945 0.0106981)
(-1.16712 -0.679283 0.0101874)
(-1.10356 -0.582298 0.00963272)
(-1.03532 -0.499436 0.00903711)
(-0.967302 -0.428027 0.00844344)
(-0.899726 -0.367194 0.00785363)
(-0.834264 -0.31534 0.00728225)
(-0.771653 -0.271214 0.00673577)
(-0.712425 -0.233623 0.0062188)
(-0.656586 -0.201601 0.00573141)
(-0.604233 -0.174305 0.00527444)
(-0.555336 -0.151009 0.00484763)
(-0.509773 -0.131109 0.00444991)
(-0.467419 -0.114086 0.00408022)
(-0.42811 -0.0995041 0.0037371)
(-0.391637 -0.0869931 0.00341874)
(-0.357823 -0.0762425 0.00312358)
(-0.326478 -0.0669882 0.00284995)
(-0.29743 -0.0590062 0.00259637)
(-0.270545 -0.0521055 0.00236164)
(-0.133706 -0.939077 0.00116674)
(-0.303203 -1.03928 0.0026461)
(-0.485901 -1.08795 0.00424018)
(-0.646892 -1.1119 0.00564501)
(-0.793361 -1.1345 0.00692385)
(-0.900977 -1.12517 0.00786357)
(-0.983604 -1.09615 0.0085851)
(-1.03695 -1.03067 0.00905052)
(-1.06387 -0.954664 0.00928539)
(-1.07414 -0.864496 0.00937526)
(-1.06178 -0.776469 0.00926753)
(-1.03841 -0.688672 0.0090637)
(-1.00405 -0.608051 0.00876394)
(-0.963196 -0.533802 0.00840738)
(-0.9164 -0.46747 0.00799898)
(-0.867482 -0.40841 0.00757204)
(-0.816928 -0.356582 0.00713081)
(-0.76623 -0.311344 0.00668832)
(-0.716341 -0.271927 0.00625288)
(-0.667979 -0.237635 0.00583077)
(-0.621384 -0.207857 0.00542407)
(-0.576846 -0.182031 0.00503532)
(-0.534528 -0.159632 0.00466595)
(-0.494485 -0.140215 0.00431642)
(-0.456739 -0.123378 0.00398695)
(-0.421253 -0.10877 0.00367721)
(-0.38793 -0.0960846 0.00338635)
(-0.356688 -0.0850582 0.00311364)
(-0.327416 -0.0754603 0.00285812)
(-0.300014 -0.0670915 0.00261891)
(-0.274409 -0.0597786 0.00239536)
(-0.0814086 -0.578884 0.000710338)
(-0.190454 -0.679477 0.00166214)
(-0.308962 -0.7357 0.00269617)
(-0.418309 -0.767161 0.00365026)
(-0.527056 -0.798261 0.00459964)
(-0.621939 -0.809275 0.00542811)
(-0.706718 -0.806073 0.00616858)
(-0.773403 -0.777725 0.00675035)
(-0.823231 -0.739577 0.00718495)
(-0.856429 -0.689651 0.00747487)
(-0.869039 -0.637543 0.00758509)
(-0.868613 -0.581754 0.00758151)
(-0.856785 -0.527196 0.00747837)
(-0.835826 -0.474206 0.00729551)
(-0.807042 -0.424607 0.00704433)
(-0.774146 -0.378645 0.00675726)
(-0.737941 -0.336839 0.00644128)
(-0.699818 -0.299225 0.00610856)
(-0.66086 -0.265502 0.00576855)
(-0.621994 -0.235439 0.00542932)
(-0.583628 -0.208747 0.00509445)
(-0.546179 -0.185144 0.00476759)
(-0.509934 -0.164311 0.00445122)
(-0.475078 -0.145965 0.00414699)
(-0.441744 -0.129826 0.00385603)
(-0.409995 -0.115638 0.00357891)
(-0.379824 -0.103165 0.00331556)
(-0.351222 -0.0921973 0.0030659)
(-0.324146 -0.0825441 0.00282956)
(-0.298556 -0.0740362 0.00260616)
(-0.274426 -0.066523 0.0023955)
(-0.0678793 -0.0364554 0.000592386)
(-0.159488 -0.155058 0.00139211)
(-0.258725 -0.247673 0.002258)
(-0.349602 -0.32332 0.00305094)
(-0.439604 -0.401569 0.00383614)
(-0.518226 -0.463741 0.00452265)
(-0.588837 -0.504017 0.00513968)
(-0.643239 -0.522823 0.00561434)
(-0.686445 -0.526822 0.00599124)
(-0.718202 -0.517459 0.00626847)
(-0.735292 -0.500134 0.00641774)
(-0.741899 -0.473721 0.0064755)
(-0.739658 -0.443322 0.00645601)
(-0.72955 -0.409772 0.00636783)
(-0.712307 -0.376027 0.00621737)
(-0.690672 -0.342848 0.00602858)
(-0.665281 -0.311093 0.00580701)
(-0.637138 -0.281332 0.00556139)
(-0.607223 -0.25371 0.0053003)
(-0.576475 -0.22837 0.00503194)
(-0.545297 -0.205285 0.00475983)
(-0.514161 -0.184418 0.00448807)
(-0.48342 -0.165635 0.00421975)
(-0.453345 -0.148806 0.00395724)
(-0.42414 -0.13377 0.00370233)
(-0.395943 -0.120363 0.00345623)
(-0.368816 -0.108422 0.00321945)
(-0.34281 -0.097792 0.00299246)
(-0.317938 -0.088327 0.00277534)
(-0.294205 -0.0798916 0.00256817)
(-0.271632 -0.0723613 0.0023711)
(-0.0400053 0.175802 0.000349135)
(-0.0990536 0.0626748 0.000864643)
(-0.166679 -0.0299977 0.00145485)
(-0.235107 -0.10345 0.00205198)
(-0.307061 -0.181535 0.00267975)
(-0.378578 -0.25016 0.00330378)
(-0.445481 -0.304343 0.00388769)
(-0.502131 -0.340623 0.00438236)
(-0.547611 -0.364267 0.00477955)
(-0.582959 -0.376611 0.00508809)
(-0.608157 -0.380071 0.00530806)
(-0.623987 -0.373863 0.0054463)
(-0.632396 -0.361625 0.00551975)
(-0.63266 -0.344295 0.0055221)
(-0.626044 -0.324377 0.00546439)
(-0.614167 -0.302901 0.00536076)
(-0.597936 -0.280798 0.00521913)
(-0.578309 -0.25886 0.00504785)
(-0.556144 -0.237572 0.00485441)
(-0.532404 -0.217281 0.00464722)
(-0.507507 -0.198181 0.00442993)
(-0.481972 -0.180435 0.00420706)
(-0.456179 -0.164082 0.00398194)
(-0.430458 -0.149127 0.00375744)
(-0.405063 -0.135522 0.00353578)
(-0.380185 -0.123192 0.00331865)
(-0.355938 -0.112046 0.00310701)
(-0.332422 -0.101988 0.00290176)
(-0.309693 -0.0929172 0.00270336)
(-0.287798 -0.0847344 0.00251223)
(-0.266792 -0.0773441 0.00232885)
(-0.0342869 0.422105 0.000299236)
(-0.0852931 0.321247 0.000744496)
(-0.145355 0.229896 0.00126867)
(-0.202631 0.151334 0.00176858)
(-0.262851 0.068907 0.00229407)
(-0.321992 -0.0141602 0.00281014)
(-0.377446 -0.0905412 0.00329408)
(-0.424772 -0.154533 0.00370729)
(-0.464649 -0.204505 0.00405555)
(-0.496585 -0.240196 0.00433424)
(-0.521258 -0.263896 0.00454958)
(-0.538537 -0.276803 0.00470044)
(-0.549994 -0.281146 0.00480049)
(-0.554833 -0.27868 0.00484276)
(-0.553814 -0.271387 0.0048339)
(-0.54809 -0.260693 0.00478397)
(-0.538212 -0.247696 0.00469779)
(-0.52492 -0.233309 0.00458179)
(-0.508854 -0.21828 0.00444159)
(-0.490829 -0.203122 0.00428428)
(-0.47121 -0.188191 0.00411306)
(-0.450502 -0.173802 0.00393233)
(-0.429062 -0.160136 0.00374521)
(-0.407238 -0.147313 0.00355473)
(-0.385302 -0.135387 0.00336327)
(-0.363479 -0.124365 0.0031728)
(-0.341915 -0.114228 0.00298459)
(-0.320747 -0.104934 0.00279983)
(-0.300064 -0.0964287 0.0026193)
(-0.279946 -0.0886508 0.00244368)
(-0.260476 -0.0815345 0.0022737)
(-0.0256189 0.569887 0.000223557)
(-0.0642701 0.477193 0.000560917)
(-0.109254 0.384643 0.000953513)
(-0.15265 0.30252 0.0013323)
(-0.198336 0.21848 0.00173099)
(-0.243661 0.132406 0.00212651)
(-0.289689 0.0506691 0.0025282)
(-0.33305 -0.0215323 0.00290674)
(-0.372471 -0.0814547 0.00325102)
(-0.406912 -0.128782 0.00355157)
(-0.435729 -0.164735 0.00380305)
(-0.457396 -0.190191 0.00399219)
(-0.473727 -0.206824 0.00413478)
(-0.483795 -0.215989 0.00422269)
(-0.488346 -0.21927 0.00426244)
(-0.488192 -0.218007 0.00426112)
(-0.483783 -0.21323 0.00422267)
(-0.475867 -0.205904 0.00415361)
(-0.464968 -0.196869 0.0040585)
(-0.451799 -0.186741 0.00394358)
(-0.436702 -0.176003 0.00381183)
(-0.420179 -0.165073 0.00366763)
(-0.402564 -0.154239 0.00351389)
(-0.384209 -0.143718 0.00335369)
(-0.36539 -0.133647 0.00318944)
(-0.34635 -0.124109 0.00302326)
(-0.32726 -0.115147 0.00285665)
(-0.30828 -0.106772 0.00269099)
(-0.289525 -0.0989748 0.00252729)
(-0.271099 -0.0917292 0.00236644)
(-0.253109 -0.0850006 0.00220938)
(-0.0217777 0.718007 0.000190081)
(-0.0543169 0.632787 0.000474215)
(-0.092163 0.541172 0.000804312)
(-0.130007 0.456085 0.00113465)
(-0.168932 0.369919 0.00147437)
(-0.208872 0.280895 0.00182291)
(-0.248234 0.193927 0.00216637)
(-0.286129 0.112972 0.00249718)
(-0.321399 0.041661 0.00280525)
(-0.352587 -0.0189432 0.00307741)
(-0.378791 -0.0679631 0.00330607)
(-0.399402 -0.106196 0.00348598)
(-0.415959 -0.134682 0.00363053)
(-0.427449 -0.1547 0.00373085)
(-0.434347 -0.167769 0.00379109)
(-0.437239 -0.175168 0.00381636)
(-0.436294 -0.178009 0.00380814)
(-0.432148 -0.177338 0.00377198)
(-0.42512 -0.174018 0.00371065)
(-0.415778 -0.168757 0.00362914)
(-0.404386 -0.162154 0.00352972)
(-0.391387 -0.154699 0.00341628)
(-0.377065 -0.146769 0.00329129)
(-0.36175 -0.13865 0.00315763)
(-0.345706 -0.130556 0.0030176)
(-0.329177 -0.12263 0.00287334)
(-0.312346 -0.114971 0.00272645)
(-0.295384 -0.107639 0.00257841)
(-0.278426 -0.100664 0.00243039)
(-0.261593 -0.0940568 0.00228346)
(-0.24501 -0.0878111 0.00213869)
(-0.0172208 0.820539 0.000150317)
(-0.0424496 0.740128 0.000370619)
(-0.071824 0.650293 0.000626981)
(-0.103298 0.565484 0.000901747)
(-0.135589 0.477751 0.00118334)
(-0.169963 0.388564 0.0014833)
(-0.203323 0.299668 0.00177439)
(-0.236538 0.214601 0.00206433)
(-0.268012 0.13743 0.00233928)
(-0.29714 0.0698561 0.00259345)
(-0.322685 0.013077 0.00281636)
(-0.344034 -0.0332149 0.0030027)
(-0.362023 -0.0700381 0.00315975)
(-0.375684 -0.0982791 0.00327901)
(-0.38527 -0.119184 0.0033627)
(-0.391069 -0.133818 0.00341335)
(-0.393252 -0.143274 0.00343243)
(-0.392358 -0.148558 0.00342465)
(-0.388575 -0.150474 0.00339165)
(-0.382455 -0.149783 0.00333826)
(-0.374204 -0.14715 0.00326625)
(-0.364218 -0.143101 0.00317912)
(-0.352745 -0.138071 0.00307899)
(-0.340089 -0.132397 0.00296854)
(-0.326503 -0.126348 0.00284996)
(-0.312223 -0.12012 0.00272534)
(-0.297437 -0.113857 0.00259629)
(-0.282324 -0.107662 0.00246439)
(-0.267027 -0.101601 0.00233087)
(-0.251681 -0.0957173 0.00219692)
(-0.236424 -0.0900332 0.00206373)
(-0.014829 0.914798 0.000129442)
(-0.0361908 0.837273 0.000315986)
(-0.0612899 0.751653 0.00053505)
(-0.0888945 0.668671 0.000776072)
(-0.117177 0.582052 0.00102262)
(-0.147692 0.492711 0.00128888)
(-0.176995 0.401205 0.00154457)
(-0.205785 0.312737 0.00179589)
(-0.233161 0.229984 0.00203508)
(-0.259586 0.155668 0.00226567)
(-0.282648 0.0912151 0.00246691)
(-0.302619 0.0368616 0.00264122)
(-0.320073 -0.00797266 0.00279359)
(-0.333846 -0.0439668 0.00291383)
(-0.344205 -0.0720815 0.00300427)
(-0.351445 -0.093337 0.00306748)
(-0.355571 -0.108868 0.00310352)
(-0.356916 -0.119636 0.00311528)
(-0.355537 -0.126467 0.00310327)
(-0.351956 -0.130115 0.00307202)
(-0.346268 -0.131302 0.00302239)
(-0.338796 -0.130574 0.00295719)
(-0.329744 -0.128412 0.00287821)
(-0.319389 -0.125192 0.00278783)
(-0.307958 -0.121226 0.00268807)
(-0.295677 -0.11675 0.0025809)
(-0.282729 -0.111948 0.0024679)
(-0.269294 -0.106959 0.00235064)
(-0.255521 -0.101882 0.00223043)
(-0.241553 -0.0967904 0.00210851)
(-0.227536 -0.0917317 0.00198614)
(-0.0124799 0.989018 0.000108935)
(-0.0307493 0.914373 0.000268452)
(-0.052116 0.831532 0.000454973)
(-0.0756418 0.750432 0.000660387)
(-0.0995752 0.66484 0.000868921)
(-0.126254 0.575013 0.00110167)
(-0.151573 0.482148 0.0013226)
(-0.176114 0.390984 0.00153688)
(-0.200283 0.304883 0.00174811)
(-0.223414 0.226342 0.00194997)
(-0.244281 0.15704 0.00213207)
(-0.263225 0.0973407 0.00229741)
(-0.280506 0.0469463 0.00244825)
(-0.294969 0.0053015 0.00257451)
(-0.306512 -0.0284281 0.00267528)
(-0.315343 -0.0551239 0.00275237)
(-0.321364 -0.0758271 0.00280494)
(-0.324743 -0.0913935 0.00283445)
(-0.32544 -0.102643 0.00284056)
(-0.323986 -0.110284 0.00282787)
(-0.320454 -0.115041 0.00279706)
(-0.315104 -0.117475 0.00275038)
(-0.308117 -0.118086 0.00268942)
(-0.299741 -0.117276 0.00261632)
(-0.290188 -0.115386 0.00253296)
(-0.279669 -0.112682 0.00244116)
(-0.268361 -0.109378 0.00234247)
(-0.25644 -0.105642 0.00223843)
(-0.244056 -0.1016 0.00213034)
(-0.231355 -0.0973516 0.00201948)
(-0.21849 -0.0929683 0.00190717)
(-0.0108302 1.05734 9.45382e-05)
(-0.0265797 0.985466 0.000232062)
(-0.0446273 0.905801 0.000389578)
(-0.0640709 0.826389 0.000559322)
(-0.0847253 0.741152 0.000739474)
(-0.108259 0.651407 0.000944745)
(-0.130126 0.556714 0.0011353)
(-0.152611 0.463005 0.00133164)
(-0.173407 0.373316 0.00151348)
(-0.194668 0.291318 0.00169905)
(-0.213622 0.218281 0.00186447)
(-0.231562 0.154195 0.00202106)
(-0.248411 0.0989863 0.00216813)
(-0.262807 0.0523421 0.00229378)
(-0.274637 0.0134643 0.00239706)
(-0.284199 -0.0182577 0.00248053)
(-0.291326 -0.0437296 0.00254275)
(-0.296068 -0.0637235 0.00258415)
(-0.298295 -0.0790639 0.0026036)
(-0.298499 -0.0904414 0.00260539)
(-0.296703 -0.098565 0.00258974)
(-0.293105 -0.10401 0.00255835)
(-0.287858 -0.107291 0.00251257)
(-0.281178 -0.108832 0.00245427)
(-0.273255 -0.108992 0.00238514)
(-0.264283 -0.108059 0.00230684)
(-0.25443 -0.10627 0.00222086)
(-0.243866 -0.103814 0.00212866)
(-0.232739 -0.100841 0.00203155)
(-0.221198 -0.0974723 0.00193081)
(-0.209396 -0.0938017 0.00182778)
(-0.0092807 1.11246 8.10154e-05)
(-0.0221186 1.04103 0.000193101)
(-0.0365625 0.962939 0.000319186)
(-0.0523707 0.884982 0.000457191)
(-0.0690623 0.801435 0.000602809)
(-0.087241 0.712992 0.000761386)
(-0.10656 0.618098 0.000929858)
(-0.126952 0.523999 0.00110789)
(-0.146724 0.432117 0.00128058)
(-0.166577 0.347813 0.00145385)
(-0.185061 0.272024 0.00161518)
(-0.2028 0.204719 0.00177002)
(-0.219286 0.145902 0.00191392)
(-0.233829 0.095391 0.00204086)
(-0.246159 0.0524461 0.00214849)
(-0.256381 0.0166048 0.00223771)
(-0.264422 -0.0129413 0.00230791)
(-0.270276 -0.0368361 0.00235902)
(-0.273753 -0.0558934 0.00238938)
(-0.275291 -0.0707308 0.00240282)
(-0.274906 -0.0820176 0.00239947)
(-0.272754 -0.0903277 0.00238071)
(-0.268964 -0.0961795 0.00234764)
(-0.263723 -0.100007 0.00230191)
(-0.257202 -0.102181 0.002245)
(-0.249575 -0.103005 0.00217845)
(-0.241003 -0.102731 0.00210365)
(-0.231647 -0.101568 0.002022)
(-0.221652 -0.0996843 0.00193476)
(-0.211165 -0.0972196 0.00184322)
(-0.200341 -0.0942875 0.00174873)
(-0.00790377 1.16142 6.89946e-05)
(-0.0192847 1.08989 0.000168356)
(-0.0312357 1.01175 0.000272689)
(-0.0440618 0.934019 0.000384684)
(-0.0572689 0.852002 0.000499904)
(-0.0723127 0.764615 0.000631128)
(-0.088142 0.671759 0.00076927)
(-0.106131 0.578196 0.000926297)
(-0.12456 0.486389 0.00108713)
(-0.143768 0.400873 0.00125477)
(-0.161506 0.322609 0.0014096)
(-0.178741 0.25242 0.00156003)
(-0.194834 0.19025 0.00170049)
(-0.209151 0.136237 0.00182546)
(-0.2215 0.0896034 0.00193325)
(-0.232021 0.0500079 0.00202508)
(-0.240603 0.0167309 0.00210001)
(-0.24721 -0.0107567 0.00215768)
(-0.251628 -0.0332421 0.00219626)
(-0.254203 -0.0513047 0.00221874)
(-0.254945 -0.0655702 0.00222523)
(-0.253974 -0.0766019 0.00221677)
(-0.251393 -0.0849151 0.00219426)
(-0.247365 -0.0909509 0.00215911)
(-0.242039 -0.0950871 0.00211265)
(-0.235577 -0.0976364 0.00205625)
(-0.228125 -0.0988644 0.00199123)
(-0.219837 -0.0989918 0.00191891)
(-0.210854 -0.0982038 0.0018405)
(-0.20132 -0.0966555 0.00175729)
(-0.191389 -0.0944775 0.00167058)
(-0.00673318 1.20234 5.87684e-05)
(-0.0168651 1.13092 0.000147214)
(-0.0274886 1.05179 0.000239964)
(-0.0381191 0.973751 0.000332802)
(-0.0487661 0.892549 0.000425715)
(-0.0610147 0.806996 0.000532567)
(-0.0746224 0.716194 0.000651333)
(-0.0904768 0.62441 0.000789712)
(-0.106853 0.533464 0.000932602)
(-0.124559 0.447647 0.00108714)
(-0.141601 0.367865 0.00123588)
(-0.158127 0.295546 0.00138011)
(-0.173458 0.230822 0.00151392)
(-0.187411 0.174007 0.0016357)
(-0.199847 0.124309 0.00174425)
(-0.210522 0.0815296 0.00183744)
(-0.219444 0.0450169 0.00191532)
(-0.226571 0.0143182 0.00197753)
(-0.231696 -0.011278 0.00202227)
(-0.235073 -0.0323106 0.00205176)
(-0.236707 -0.0493615 0.00206603)
(-0.236689 -0.0629655 0.00206589)
(-0.235099 -0.073626 0.00205203)
(-0.232081 -0.0817837 0.0020257)
(-0.227766 -0.08782 0.00198805)
(-0.2223 -0.0920535 0.00194036)
(-0.21582 -0.0947576 0.00188382)
(-0.208471 -0.0961629 0.00181969)
(-0.200388 -0.0964664 0.00174914)
(-0.191712 -0.0958368 0.00167341)
(-0.182593 -0.0944192 0.0015938)
(-0.00560058 1.23921 4.88946e-05)
(-0.0150894 1.16889 0.000131745)
(-0.0247672 1.08849 0.000216186)
(-0.0340594 1.00922 0.000297348)
(-0.0434309 0.927939 0.00037915)
(-0.0541874 0.843994 0.000473014)
(-0.0656474 0.755285 0.000573032)
(-0.0794146 0.665518 0.000693188)
(-0.0941822 0.575905 0.000822045)
(-0.11018 0.490096 0.000961659)
(-0.125808 0.409501 0.00109805)
(-0.141123 0.335648 0.00123171)
(-0.155545 0.268845 0.00135758)
(-0.168896 0.209459 0.0014741)
(-0.181048 0.157035 0.00158017)
(-0.191643 0.111435 0.00167265)
(-0.2007 0.0720188 0.00175172)
(-0.208132 0.038398 0.00181658)
(-0.213747 0.0099465 0.0018656)
(-0.217721 -0.0138339 0.0019003)
(-0.220051 -0.03349 0.00192064)
(-0.220795 -0.0495226 0.00192715)
(-0.220013 -0.0624172 0.00192034)
(-0.217829 -0.0726075 0.0019013)
(-0.214362 -0.0804762 0.00187105)
(-0.209743 -0.0863444 0.00183074)
(-0.2041 -0.0904904 0.00178151)
(-0.197571 -0.0931513 0.00172453)
(-0.190283 -0.094533 0.00166093)
(-0.182375 -0.0948153 0.0015919)
(-0.173992 -0.0941561 0.00151872)
(-0.00464385 1.26985 4.05453e-05)
(-0.0128026 1.20208 0.000111789)
(-0.0216746 1.12158 0.000189209)
(-0.0310073 1.04094 0.0002707)
(-0.0394588 0.959084 0.00034446)
(-0.0487281 0.875978 0.00042537)
(-0.059074 0.78911 0.000515679)
(-0.0710912 0.700953 0.000620561)
(-0.0843999 0.612949 0.000736687)
(-0.0986856 0.527723 0.000861359)
(-0.112924 0.446933 0.000985613)
(-0.12708 0.372165 0.00110914)
(-0.140505 0.303783 0.00122631)
(-0.153124 0.242353 0.00133644)
(-0.164803 0.187634 0.00143838)
(-0.175132 0.139578 0.00152854)
(-0.184176 0.0975967 0.00160749)
(-0.191733 0.0613651 0.00167345)
(-0.197639 0.0303305 0.001725)
(-0.202024 0.00403037 0.00176328)
(-0.204869 -0.0180453 0.00178813)
(-0.206203 -0.0363596 0.00179978)
(-0.206067 -0.0513746 0.00179861)
(-0.204565 -0.0635073 0.00178551)
(-0.2018 -0.0731372 0.00176139)
(-0.197893 -0.0805854 0.0017273)
(-0.192966 -0.0861323 0.00168431)
(-0.187146 -0.0900188 0.00163353)
(-0.180559 -0.0924576 0.00157604)
(-0.173335 -0.0936375 0.00151299)
(-0.165618 -0.0937275 0.00144562)
(-0.00395434 1.296 3.45259e-05)
(-0.0112715 1.23108 9.84234e-05)
(-0.0193538 1.15164 0.000168967)
(-0.0283487 1.0705 0.000247495)
(-0.0363713 0.988642 0.000317511)
(-0.0450902 0.905677 0.000393613)
(-0.0546678 0.82018 0.000477221)
(-0.0650516 0.733659 0.00056785)
(-0.0767366 0.64691 0.000669804)
(-0.0896514 0.562317 0.000782507)
(-0.102289 0.481327 0.000892783)
(-0.115147 0.405795 0.00100499)
(-0.12763 0.336187 0.00111393)
(-0.139421 0.273107 0.00121684)
(-0.150503 0.216416 0.00131356)
(-0.160484 0.166175 0.00140069)
(-0.169413 0.12189 0.00147863)
(-0.176994 0.0833249 0.0015448)
(-0.183077 0.0499382 0.0015979)
(-0.187754 0.0213119 0.00163873)
(-0.190992 -0.00303012 0.001667)
(-0.19279 -0.0235042 0.00168271)
(-0.193174 -0.0405432 0.00168607)
(-0.192226 -0.0545397 0.00167781)
(-0.19004 -0.0658647 0.00165874)
(-0.186728 -0.0748382 0.00162985)
(-0.182409 -0.0817416 0.00159216)
(-0.177201 -0.0868187 0.00154672)
(-0.171226 -0.0902874 0.00149458)
(-0.164611 -0.0923442 0.00143684)
(-0.157494 -0.0931681 0.0013747)
(-0.0034546 1.31921 3.01625e-05)
(-0.0101507 1.2577 8.86314e-05)
(-0.0178436 1.17944 0.0001558)
(-0.0263726 1.09827 0.000230261)
(-0.0340098 1.01596 0.0002969)
(-0.0421295 0.932952 0.000367755)
(-0.0508164 0.847699 0.000443584)
(-0.0598792 0.762418 0.000522691)
(-0.0704694 0.676851 0.000615107)
(-0.0817122 0.593085 0.000713222)
(-0.0929761 0.5123 0.000811512)
(-0.104482 0.436319 0.000911915)
(-0.115956 0.365815 0.00101205)
(-0.127142 0.301414 0.00110968)
(-0.137803 0.243124 0.00120273)
(-0.147483 0.191035 0.00128722)
(-0.156251 0.144774 0.00136376)
(-0.163787 0.104138 0.00142953)
(-0.169978 0.0686277 0.00148358)
(-0.174851 0.0378733 0.00152612)
(-0.178368 0.0114397 0.00155682)
(-0.180505 -0.0110536 0.00157548)
(-0.181285 -0.0300033 0.0015823)
(-0.180773 -0.0457747 0.00157784)
(-0.179052 -0.0587218 0.00156283)
(-0.176229 -0.0691601 0.0015382)
(-0.172418 -0.0773704 0.00150495)
(-0.167734 -0.0835976 0.00146408)
(-0.162292 -0.0880634 0.00141659)
(-0.156216 -0.0909708 0.00136356)
(-0.149639 -0.0925079 0.00130614)
(-0.00294412 1.34 2.57065e-05)
(-0.00889604 1.28224 7.76823e-05)
(-0.0158846 1.20584 0.000138677)
(-0.0239382 1.12457 0.000208994)
(-0.031198 1.04206 0.000272339)
(-0.0396498 0.958237 0.000346099)
(-0.0476309 0.873626 0.000415738)
(-0.0551144 0.788828 0.000481063)
(-0.0644699 0.703643 0.000562721)
(-0.0745625 0.620651 0.000650807)
(-0.0846833 0.540323 0.000739128)
(-0.0952133 0.464221 0.000831023)
(-0.105964 0.393073 0.000924849)
(-0.116509 0.327613 0.00101689)
(-0.126656 0.268019 0.00110545)
(-0.135989 0.214355 0.00118691)
(-0.144539 0.166383 0.00126154)
(-0.151979 0.12388 0.00132648)
(-0.158185 0.0864375 0.00138065)
(-0.163149 0.0537239 0.00142397)
(-0.166838 0.0253517 0.00145618)
(-0.169218 0.000966417 0.00147696)
(-0.170299 -0.0197891 0.00148641)
(-0.17013 -0.0372513 0.00148494)
(-0.168784 -0.051751 0.0014732)
(-0.166362 -0.0635945 0.00145207)
(-0.162976 -0.0730606 0.00142253)
(-0.158737 -0.0803944 0.00138555)
(-0.153759 -0.0858205 0.00134211)
(-0.148161 -0.0895477 0.00129324)
(-0.14207 -0.0917728 0.00124007)
(-0.00250287 1.35725 2.18561e-05)
(-0.00747179 1.30312 6.52351e-05)
(-0.0137603 1.22914 0.000120139)
(-0.0210436 1.1488 0.000183724)
(-0.0283965 1.06612 0.000247866)
(-0.0362298 0.98169 0.000316204)
(-0.0432084 0.897475 0.000377117)
(-0.0515672 0.813036 0.000450097)
(-0.0599971 0.728387 0.000523657)
(-0.0687538 0.646018 0.000600084)
(-0.0781267 0.566129 0.000681888)
(-0.0878158 0.489992 0.000766451)
(-0.0978037 0.418473 0.000853625)
(-0.107671 0.352206 0.000939746)
(-0.117263 0.291513 0.00102347)
(-0.126137 0.236471 0.00110092)
(-0.134347 0.186938 0.00117258)
(-0.141577 0.14273 0.00123569)
(-0.147686 0.103504 0.00128901)
(-0.152633 0.0689583 0.00133219)
(-0.156385 0.0387555 0.00136495)
(-0.158901 0.0125731 0.00138691)
(-0.160184 -0.0099078 0.00139812)
(-0.160265 -0.0289918 0.00139884)
(-0.159207 -0.0449833 0.00138961)
(-0.157104 -0.0581763 0.00137126)
(-0.154067 -0.0688472 0.00134477)
(-0.150205 -0.0772419 0.00131107)
(-0.145629 -0.0835882 0.00127114)
(-0.140453 -0.0881008 0.00122596)
(-0.134801 -0.0909849 0.00117662)
(-0.00209713 1.37225 1.83124e-05)
(-0.0064302 1.32133 5.61393e-05)
(-0.0117422 1.2497 0.000102525)
(-0.018306 1.17091 0.000159829)
(-0.025083 1.08859 0.000218952)
(-0.0327007 1.00443 0.000285397)
(-0.0394218 0.919737 0.000344054)
(-0.047322 0.835187 0.000413031)
(-0.0552298 0.751391 0.000482026)
(-0.0636232 0.669486 0.000555287)
(-0.0724684 0.58993 0.000632492)
(-0.081517 0.513837 0.000711471)
(-0.090883 0.442052 0.000793221)
(-0.100116 0.375185 0.000873811)
(-0.10909 0.313561 0.000952142)
(-0.117495 0.257302 0.0010255)
(-0.125332 0.206349 0.0010939)
(-0.1323 0.160582 0.00115472)
(-0.138259 0.119715 0.00120673)
(-0.143128 0.0834765 0.00124923)
(-0.146877 0.0515698 0.00128196)
(-0.149456 0.0237021 0.00130447)
(-0.150863 -0.000409446 0.00131676)
(-0.15112 -0.0210365 0.00131901)
(-0.150277 -0.0384537 0.00131167)
(-0.148425 -0.0529375 0.00129551)
(-0.145673 -0.0647595 0.0012715)
(-0.142129 -0.0741668 0.00124058)
(-0.137901 -0.0813903 0.00120368)
(-0.1331 -0.0866507 0.00116178)
(-0.127845 -0.0901617 0.0011159)
(-0.00180675 1.38473 1.57749e-05)
(-0.00566939 1.3367 4.94908e-05)
(-0.0104213 1.2671 9.0989e-05)
(-0.0162176 1.19004 0.00014159)
(-0.0221087 1.10888 0.000193005)
(-0.0291967 1.02551 0.00025485)
(-0.0359364 0.94105 0.000313658)
(-0.0439533 0.856533 0.000383642)
(-0.051292 0.772913 0.000447668)
(-0.0591478 0.691222 0.000516234)
(-0.0677113 0.611877 0.000590978)
(-0.07622 0.535898 0.000665245)
(-0.0849488 0.463948 0.000741433)
(-0.0935753 0.396623 0.000816729)
(-0.10205 0.33421 0.000890694)
(-0.109989 0.276885 0.000959992)
(-0.117424 0.224672 0.00102488)
(-0.124079 0.177489 0.00108296)
(-0.129827 0.135113 0.00113313)
(-0.134562 0.0973023 0.00117447)
(-0.138247 0.063799 0.00120663)
(-0.140824 0.0343445 0.00122913)
(-0.142288 0.0086891 0.00124192)
(-0.142654 -0.0134062 0.00124512)
(-0.141964 -0.0321844 0.00123911)
(-0.140304 -0.047901 0.00122462)
(-0.137781 -0.0608198 0.00120261)
(-0.134504 -0.0711895 0.00117402)
(-0.130578 -0.0792447 0.00113977)
(-0.126112 -0.0852128 0.00110078)
(-0.121218 -0.0893164 0.00105806)
(-0.00149239 1.39629 1.30316e-05)
(-0.00509052 1.35093 4.44405e-05)
(-0.00907475 1.28329 7.92151e-05)
(-0.0143732 1.20761 0.000125474)
(-0.019705 1.12729 0.000172025)
(-0.0260318 1.0448 0.000227258)
(-0.0323934 0.960921 0.000282778)
(-0.0400873 0.876759 0.000349937)
(-0.0472823 0.793481 0.000412699)
(-0.0549642 0.711843 0.00047974)
(-0.063283 0.632704 0.000552341)
(-0.0713877 0.55673 0.000623079)
(-0.0796951 0.484616 0.000695588)
(-0.0878312 0.416803 0.000766598)
(-0.0958197 0.353662 0.000836322)
(-0.103331 0.295377 0.000901882)
(-0.110385 0.242013 0.000963447)
(-0.116735 0.193526 0.00101887)
(-0.12226 0.149739 0.00106709)
(-0.126835 0.110451 0.00110702)
(-0.130414 0.0754418 0.00113826)
(-0.132939 0.0444873 0.00116031)
(-0.134404 0.0173691 0.0011731)
(-0.134823 -0.00612092 0.00117677)
(-0.134234 -0.0261946 0.00117163)
(-0.132716 -0.0430847 0.0011584)
(-0.130377 -0.0570448 0.00113799)
(-0.127325 -0.0683248 0.00111136)
(-0.123664 -0.0771644 0.00107942)
(-0.119499 -0.0837981 0.00104306)
(-0.114937 -0.0884583 0.00100323)
(-0.00126844 1.40565 1.108e-05)
(-0.00458605 1.36285 4.00343e-05)
(-0.00810116 1.29725 7.07247e-05)
(-0.0132232 1.22292 0.00011544)
(-0.0178453 1.14357 0.00015577)
(-0.0240207 1.06187 0.000209707)
(-0.0301943 0.978882 0.000263611)
(-0.0375861 0.895245 0.000328138)
(-0.0444351 0.812483 0.000387876)
(-0.0518196 0.731036 0.000452316)
(-0.0598297 0.652092 0.000522216)
(-0.0675628 0.576154 0.000589705)
(-0.0753519 0.503872 0.000657685)
(-0.0830078 0.435655 0.000724501)
(-0.0905293 0.37188 0.000790146)
(-0.0976075 0.312753 0.000851923)
(-0.10427 0.258344 0.000910071)
(-0.110287 0.208658 0.000962589)
(-0.115549 0.163562 0.00100851)
(-0.119915 0.1229 0.00104662)
(-0.123339 0.0864814 0.00107651)
(-0.12576 0.0541167 0.00109765)
(-0.127176 0.0256174 0.00111002)
(-0.127599 0.000806894 0.00111371)
(-0.127064 -0.0204962 0.00110905)
(-0.125647 -0.0384996 0.00109669)
(-0.123454 -0.0534442 0.00107756)
(-0.120594 -0.0655813 0.00105261)
(-0.117167 -0.0751565 0.00102271)
(-0.113275 -0.0824128 0.000988737)
(-0.109019 -0.0875927 0.000951579)
(-0.00107834 1.41469 9.42128e-06)
(-0.00409757 1.37437 3.57654e-05)
(-0.00722644 1.31067 6.30916e-05)
(-0.012069 1.23781 0.000105361)
(-0.0162371 1.15983 0.000141707)
(-0.0222742 1.07903 0.000194441)
(-0.0282368 0.996629 0.000246518)
(-0.0353155 0.913846 0.000308324)
(-0.0418728 0.83141 0.000365526)
(-0.0490743 0.750184 0.000428367)
(-0.0565585 0.6712 0.000493673)
(-0.0638843 0.595153 0.000557604)
(-0.0713125 0.522518 0.00062243)
(-0.0785707 0.453814 0.000685773)
(-0.0856915 0.38934 0.000747921)
(-0.0924309 0.329354 0.00080674)
(-0.0987789 0.2739 0.000862144)
(-0.104503 0.223062 0.000912106)
(-0.109513 0.176718 0.000955828)
(-0.113663 0.134741 0.000992053)
(-0.116916 0.0969735 0.00102045)
(-0.119212 0.0632595 0.00104049)
(-0.120549 0.0334428 0.00105217)
(-0.120943 0.00737667 0.00105562)
(-0.120429 -0.0150929 0.00105114)
(-0.119083 -0.0341497 0.0010394)
(-0.117009 -0.0500216 0.00102131)
(-0.114315 -0.0629617 0.000997798)
(-0.111099 -0.0732231 0.000969737)
(-0.107459 -0.0810584 0.000937965)
(-0.103488 -0.0867211 0.0009033)
(-0.00104581 1.42182 9.13623e-06)
(-0.00400045 1.38392 3.49164e-05)
(-0.00707007 1.32206 6.17292e-05)
(-0.0118146 1.25083 0.000103138)
(-0.0158559 1.17375 0.000138364)
(-0.0217911 1.09415 0.000190196)
(-0.0272678 1.01193 0.000238031)
(-0.0338614 0.929984 0.000295613)
(-0.0403599 0.848123 0.000352317)
(-0.0469856 0.767438 0.00041014)
(-0.0539929 0.688659 0.000471286)
(-0.0608913 0.612589 0.000531488)
(-0.0679125 0.53974 0.000592759)
(-0.0748097 0.470624 0.000652952)
(-0.0816133 0.405588 0.000712329)
(-0.0880418 0.344867 0.000768435)
(-0.0940662 0.288519 0.000821013)
(-0.0994574 0.236643 0.000868065)
(-0.104194 0.189147 0.000909405)
(-0.108108 0.145938 0.000943575)
(-0.11116 0.106895 0.000970209)
(-0.113293 0.0719024 0.000988837)
(-0.114515 0.0408373 0.000999511)
(-0.114845 0.0135839 0.00100239)
(-0.114323 -0.00998605 0.000997841)
(-0.113022 -0.0300336 0.000986501)
(-0.111046 -0.046774 0.000969259)
(-0.108499 -0.0604624 0.000947031)
(-0.105477 -0.0713605 0.000920663)
(-0.102071 -0.0797319 0.000890942)
(-0.0983691 -0.0858415 0.000858621)
(-0.000917913 1.43045 8.01912e-06)
(-0.00355349 1.39499 3.10271e-05)
(-0.00632117 1.33515 5.51745e-05)
(-0.0109033 1.26487 9.51713e-05)
(-0.0145686 1.18954 0.00012717)
(-0.0202742 1.11033 0.000176987)
(-0.0255304 1.0289 0.000222834)
(-0.0313057 0.947111 0.000273265)
(-0.0375593 0.86536 0.000327854)
(-0.0439368 0.784853 0.000383522)
(-0.050705 0.706191 0.000442582)
(-0.0574181 0.629954 0.000501171)
(-0.0643423 0.556816 0.000561599)
(-0.0710849 0.487182 0.000620445)
(-0.0776728 0.421511 0.000677941)
(-0.0839265 0.359976 0.000732521)
(-0.0897431 0.302713 0.000783285)
(-0.0949078 0.249769 0.000828361)
(-0.0994166 0.201102 0.000867714)
(-0.10311 0.156657 0.000899956)
(-0.105963 0.116354 0.000924856)
(-0.10793 0.0801105 0.000942027)
(-0.109026 0.0478399 0.000951601)
(-0.109277 0.0194525 0.0009538)
(-0.108732 -0.00515878 0.000949045)
(-0.107465 -0.0261382 0.000937994)
(-0.105575 -0.0436905 0.000921508)
(-0.103164 -0.0580738 0.00090047)
(-0.100325 -0.0695604 0.000875695)
(-0.0971422 -0.0784267 0.000847916)
(-0.0936936 -0.0849494 0.00081781)
(-0.000996064 1.43559 8.70073e-06)
(-0.00339371 1.4026 2.96292e-05)
(-0.00655331 1.34456 5.72099e-05)
(-0.0104538 1.27534 9.12371e-05)
(-0.0141778 1.20106 0.000123772)
(-0.0200169 1.12306 0.000174781)
(-0.0240601 1.0429 0.000210047)
(-0.0305324 0.961734 0.000266529)
(-0.0365199 0.880318 0.000318768)
(-0.0425914 0.800071 0.000371759)
(-0.0490802 0.721678 0.000428386)
(-0.0555472 0.645443 0.000484828)
(-0.0621684 0.572207 0.000542617)
(-0.0686578 0.50228 0.000599258)
(-0.074968 0.436129 0.000654334)
(-0.0809165 0.37393 0.000706252)
(-0.086392 0.315859 0.000754039)
(-0.0912316 0.261964 0.000796277)
(-0.0954354 0.212239 0.000832967)
(-0.0988436 0.166658 0.000862716)
(-0.101439 0.125187 0.000885371)
(-0.103189 0.087781 0.000900653)
(-0.104121 0.0543897 0.000908787)
(-0.104265 0.0249506 0.000910053)
(-0.103678 -0.000623613 0.000904931)
(-0.102432 -0.0224611 0.000894067)
(-0.100621 -0.0407608 0.000878267)
(-0.0983403 -0.0557833 0.000858364)
(-0.0956762 -0.0678114 0.000835116)
(-0.0927055 -0.0771336 0.00080919)
(-0.0894972 -0.0840387 0.000781182)
(-0.000873229 1.44434 7.62733e-06)
(-0.00287793 1.41348 2.51247e-05)
(-0.00560809 1.35747 4.89543e-05)
(-0.00971463 1.28955 8.47753e-05)
(-0.0131995 1.21527 0.000115217)
(-0.018074 1.1383 0.000157819)
(-0.0221614 1.05901 0.000193513)
(-0.0281584 0.978467 0.000245856)
(-0.0339996 0.897622 0.000296772)
(-0.0401436 0.817701 0.000350374)
(-0.0465757 0.739238 0.000406506)
(-0.0529499 0.66271 0.000462144)
(-0.0594284 0.588954 0.000518695)
(-0.065825 0.518362 0.000574531)
(-0.0719861 0.451425 0.000628309)
(-0.0777947 0.38831 0.000679006)
(-0.083088 0.329197 0.000725203)
(-0.0877296 0.274157 0.000765714)
(-0.0917239 0.223237 0.000800576)
(-0.0949217 0.176433 0.000828489)
(-0.0973192 0.133746 0.000849416)
(-0.0988974 0.0951618 0.000863195)
(-0.0996952 0.0606609 0.000870163)
(-0.0997558 0.0302013 0.000870696)
(-0.0991413 0.00370871 0.000865338)
(-0.0979294 -0.018943 0.000854766)
(-0.096207 -0.0379464 0.000839738)
(-0.0940604 -0.0535653 0.000821007)
(-0.0915694 -0.0660953 0.000799269)
(-0.088803 -0.0758401 0.000775126)
(-0.085821 -0.0831012 0.000749095)
(-0.00107114 1.44746 9.35428e-06)
(-0.00325589 1.4184 2.84123e-05)
(-0.0060876 1.36474 5.31396e-05)
(-0.0102741 1.29809 8.96567e-05)
(-0.014166 1.2249 0.000123638)
(-0.0190978 1.14813 0.000166733)
(-0.0233106 1.06953 0.000203538)
(-0.0295918 0.98973 0.00025837)
(-0.0348114 0.909705 0.000303853)
(-0.0405915 0.830407 0.000354274)
(-0.0469701 0.752254 0.000409937)
(-0.0530353 0.676005 0.000462881)
(-0.0590877 0.60222 0.000515715)
(-0.0650227 0.531399 0.000567524)
(-0.0707501 0.46407 0.000617517)
(-0.0761809 0.400392 0.000664918)
(-0.0810961 0.340572 0.000707815)
(-0.0853553 0.284696 0.000744988)
(-0.088984 0.232847 0.00077666)
(-0.0918539 0.185055 0.00080171)
(-0.0939622 0.141359 0.000820113)
(-0.0953023 0.101781 0.000831814)
(-0.0959214 0.0663328 0.000837222)
(-0.0958703 0.0349947 0.000836781)
(-0.0952184 0.00770539 0.000831097)
(-0.0940369 -0.0156487 0.000820788)
(-0.0923987 -0.035263 0.000806495)
(-0.0903806 -0.0514112 0.000788886)
(-0.0880545 -0.064396 0.000768587)
(-0.0854803 -0.0745312 0.000746122)
(-0.0827073 -0.082127 0.000721916)
(-0.000907471 1.45811 7.92534e-06)
(-0.00274045 1.43084 2.39225e-05)
(-0.00526961 1.37928 4.59922e-05)
(-0.00895758 1.31433 7.81587e-05)
(-0.0124992 1.24193 0.000109067)
(-0.0179768 1.16562 0.000156915)
(-0.0222781 1.08733 0.000194512)
(-0.0281324 1.00799 0.000245626)
(-0.0330094 0.928484 0.000288108)
(-0.0386173 0.849157 0.000337023)
(-0.0447345 0.770884 0.000390415)
(-0.0506136 0.69424 0.00044174)
(-0.0566795 0.619891 0.000494692)
(-0.0625218 0.548363 0.000545692)
(-0.0681173 0.480063 0.000594535)
(-0.0734636 0.41523 0.0006412)
(-0.0782753 0.354173 0.000683196)
(-0.0824218 0.296977 0.000719388)
(-0.0859217 0.243766 0.000749936)
(-0.0886613 0.194623 0.000773851)
(-0.0906526 0.149633 0.000791234)
(-0.0919024 0.10885 0.000802146)
(-0.0924686 0.0723074 0.000807092)
(-0.0924105 0.0399964 0.000806589)
(-0.0917946 0.0118594 0.000801217)
(-0.0906905 -0.0122475 0.000791586)
(-0.0891756 -0.0325307 0.000778367)
(-0.0873152 -0.0492365 0.000762132)
(-0.085165 -0.0626826 0.000743367)
(-0.0827776 -0.073204 0.000722532)
(-0.0801953 -0.0811259 0.000699992)
(-0.00119132 1.45911 1.04009e-05)
(-0.00323792 1.43297 2.82678e-05)
(-0.00578536 1.38346 5.04724e-05)
(-0.00954584 1.32038 8.32728e-05)
(-0.0134658 1.24906 0.00011749)
(-0.0187442 1.17274 0.000163589)
(-0.0235325 1.09488 0.000205427)
(-0.0298529 1.01571 0.000260615)
(-0.0351126 0.936335 0.000306441)
(-0.0409042 0.857321 0.000356971)
(-0.0469902 0.779415 0.000410104)
(-0.0526661 0.703112 0.000459655)
(-0.0581753 0.628912 0.000507745)
(-0.0635116 0.557411 0.000554327)
(-0.0687049 0.488943 0.000599659)
(-0.0735385 0.42379 0.000641848)
(-0.0778211 0.362277 0.000679227)
(-0.0814992 0.304507 0.00071133)
(-0.0845616 0.250662 0.00073806)
(-0.0869149 0.200851 0.000758601)
(-0.0885876 0.155193 0.000773203)
(-0.0896011 0.11376 0.000782051)
(-0.0900121 0.0765972 0.000785643)
(-0.0898731 0.043703 0.000784432)
(-0.0892572 0.0150195 0.000779061)
(-0.0882196 -0.00957449 0.000770008)
(-0.0867892 -0.0302124 0.000757528)
(-0.0850332 -0.0472711 0.000742205)
(-0.0830128 -0.0610481 0.000724574)
(-0.0807708 -0.071875 0.000705008)
(-0.0783392 -0.0800766 0.000683786)
(-0.00114417 1.47263 9.98813e-06)
(-0.00293798 1.44741 2.56334e-05)
(-0.00495073 1.39875 4.32076e-05)
(-0.00794253 1.33737 6.93168e-05)
(-0.0113188 1.26831 9.88104e-05)
(-0.0158063 1.19433 0.000137991)
(-0.0193985 1.11802 0.000169355)
(-0.0259285 1.03922 0.00022636)
(-0.0311721 0.960897 0.000272057)
(-0.0365828 0.88134 0.000319262)
(-0.0424196 0.803059 0.000370208)
(-0.0481164 0.726073 0.00041994)
(-0.0538213 0.65127 0.000469735)
(-0.0591594 0.578728 0.000516332)
(-0.0643721 0.509 0.000561836)
(-0.0692654 0.442431 0.000604551)
(-0.0736615 0.379363 0.000642924)
(-0.0774879 0.319913 0.000676324)
(-0.0807217 0.264396 0.000704552)
(-0.0832926 0.212947 0.000726995)
(-0.0852184 0.165734 0.000743807)
(-0.0865148 0.122856 0.000755127)
(-0.0872239 0.0843793 0.00076132)
(-0.0873897 0.0503099 0.000762774)
(-0.0870572 0.0205847 0.000759879)
(-0.0861626 -0.00491679 0.000752069)
(-0.0848902 -0.0264661 0.000740962)
(-0.0833897 -0.0442504 0.000727871)
(-0.0815759 -0.0586466 0.000712046)
(-0.0795073 -0.0699991 0.000693994)
(-0.0772226 -0.0786464 0.000674053)
(0.285168 -42.3477 0.00253878)
(-0.0986711 -43.2422 -0.00083203)
(1.0351 -45.4597 0.00904781)
(-0.703357 -34.8979 -0.00612802)
(0.635873 -17.6067 0.00556792)
(0.215083 -42.9583 0.00191385)
(-0.139366 -43.9995 -0.00119497)
(1.01474 -45.0767 0.00886237)
(-1.14585 -34.5309 -0.0100001)
(1.11637 -17.7805 0.00975746)
(0.131599 -43.1121 0.00118304)
(0.0204097 -44.8603 0.000193121)
(0.725107 -44.4081 0.00632865)
(-0.903764 -34.6127 -0.00789387)
(1.17663 -17.8315 0.01028)
(0.0726632 -43.6452 0.000669481)
(0.222315 -45.5317 0.00194527)
(0.296172 -43.8042 0.0025798)
(-0.284456 -35.0893 -0.00249367)
(0.875212 -17.5095 0.00764548)
(-0.0181354 -44.2112 -0.000145863)
(0.344074 -45.8925 0.00300068)
(0.00528895 -43.5993 3.44508e-05)
(0.249851 -35.7141 0.00216215)
(0.450966 -17.0159 0.00393839)
(-0.165347 -44.6234 -0.00143782)
(0.535151 -46.2435 0.00466714)
(-0.229442 -43.6003 -0.00202211)
(0.569304 -36.227 0.00494179)
(0.075228 -16.4865 0.000652763)
(-0.273398 -44.9363 -0.00238509)
(0.813316 -46.7018 0.00709335)
(-0.456477 -43.5104 -0.00400992)
(0.794266 -36.7139 0.00690229)
(-0.180005 -16.0093 -0.00158306)
(-0.247034 -45.4956 -0.00215725)
(0.922305 -47.1747 0.00803557)
(-0.556509 -43.3782 -0.00488659)
(0.881551 -37.1993 0.00767057)
(-0.277858 -15.519 -0.00244376)
(-0.102508 -46.3241 -0.000915511)
(0.776006 -47.5111 0.00675209)
(-0.515091 -43.2966 -0.00452486)
(0.737668 -37.6402 0.00642714)
(-0.137022 -15.0602 -0.00121486)
(0.117869 -47.1341 0.0010079)
(0.288004 -47.5012 0.00249023)
(-0.410155 -43.2556 -0.00360352)
(0.472515 -38.161 0.00412376)
(0.299756 -14.6225 0.00260594)
(0.350867 -47.5963 0.00305013)
(-0.354555 -46.8875 -0.00311761)
(-0.336893 -43.5134 -0.00295473)
(0.521145 -39.0676 0.00455168)
(0.719978 -13.9659 0.00628718)
(0.472027 -47.6708 0.00412338)
(-0.855796 -45.5799 -0.00749176)
(-0.186297 -44.5338 -0.00163253)
(0.884826 -40.3198 0.00772343)
(0.767176 -12.8726 0.00670837)
(0.35526 -47.3922 0.0030833)
(-1.14028 -44.2065 -0.00996869)
(0.174442 -46.517 0.00151806)
(0.919091 -41.3337 0.00802001)
(0.533317 -11.7424 0.00466868)
(0.0433096 -46.1403 0.000370506)
(-0.885067 -43.2513 -0.00772732)
(0.412193 -48.3121 0.00359397)
(0.193697 -41.4417 0.00168968)
(0.166493 -10.5025 0.00145395)
(-0.636332 -44.873 -0.00554468)
(-0.691264 -43.6265 -0.00603288)
(-0.596015 -49.0668 -0.00520364)
(-1.09305 -41.4736 -0.00954125)
(-0.299281 -12.1912 -0.0026133)
(-1.20593 -41.0163 -0.0105221)
(-0.553671 -41.5462 -0.00483476)
(-2.45962 -46.0224 -0.0214653)
(-2.93293 -39.7438 -0.0255965)
(-2.6054 -9.67988 -0.0228156)
(-1.67438 -37.6967 -0.0146121)
(-2.20924 -39.7248 -0.0192821)
(-5.3221 -42.7644 -0.0464482)
(-6.13492 -41.3927 -0.0535461)
(-8.27836 -26.7809 -0.0723074)
(-2.04827 -26.9378 -0.0178782)
(-5.15892 -28.0459 -0.0450252)
(-9.73412 -29.3253 -0.0849517)
(-15.0525 -27.7538 -0.131364)
(-20.2834 -18.8514 -0.176984)
(-16.4329 -1.90126 -0.143483)
(-9.81061 -2.98597 -0.0856427)
(-7.35912 -1.46239 -0.0642212)
(-4.9281 -0.978803 -0.0430114)
(-3.74536 -0.608797 -0.032686)
(-2.69517 -0.3966 -0.023522)
(-2.0724 -0.259737 -0.0180862)
(-1.56335 -0.173585 -0.0136441)
(-1.21869 -0.116824 -0.0106359)
(-0.946703 -0.0794251 -0.00826236)
(-0.748794 -0.0542488 -0.00653511)
(-0.594824 -0.0372684 -0.00519142)
(-0.477731 -0.0257376 -0.00416951)
(-0.38638 -0.0178543 -0.00337227)
(-0.315406 -0.0124823 -0.00275286)
(-0.259379 -0.00879265 -0.00226389)
(-0.214904 -0.00625497 -0.00187574)
(-0.179281 -0.00449731 -0.00156483)
(-0.150511 -0.00327142 -0.00131374)
(-0.127106 -0.002409 -0.00110946)
(-0.107926 -0.00179556 -0.000942055)
(-0.0920676 -0.00135445 -0.000803639)
(-0.0788624 -0.00103386 -0.000688377)
(-0.0677792 -0.000798332 -0.000591634)
(-0.0584132 -0.00062358 -0.000509879)
(-0.0504714 -0.000492513 -0.000440599)
(-1.25469 -14.0814 -0.0109522)
(-3.10896 -12.9332 -0.0271358)
(-5.48393 -12.7372 -0.0478613)
(-8.22327 -13.1791 -0.0717676)
(-10.6337 -11.9324 -0.092807)
(-9.12391 -6.83476 -0.0796392)
(-6.53529 -4.50891 -0.0570483)
(-5.86812 -2.73157 -0.0512208)
(-4.46049 -1.91955 -0.0389372)
(-3.80049 -1.2776 -0.0331742)
(-3.03601 -0.925325 -0.0265023)
(-2.5396 -0.658435 -0.0221685)
(-2.08486 -0.487825 -0.0181995)
(-1.74342 -0.360278 -0.0152188)
(-1.45201 -0.271008 -0.0126752)
(-1.22016 -0.204168 -0.0106512)
(-1.02669 -0.15523 -0.00896246)
(-0.868045 -0.118418 -0.00757757)
(-0.735958 -0.0908798 -0.00642454)
(-0.626474 -0.0700811 -0.0054688)
(-0.534938 -0.0543576 -0.00466975)
(-0.458276 -0.0424106 -0.00400053)
(-0.393822 -0.0333019 -0.00343788)
(-0.339437 -0.0263238 -0.00296313)
(-0.293402 -0.0209513 -0.00256127)
(-0.254297 -0.0167912 -0.0022199)
(-0.220928 -0.0135512 -0.0019286)
(-0.192347 -0.0110127 -0.00167909)
(-0.167758 -0.00901205 -0.00146444)
(-0.146521 -0.00742577 -0.00127906)
(-0.128132 -0.00616008 -0.00111861)
(-0.804582 -12.5313 -0.00702379)
(-1.65155 -12.3069 -0.0144161)
(-2.58976 -11.8427 -0.0226035)
(-3.66872 -10.0121 -0.0320188)
(-5.09962 -7.2878 -0.0445067)
(-5.35973 -4.51455 -0.0467799)
(-4.82941 -3.76371 -0.0421531)
(-4.37406 -2.55701 -0.0381792)
(-3.71084 -2.00727 -0.032391)
(-3.24317 -1.4545 -0.0283087)
(-2.74953 -1.12264 -0.0240004)
(-2.37683 -0.846229 -0.020747)
(-2.03381 -0.655942 -0.0177531)
(-1.75777 -0.50656 -0.0153436)
(-1.51513 -0.396625 -0.0132257)
(-1.313 -0.31131 -0.0114614)
(-1.13845 -0.246248 -0.00993774)
(-0.98966 -0.195495 -0.00863893)
(-0.861465 -0.15601 -0.00751992)
(-0.75146 -0.124995 -0.00655967)
(-0.656446 -0.100583 -0.0057303)
(-0.57433 -0.0812744 -0.0050135)
(-0.503214 -0.0659585 -0.00439272)
(-0.441508 -0.053766 -0.00385408)
(-0.387887 -0.0440286 -0.00338602)
(-0.34121 -0.0362238 -0.00297856)
(-0.300469 -0.0299458 -0.00262291)
(-0.264836 -0.0248775 -0.00231186)
(-0.233589 -0.0207706 -0.00203909)
(-0.206122 -0.0174298 -0.00179935)
(-0.181946 -0.0147008 -0.00158838)
(-0.687197 -5.79392 -0.00599866)
(-1.51114 -5.68134 -0.0131901)
(-2.5888 -5.6148 -0.0225952)
(-3.40695 -5.5359 -0.0297355)
(-3.86521 -5.09823 -0.0337352)
(-3.67331 -4.04155 -0.0320612)
(-3.4148 -3.29898 -0.0298053)
(-3.19857 -2.51469 -0.0279182)
(-2.84541 -1.99692 -0.0248362)
(-2.59153 -1.53249 -0.0226201)
(-2.2907 -1.21022 -0.0199948)
(-2.05002 -0.944995 -0.0178939)
(-1.81319 -0.750541 -0.0158269)
(-1.61218 -0.595648 -0.0140724)
(-1.42745 -0.477612 -0.0124601)
(-1.26719 -0.384159 -0.0110612)
(-1.12402 -0.311082 -0.00981153)
(-0.997888 -0.252845 -0.00871056)
(-0.8861 -0.206513 -0.0077348)
(-0.787503 -0.169312 -0.00687416)
(-0.700139 -0.139358 -0.00611158)
(-0.622764 -0.115119 -0.00543619)
(-0.554186 -0.0954453 -0.00483757)
(-0.49335 -0.0794209 -0.00430655)
(-0.439363 -0.0663301 -0.0038353)
(-0.391416 -0.0556028 -0.00341676)
(-0.348767 -0.046787 -0.00304448)
(-0.310793 -0.0395217 -0.00271299)
(-0.276927 -0.0335173 -0.00241738)
(-0.246685 -0.0285404 -0.00215343)
(-0.219666 -0.024402 -0.00191765)
(-0.304584 -5.17051 -0.00265865)
(-0.666514 -5.01105 -0.00581779)
(-1.0925 -4.77169 -0.00953585)
(-1.51073 -4.33346 -0.0131857)
(-1.99039 -3.71503 -0.0173714)
(-2.22446 -3.01826 -0.0194144)
(-2.3085 -2.57679 -0.0201483)
(-2.29496 -2.06991 -0.0200307)
(-2.18362 -1.72531 -0.0190591)
(-2.06095 -1.39091 -0.0179885)
(-1.89741 -1.14353 -0.0165614)
(-1.74437 -0.927662 -0.0152256)
(-1.58601 -0.760254 -0.0138436)
(-1.44154 -0.621309 -0.0125826)
(-1.30355 -0.51091 -0.0113782)
(-1.1789 -0.42078 -0.0102903)
(-1.0642 -0.348145 -0.00928916)
(-0.960213 -0.288844 -0.00838153)
(-0.865911 -0.240554 -0.00755842)
(-0.780848 -0.200965 -0.00681594)
(-0.703915 -0.168435 -0.00614443)
(-0.634433 -0.141602 -0.00553795)
(-0.571699 -0.11941 -0.00499037)
(-0.515047 -0.101003 -0.00449588)
(-0.463905 -0.0856961 -0.00404947)
(-0.417729 -0.0729349 -0.00364641)
(-0.376 -0.0622703 -0.00328216)
(-0.338275 -0.0533376 -0.00295285)
(-0.304138 -0.0458379 -0.00265489)
(-0.273227 -0.0395261 -0.0023851)
(-0.245243 -0.0341997 -0.00214089)
(-0.292031 -2.54364 -0.00254845)
(-0.64459 -2.5994 -0.00562568)
(-1.0268 -2.5953 -0.00896214)
(-1.35884 -2.54001 -0.0118602)
(-1.61782 -2.4342 -0.0141202)
(-1.7257 -2.21042 -0.0150616)
(-1.77787 -1.98982 -0.0155169)
(-1.77655 -1.71524 -0.0155058)
(-1.72179 -1.48048 -0.015028)
(-1.65805 -1.24675 -0.0144716)
(-1.56329 -1.05366 -0.0136447)
(-1.46895 -0.880664 -0.0128214)
(-1.36594 -0.738723 -0.0119224)
(-1.26643 -0.617686 -0.011054)
(-1.16698 -0.518163 -0.010186)
(-1.07344 -0.435029 -0.00936961)
(-0.984365 -0.366317 -0.00859216)
(-0.901064 -0.309148 -0.0078651)
(-0.823584 -0.261657 -0.00718884)
(-0.752041 -0.222026 -0.00656439)
(-0.685986 -0.188899 -0.00598784)
(-0.625197 -0.161136 -0.00545725)
(-0.569361 -0.137815 -0.0049699)
(-0.518123 -0.118181 -0.00452266)
(-0.471163 -0.101615 -0.00411277)
(-0.42815 -0.087608 -0.00373732)
(-0.388739 -0.0757394 -0.00339332)
(-0.352635 -0.0656632 -0.00307817)
(-0.319546 -0.057091 -0.00278936)
(-0.289216 -0.0497824 -0.00252465)
(-0.261436 -0.0435357 -0.00228221)
(-0.147256 -2.03573 -0.00128525)
(-0.334229 -2.07089 -0.00291711)
(-0.549529 -2.03764 -0.00479636)
(-0.748661 -1.94721 -0.00653469)
(-0.952885 -1.83461 -0.00831671)
(-1.10469 -1.67854 -0.00964125)
(-1.21786 -1.53845 -0.0106289)
(-1.28327 -1.36446 -0.0112001)
(-1.30638 -1.21163 -0.011402)
(-1.30394 -1.05351 -0.0113807)
(-1.2711 -0.91653 -0.0110942)
(-1.22565 -0.788946 -0.0106976)
(-1.16712 -0.679283 -0.0101868)
(-1.10356 -0.582298 -0.00963218)
(-1.03532 -0.499436 -0.00903663)
(-0.967302 -0.428027 -0.00844302)
(-0.899724 -0.367194 -0.00785324)
(-0.834264 -0.315339 -0.00728191)
(-0.771653 -0.271213 -0.00673546)
(-0.712425 -0.233622 -0.00621851)
(-0.656586 -0.201601 -0.00573114)
(-0.604233 -0.174305 -0.00527419)
(-0.555336 -0.151009 -0.00484741)
(-0.509773 -0.131109 -0.00444972)
(-0.46742 -0.114086 -0.00408005)
(-0.42811 -0.099504 -0.00373693)
(-0.391637 -0.0869931 -0.00341857)
(-0.357823 -0.0762425 -0.00312343)
(-0.326478 -0.0669881 -0.00284984)
(-0.29743 -0.0590061 -0.00259633)
(-0.270545 -0.0521054 -0.0023617)
(-0.133729 -0.939077 -0.00116718)
(-0.303178 -1.03928 -0.00264613)
(-0.485899 -1.08795 -0.00424119)
(-0.64689 -1.1119 -0.00564653)
(-0.793362 -1.1345 -0.00692447)
(-0.900977 -1.12517 -0.0078634)
(-0.983608 -1.09615 -0.00858433)
(-1.03694 -1.03067 -0.00905012)
(-1.06387 -0.954665 -0.00928547)
(-1.07414 -0.864495 -0.00937496)
(-1.06177 -0.776469 -0.00926711)
(-1.03842 -0.688672 -0.00906331)
(-1.00405 -0.608052 -0.00876348)
(-0.963195 -0.533801 -0.00840693)
(-0.9164 -0.46747 -0.00799856)
(-0.867481 -0.40841 -0.00757164)
(-0.816925 -0.356583 -0.00713043)
(-0.766229 -0.311344 -0.00668798)
(-0.716341 -0.271928 -0.00625258)
(-0.667979 -0.237636 -0.00583048)
(-0.621383 -0.207857 -0.0054238)
(-0.576846 -0.182031 -0.00503508)
(-0.534528 -0.159632 -0.00466573)
(-0.494485 -0.140215 -0.00431623)
(-0.456739 -0.123378 -0.00398678)
(-0.421253 -0.10877 -0.00367704)
(-0.38793 -0.0960846 -0.00338619)
(-0.356688 -0.0850581 -0.00311349)
(-0.327416 -0.0754602 -0.00285801)
(-0.300014 -0.0670915 -0.00261886)
(-0.274409 -0.0597785 -0.00239541)
(-0.0814358 -0.578884 -0.000710778)
(-0.190423 -0.679477 -0.00166199)
(-0.308961 -0.7357 -0.00269674)
(-0.418307 -0.767161 -0.0036513)
(-0.527059 -0.798261 -0.00460018)
(-0.621943 -0.809275 -0.00542801)
(-0.706719 -0.806072 -0.00616742)
(-0.773403 -0.777725 -0.00674977)
(-0.823234 -0.739578 -0.00718508)
(-0.856424 -0.68965 -0.00747472)
(-0.869035 -0.637544 -0.00758483)
(-0.868621 -0.581753 -0.00758128)
(-0.856784 -0.527197 -0.00747803)
(-0.835823 -0.474204 -0.00729515)
(-0.807043 -0.424606 -0.00704401)
(-0.774147 -0.378645 -0.00675693)
(-0.737941 -0.33684 -0.00644095)
(-0.699818 -0.299226 -0.00610825)
(-0.660861 -0.265503 -0.00576826)
(-0.621994 -0.235439 -0.00542904)
(-0.583627 -0.208747 -0.00509419)
(-0.546178 -0.185145 -0.00476735)
(-0.509933 -0.164311 -0.00445101)
(-0.475078 -0.145965 -0.0041468)
(-0.441744 -0.129826 -0.00385586)
(-0.409995 -0.115638 -0.00357874)
(-0.379824 -0.103165 -0.0033154)
(-0.351221 -0.0921973 -0.00306575)
(-0.324146 -0.082544 -0.00282944)
(-0.298555 -0.0740362 -0.0026061)
(-0.274426 -0.0665229 -0.00239553)
(-0.0679203 -0.0364553 -0.000592698)
(-0.159467 -0.155058 -0.00139158)
(-0.258726 -0.247673 -0.00225804)
(-0.349603 -0.323319 -0.00305137)
(-0.4396 -0.401569 -0.00383714)
(-0.518229 -0.463741 -0.00452311)
(-0.588834 -0.504017 -0.00513865)
(-0.643235 -0.522822 -0.00561368)
(-0.686454 -0.526822 -0.00599113)
(-0.718199 -0.51746 -0.00626818)
(-0.735292 -0.500135 -0.00641742)
(-0.741904 -0.473722 -0.0064752)
(-0.739658 -0.443321 -0.00645565)
(-0.729547 -0.409773 -0.00636747)
(-0.712307 -0.376027 -0.00621706)
(-0.690673 -0.342847 -0.00602827)
(-0.665281 -0.311093 -0.00580668)
(-0.637137 -0.281331 -0.00556108)
(-0.607223 -0.25371 -0.00530003)
(-0.576475 -0.228369 -0.00503168)
(-0.545296 -0.205285 -0.00475957)
(-0.514161 -0.184417 -0.00448784)
(-0.483419 -0.165635 -0.00421954)
(-0.453344 -0.148806 -0.00395706)
(-0.42414 -0.13377 -0.00370216)
(-0.395943 -0.120363 -0.00345606)
(-0.368816 -0.108422 -0.00321929)
(-0.34281 -0.0977919 -0.0029923)
(-0.317937 -0.088327 -0.00277522)
(-0.294205 -0.0798916 -0.00256811)
(-0.271632 -0.0723613 -0.00237112)
(-0.0400333 0.175802 -0.00034934)
(-0.0990466 0.0626746 -0.000864271)
(-0.166678 -0.0299976 -0.00145449)
(-0.235103 -0.10345 -0.00205173)
(-0.307062 -0.181535 -0.00267996)
(-0.378581 -0.25016 -0.0033043)
(-0.445484 -0.304343 -0.00388824)
(-0.502128 -0.340624 -0.00438247)
(-0.547615 -0.364267 -0.00477925)
(-0.582956 -0.376611 -0.0050877)
(-0.608154 -0.380071 -0.00530771)
(-0.623993 -0.373863 -0.00544602)
(-0.632395 -0.361624 -0.0055194)
(-0.632659 -0.344296 -0.00552177)
(-0.626043 -0.324377 -0.00546407)
(-0.614167 -0.3029 -0.00536045)
(-0.597936 -0.280797 -0.00521883)
(-0.578308 -0.25886 -0.00504756)
(-0.556144 -0.237571 -0.00485415)
(-0.532404 -0.217281 -0.00464697)
(-0.507506 -0.198181 -0.00442969)
(-0.481972 -0.180435 -0.00420684)
(-0.456178 -0.164082 -0.00398173)
(-0.430458 -0.149127 -0.00375726)
(-0.405063 -0.135522 -0.00353562)
(-0.380185 -0.123192 -0.00331849)
(-0.355938 -0.112046 -0.00310685)
(-0.332421 -0.101988 -0.00290161)
(-0.309693 -0.0929172 -0.00270324)
(-0.287798 -0.0847344 -0.00251216)
(-0.266792 -0.077344 -0.00232885)
(-0.0343004 0.422105 -0.000299321)
(-0.0852888 0.321247 -0.000744252)
(-0.145353 0.229896 -0.00126846)
(-0.202629 0.151333 -0.00176829)
(-0.26285 0.0689069 -0.00229396)
(-0.321993 -0.0141596 -0.00281024)
(-0.377445 -0.090541 -0.00329426)
(-0.42477 -0.154532 -0.0037072)
(-0.464656 -0.204504 -0.00405514)
(-0.496582 -0.240197 -0.00433384)
(-0.521257 -0.263897 -0.00454927)
(-0.538541 -0.276802 -0.00470018)
(-0.549994 -0.281145 -0.00480017)
(-0.554832 -0.278679 -0.00484245)
(-0.553814 -0.271386 -0.00483361)
(-0.54809 -0.260693 -0.00478369)
(-0.538212 -0.247696 -0.0046975)
(-0.524919 -0.23331 -0.00458152)
(-0.508854 -0.21828 -0.00444134)
(-0.490828 -0.203121 -0.00428405)
(-0.471209 -0.188191 -0.00411284)
(-0.450501 -0.173802 -0.00393212)
(-0.429061 -0.160136 -0.00374501)
(-0.407238 -0.147313 -0.00355456)
(-0.385302 -0.135387 -0.00336312)
(-0.363478 -0.124365 -0.00317264)
(-0.341915 -0.114228 -0.00298444)
(-0.320746 -0.104934 -0.00279968)
(-0.300064 -0.0964287 -0.00261917)
(-0.279946 -0.0886507 -0.00244361)
(-0.260476 -0.0815344 -0.0022737)
(-0.0256289 0.569886 -0.000223676)
(-0.0642636 0.477193 -0.000560858)
(-0.109254 0.384643 -0.000953497)
(-0.152651 0.30252 -0.00133219)
(-0.198336 0.21848 -0.00173093)
(-0.243659 0.132406 -0.00212654)
(-0.289692 0.0506689 -0.00252833)
(-0.333045 -0.0215322 -0.00290662)
(-0.372476 -0.0814541 -0.00325057)
(-0.406913 -0.128783 -0.00355119)
(-0.435727 -0.164734 -0.00380276)
(-0.457399 -0.190191 -0.00399196)
(-0.473727 -0.206824 -0.0041345)
(-0.483795 -0.215989 -0.00422242)
(-0.488346 -0.21927 -0.00426217)
(-0.488192 -0.218007 -0.00426086)
(-0.483782 -0.213229 -0.0042224)
(-0.475867 -0.205905 -0.00415336)
(-0.464968 -0.196869 -0.00405827)
(-0.451799 -0.186741 -0.00394336)
(-0.436702 -0.176003 -0.00381162)
(-0.420179 -0.165073 -0.00366743)
(-0.402564 -0.154239 -0.00351371)
(-0.384209 -0.143718 -0.00335352)
(-0.36539 -0.133647 -0.00318929)
(-0.34635 -0.124109 -0.00302311)
(-0.32726 -0.115147 -0.0028565)
(-0.30828 -0.106772 -0.00269085)
(-0.289525 -0.0989747 -0.00252717)
(-0.271099 -0.0917292 -0.00236636)
(-0.253109 -0.0850005 -0.00220938)
(-0.0218138 0.718007 -0.000190315)
(-0.054299 0.632787 -0.000473723)
(-0.0921653 0.541172 -0.000804401)
(-0.130007 0.456085 -0.00113461)
(-0.168934 0.369919 -0.00147433)
(-0.208871 0.280895 -0.00182292)
(-0.248234 0.193927 -0.00216653)
(-0.286126 0.112972 -0.00249716)
(-0.321406 0.041661 -0.00280489)
(-0.352586 -0.0189422 -0.00307709)
(-0.378789 -0.0679626 -0.00330584)
(-0.399405 -0.106195 -0.00348581)
(-0.415958 -0.134681 -0.00363031)
(-0.427448 -0.1547 -0.00373062)
(-0.434347 -0.167769 -0.00379086)
(-0.437239 -0.175168 -0.00381612)
(-0.436294 -0.178009 -0.0038079)
(-0.432148 -0.177338 -0.00377175)
(-0.42512 -0.174018 -0.00371044)
(-0.415778 -0.168757 -0.00362894)
(-0.404385 -0.162154 -0.00352953)
(-0.391386 -0.154699 -0.0034161)
(-0.377065 -0.146769 -0.00329112)
(-0.36175 -0.13865 -0.00315747)
(-0.345706 -0.130556 -0.00301746)
(-0.329177 -0.12263 -0.0028732)
(-0.312345 -0.114971 -0.0027263)
(-0.295384 -0.107639 -0.00257827)
(-0.278426 -0.100664 -0.00243027)
(-0.261593 -0.0940567 -0.00228338)
(-0.24501 -0.087811 -0.00213867)
(-0.0172329 0.820539 -0.000150353)
(-0.0424455 0.740128 -0.000370302)
(-0.0718225 0.650293 -0.000626675)
(-0.103296 0.565484 -0.000901286)
(-0.135591 0.477751 -0.00118336)
(-0.169963 0.388565 -0.00148338)
(-0.203324 0.299668 -0.00177458)
(-0.236532 0.214602 -0.00206435)
(-0.268016 0.13743 -0.00233894)
(-0.297138 0.0698568 -0.00259316)
(-0.322683 0.0130772 -0.00281616)
(-0.344036 -0.0332151 -0.00300256)
(-0.362022 -0.070038 -0.00315956)
(-0.375684 -0.0982791 -0.00327882)
(-0.385269 -0.119183 -0.0033625)
(-0.391069 -0.133818 -0.00341314)
(-0.393252 -0.143274 -0.00343221)
(-0.392357 -0.148557 -0.00342444)
(-0.388575 -0.150473 -0.00339146)
(-0.382455 -0.149782 -0.00333807)
(-0.374204 -0.14715 -0.00326608)
(-0.364218 -0.143101 -0.00317895)
(-0.352745 -0.138071 -0.00307883)
(-0.340089 -0.132397 -0.0029684)
(-0.326502 -0.126348 -0.00284983)
(-0.312223 -0.12012 -0.00272521)
(-0.297437 -0.113857 -0.00259616)
(-0.282323 -0.107662 -0.00246426)
(-0.267026 -0.101601 -0.00233076)
(-0.251681 -0.0957172 -0.00219684)
(-0.236424 -0.0900331 -0.00206372)
(-0.014843 0.914798 -0.000129497)
(-0.0361858 0.837273 -0.000315682)
(-0.0612892 0.751653 -0.000534743)
(-0.0888941 0.668671 -0.000775561)
(-0.117179 0.582052 -0.0010227)
(-0.14769 0.492711 -0.00128903)
(-0.176996 0.401205 -0.00154486)
(-0.205779 0.312736 -0.00179602)
(-0.233169 0.229983 -0.00203483)
(-0.259584 0.155668 -0.00226541)
(-0.282647 0.0912149 -0.00246676)
(-0.302622 0.0368616 -0.00264113)
(-0.320072 -0.00797321 -0.00279343)
(-0.333845 -0.0439669 -0.00291366)
(-0.344204 -0.0720821 -0.00300408)
(-0.351445 -0.0933381 -0.00306729)
(-0.35557 -0.108869 -0.00310331)
(-0.356915 -0.119637 -0.00311508)
(-0.355538 -0.126468 -0.00310309)
(-0.351955 -0.130116 -0.00307185)
(-0.346268 -0.131302 -0.00302223)
(-0.338795 -0.130575 -0.00295704)
(-0.329744 -0.128413 -0.00287806)
(-0.319388 -0.125192 -0.0027877)
(-0.307957 -0.121226 -0.00268795)
(-0.295677 -0.11675 -0.00258077)
(-0.282729 -0.111948 -0.00246777)
(-0.269294 -0.106959 -0.00235052)
(-0.255521 -0.101882 -0.00223032)
(-0.241553 -0.0967903 -0.00210843)
(-0.227536 -0.0917316 -0.00198613)
(-0.0124842 0.989018 -0.000108925)
(-0.0307439 0.914373 -0.000268231)
(-0.0521164 0.831532 -0.000454701)
(-0.0756405 0.750431 -0.000659913)
(-0.0995773 0.66484 -0.000869156)
(-0.126255 0.575013 -0.00110207)
(-0.151571 0.482149 -0.00132306)
(-0.176113 0.390984 -0.00153717)
(-0.200288 0.304882 -0.00174787)
(-0.223411 0.226343 -0.00194969)
(-0.24428 0.15704 -0.00213188)
(-0.263227 0.0973406 -0.00229728)
(-0.280506 0.0469457 -0.00244809)
(-0.294969 0.00530146 -0.00257434)
(-0.306513 -0.0284287 -0.0026751)
(-0.315344 -0.0551248 -0.00275219)
(-0.321364 -0.0758283 -0.00280475)
(-0.324742 -0.0913944 -0.00283426)
(-0.325441 -0.102644 -0.00284039)
(-0.323986 -0.110285 -0.00282772)
(-0.320454 -0.115042 -0.00279691)
(-0.315103 -0.117475 -0.00275024)
(-0.308117 -0.118086 -0.00268928)
(-0.299741 -0.117276 -0.0026162)
(-0.290188 -0.115386 -0.00253284)
(-0.279669 -0.112682 -0.00244104)
(-0.268361 -0.109378 -0.00234235)
(-0.25644 -0.105642 -0.00223831)
(-0.244055 -0.1016 -0.00213024)
(-0.231355 -0.0973515 -0.00201941)
(-0.21849 -0.0929682 -0.00190716)
(-0.0108401 1.05734 -9.45699e-05)
(-0.0265758 0.985466 -0.000231853)
(-0.044627 0.905801 -0.000389381)
(-0.0640711 0.826389 -0.000559021)
(-0.084726 0.741152 -0.00073938)
(-0.108258 0.651408 -0.00094487)
(-0.130121 0.556713 -0.00113598)
(-0.152607 0.463004 -0.00133216)
(-0.173414 0.373317 -0.0015134)
(-0.194664 0.291318 -0.00169882)
(-0.213622 0.218281 -0.00186432)
(-0.231567 0.154195 -0.00202096)
(-0.248411 0.0989861 -0.00216797)
(-0.262805 0.0523422 -0.00229361)
(-0.274638 0.0134646 -0.00239689)
(-0.2842 -0.0182567 -0.00248036)
(-0.291326 -0.0437291 -0.00254257)
(-0.296067 -0.0637226 -0.00258397)
(-0.298295 -0.0790631 -0.00260345)
(-0.298499 -0.0904408 -0.00260525)
(-0.296702 -0.0985646 -0.0025896)
(-0.293105 -0.104009 -0.00255822)
(-0.287858 -0.107291 -0.00251245)
(-0.281177 -0.108831 -0.00245416)
(-0.273255 -0.108992 -0.00238503)
(-0.264283 -0.108059 -0.00230673)
(-0.25443 -0.10627 -0.00222075)
(-0.243865 -0.103814 -0.00212855)
(-0.232738 -0.100841 -0.00203145)
(-0.221198 -0.0974723 -0.00193075)
(-0.209396 -0.0938016 -0.00182778)
(-0.00927769 1.11246 -8.09501e-05)
(-0.0221181 1.04103 -0.000192974)
(-0.0365627 0.962939 -0.000319002)
(-0.0523657 0.884982 -0.000456884)
(-0.0690657 0.801435 -0.000602696)
(-0.087241 0.712992 -0.000761376)
(-0.106561 0.618098 -0.000930116)
(-0.126952 0.523997 -0.00110804)
(-0.146724 0.432118 -0.00128047)
(-0.166575 0.347813 -0.00145369)
(-0.185061 0.272024 -0.00161505)
(-0.202802 0.20472 -0.0017699)
(-0.219286 0.145902 -0.00191378)
(-0.233829 0.0953911 -0.00204071)
(-0.246158 0.0524462 -0.00214833)
(-0.256381 0.0166053 -0.00223756)
(-0.264422 -0.0129411 -0.00230775)
(-0.270275 -0.0368359 -0.00235886)
(-0.273753 -0.0558931 -0.00238924)
(-0.275291 -0.0707305 -0.00240269)
(-0.274906 -0.0820174 -0.00239935)
(-0.272754 -0.0903276 -0.00238059)
(-0.268964 -0.0961794 -0.00234753)
(-0.263723 -0.100007 -0.0023018)
(-0.257201 -0.102181 -0.0022449)
(-0.249575 -0.103005 -0.00217835)
(-0.241003 -0.102731 -0.00210355)
(-0.231647 -0.101568 -0.0020219)
(-0.221651 -0.0996843 -0.00193467)
(-0.211165 -0.0972196 -0.00184317)
(-0.20034 -0.0942875 -0.00174873)
(-0.00790048 1.16142 -6.89362e-05)
(-0.0192838 1.08989 -0.000168251)
(-0.0312353 1.01175 -0.000272521)
(-0.0440601 0.934019 -0.000384396)
(-0.0572711 0.852002 -0.000499733)
(-0.0723095 0.764616 -0.000631028)
(-0.0881407 0.67176 -0.000769201)
(-0.106131 0.578196 -0.000926206)
(-0.124562 0.48639 -0.00108705)
(-0.143766 0.400873 -0.00125464)
(-0.161507 0.322609 -0.00140947)
(-0.178744 0.25242 -0.00155992)
(-0.194834 0.19025 -0.00170035)
(-0.20915 0.136236 -0.00182531)
(-0.2215 0.0896033 -0.00193311)
(-0.232021 0.0500081 -0.00202495)
(-0.240604 0.0167312 -0.00209987)
(-0.247209 -0.0107567 -0.00215754)
(-0.251628 -0.033242 -0.00219613)
(-0.254203 -0.0513045 -0.00221863)
(-0.254945 -0.0655702 -0.00222513)
(-0.253974 -0.0766018 -0.00221667)
(-0.251393 -0.0849151 -0.00219416)
(-0.247364 -0.0909509 -0.00215902)
(-0.242039 -0.0950871 -0.00211256)
(-0.235577 -0.0976364 -0.00205617)
(-0.228125 -0.0988644 -0.00199114)
(-0.219837 -0.0989918 -0.00191881)
(-0.210854 -0.0982038 -0.00184042)
(-0.20132 -0.0966556 -0.00175723)
(-0.191389 -0.0944776 -0.00167059)
(-0.00673049 1.20234 -5.8734e-05)
(-0.0168619 1.13092 -0.000147138)
(-0.0274887 1.05179 -0.000239847)
(-0.0381178 0.973752 -0.000332557)
(-0.0487678 0.892549 -0.000425502)
(-0.0610111 0.806996 -0.000532377)
(-0.0746225 0.716193 -0.000651166)
(-0.0904754 0.62441 -0.000789531)
(-0.106854 0.533465 -0.000932492)
(-0.12456 0.447647 -0.00108701)
(-0.141601 0.367865 -0.00123573)
(-0.158127 0.295547 -0.00137997)
(-0.173457 0.230823 -0.00151378)
(-0.187411 0.174007 -0.00163558)
(-0.199846 0.124309 -0.00174412)
(-0.210522 0.0815298 -0.00183731)
(-0.219444 0.0450172 -0.00191519)
(-0.22657 0.0143182 -0.0019774)
(-0.231696 -0.011278 -0.00202216)
(-0.235073 -0.0323105 -0.00205166)
(-0.236707 -0.0493614 -0.00206594)
(-0.236688 -0.0629655 -0.0020658)
(-0.235099 -0.0736261 -0.00205194)
(-0.232081 -0.0817837 -0.00202562)
(-0.227766 -0.0878201 -0.00198798)
(-0.2223 -0.0920535 -0.00194028)
(-0.21582 -0.0947576 -0.00188373)
(-0.208471 -0.096163 -0.0018196)
(-0.200388 -0.0964665 -0.00174906)
(-0.191712 -0.0958369 -0.00167336)
(-0.182593 -0.0944193 -0.00159381)
(-0.00560504 1.23921 -4.88881e-05)
(-0.0150956 1.16889 -0.000131689)
(-0.024765 1.08849 -0.000216097)
(-0.0340555 1.00922 -0.000297123)
(-0.0434348 0.927939 -0.000378966)
(-0.0541852 0.843994 -0.000472782)
(-0.0656467 0.755285 -0.000572796)
(-0.0794148 0.665518 -0.000692968)
(-0.0941836 0.575905 -0.000821897)
(-0.110181 0.490096 -0.00096151)
(-0.125807 0.409501 -0.00109789)
(-0.141123 0.335649 -0.00123157)
(-0.155544 0.268845 -0.00135744)
(-0.168896 0.20946 -0.00147399)
(-0.181048 0.157036 -0.00158006)
(-0.191643 0.111435 -0.00167254)
(-0.200701 0.072019 -0.0017516)
(-0.208131 0.0383979 -0.00181646)
(-0.213747 0.00994654 -0.0018655)
(-0.217721 -0.0138338 -0.00190021)
(-0.220051 -0.0334899 -0.00192056)
(-0.220794 -0.0495225 -0.00192707)
(-0.220012 -0.0624172 -0.00192026)
(-0.217829 -0.0726075 -0.00190122)
(-0.214362 -0.0804762 -0.00187098)
(-0.209742 -0.0863445 -0.00183067)
(-0.2041 -0.0904905 -0.00178143)
(-0.19757 -0.0931514 -0.00172445)
(-0.190283 -0.0945331 -0.00166086)
(-0.182375 -0.0948154 -0.00159186)
(-0.173992 -0.0941562 -0.00151873)
(-0.00464869 1.26985 -4.05487e-05)
(-0.0128022 1.20208 -0.000111673)
(-0.0216773 1.12158 -0.000189142)
(-0.0310085 1.04094 -0.000270542)
(-0.0394603 0.959085 -0.000344299)
(-0.048726 0.875978 -0.000425134)
(-0.0590746 0.78911 -0.000515421)
(-0.0710901 0.700954 -0.000620288)
(-0.0844006 0.612949 -0.000736506)
(-0.0986863 0.527724 -0.0008612)
(-0.112924 0.446933 -0.000985449)
(-0.127079 0.372165 -0.001109)
(-0.140504 0.303783 -0.00122619)
(-0.153124 0.242353 -0.00133634)
(-0.164803 0.187635 -0.00143827)
(-0.175132 0.139579 -0.00152844)
(-0.184176 0.0975972 -0.00160738)
(-0.191732 0.0613656 -0.00167334)
(-0.197639 0.030331 -0.00172491)
(-0.202024 0.00403085 -0.0017632)
(-0.204869 -0.0180449 -0.00178805)
(-0.206203 -0.0363594 -0.00179971)
(-0.206067 -0.0513745 -0.00179854)
(-0.204564 -0.0635072 -0.00178544)
(-0.201799 -0.0731372 -0.00176132)
(-0.197892 -0.0805855 -0.00172724)
(-0.192965 -0.0861324 -0.00168425)
(-0.187146 -0.0900189 -0.00163346)
(-0.180558 -0.0924577 -0.00157598)
(-0.173335 -0.0936376 -0.00151295)
(-0.165618 -0.0937277 -0.00144563)
(-0.00395902 1.296 -3.45318e-05)
(-0.0112705 1.23108 -9.83083e-05)
(-0.0193551 1.15164 -0.00016886)
(-0.028349 1.0705 -0.000247331)
(-0.0363724 0.988642 -0.000317348)
(-0.0450874 0.905677 -0.00039338)
(-0.0546668 0.82018 -0.000476956)
(-0.065048 0.733659 -0.000567566)
(-0.0767385 0.646909 -0.000669649)
(-0.0896504 0.562317 -0.000782359)
(-0.102288 0.481327 -0.000892646)
(-0.115147 0.405795 -0.00100488)
(-0.127628 0.336187 -0.00111382)
(-0.139421 0.273107 -0.00121674)
(-0.150502 0.216416 -0.00131346)
(-0.160484 0.166174 -0.00140059)
(-0.169413 0.121889 -0.00147853)
(-0.176993 0.0833244 -0.00154469)
(-0.183077 0.0499378 -0.00159781)
(-0.187754 0.0213115 -0.00163865)
(-0.190992 -0.00303035 -0.00166693)
(-0.19279 -0.0235044 -0.00168264)
(-0.193173 -0.0405433 -0.001686)
(-0.192225 -0.0545398 -0.00167774)
(-0.190039 -0.0658648 -0.00165868)
(-0.186728 -0.0748382 -0.00162979)
(-0.182408 -0.0817417 -0.0015921)
(-0.177201 -0.0868188 -0.00154666)
(-0.171226 -0.0902876 -0.00149452)
(-0.164611 -0.0923444 -0.0014368)
(-0.157493 -0.0931683 -0.00137472)
(-0.00345632 1.31921 -3.01486e-05)
(-0.01015 1.2577 -8.85384e-05)
(-0.0178444 1.17944 -0.000155662)
(-0.0263734 1.09827 -0.000230078)
(-0.0340112 1.01596 -0.000296743)
(-0.0421292 0.932952 -0.000367581)
(-0.0508148 0.847698 -0.000443362)
(-0.0598792 0.762418 -0.000522477)
(-0.0704711 0.676851 -0.000614956)
(-0.0817117 0.593085 -0.000713073)
(-0.0929747 0.5123 -0.000811358)
(-0.104481 0.436319 -0.000911788)
(-0.115957 0.365814 -0.00101194)
(-0.127143 0.301413 -0.00110958)
(-0.137803 0.243123 -0.00120262)
(-0.147483 0.191034 -0.00128711)
(-0.156251 0.144774 -0.00136364)
(-0.163786 0.104138 -0.00142942)
(-0.169978 0.0686272 -0.00148348)
(-0.174851 0.0378728 -0.00152603)
(-0.178368 0.0114394 -0.00155674)
(-0.180505 -0.0110539 -0.00157541)
(-0.181285 -0.0300035 -0.00158224)
(-0.180773 -0.0457749 -0.00157778)
(-0.179051 -0.0587219 -0.00156277)
(-0.176229 -0.0691602 -0.00153815)
(-0.172418 -0.0773705 -0.0015049)
(-0.167734 -0.0835977 -0.00146402)
(-0.162292 -0.0880636 -0.00141654)
(-0.156216 -0.090971 -0.00136353)
(-0.149639 -0.0925081 -0.00130615)
(-0.00295029 1.34 -2.57285e-05)
(-0.00889436 1.28224 -7.75797e-05)
(-0.0158852 1.20584 -0.000138586)
(-0.0239364 1.12457 -0.000208829)
(-0.0312016 1.04206 -0.000272247)
(-0.0396453 0.958237 -0.000345927)
(-0.0476333 0.873625 -0.000415654)
(-0.0551108 0.788829 -0.000480901)
(-0.0644732 0.703643 -0.000562627)
(-0.0745609 0.620652 -0.000650677)
(-0.0846821 0.540323 -0.000738995)
(-0.0952134 0.464221 -0.000830906)
(-0.105964 0.393074 -0.000924733)
(-0.116509 0.327614 -0.00101677)
(-0.126656 0.268019 -0.00110532)
(-0.135989 0.214356 -0.00118679)
(-0.144539 0.166383 -0.00126142)
(-0.151978 0.12388 -0.00132636)
(-0.158185 0.0864379 -0.00138055)
(-0.163149 0.0537243 -0.00142389)
(-0.166838 0.025352 -0.0014561)
(-0.169218 0.000966612 -0.00147689)
(-0.170299 -0.019789 -0.00148635)
(-0.17013 -0.0372513 -0.00148489)
(-0.168784 -0.0517511 -0.00147315)
(-0.166362 -0.0635946 -0.00145203)
(-0.162975 -0.0730607 -0.00142248)
(-0.158737 -0.0803945 -0.0013855)
(-0.153759 -0.0858207 -0.00134206)
(-0.14816 -0.0895479 -0.00129322)
(-0.14207 -0.091773 -0.00124008)
(-0.00250097 1.35725 -2.18154e-05)
(-0.00747241 1.30312 -6.51872e-05)
(-0.0137608 1.22914 -0.000120045)
(-0.0210421 1.1488 -0.000183572)
(-0.0283988 1.06612 -0.000247808)
(-0.0362281 0.98169 -0.000316158)
(-0.0432071 0.897476 -0.000377043)
(-0.0515637 0.813036 -0.000449956)
(-0.0599999 0.728387 -0.000523623)
(-0.0687517 0.646018 -0.000599997)
(-0.078126 0.566128 -0.000681794)
(-0.0878152 0.489991 -0.00076635)
(-0.0978036 0.418473 -0.000853518)
(-0.10767 0.352206 -0.000939625)
(-0.117262 0.291513 -0.00102334)
(-0.126137 0.236471 -0.0011008)
(-0.134347 0.186938 -0.00117246)
(-0.141576 0.14273 -0.00123557)
(-0.147686 0.103504 -0.00128891)
(-0.152632 0.0689581 -0.0013321)
(-0.156385 0.0387554 -0.00136487)
(-0.158901 0.012573 -0.00138685)
(-0.160184 -0.00990792 -0.00139806)
(-0.160265 -0.0289919 -0.00139879)
(-0.159207 -0.0449835 -0.00138956)
(-0.157103 -0.0581765 -0.00137122)
(-0.154066 -0.0688473 -0.00134472)
(-0.150205 -0.0772421 -0.00131103)
(-0.145629 -0.0835884 -0.0012711)
(-0.140452 -0.088101 -0.00122594)
(-0.1348 -0.0909851 -0.00117663)
(-0.0020974 1.37225 -1.82948e-05)
(-0.00643057 1.32133 -5.60998e-05)
(-0.0117426 1.2497 -0.000102432)
(-0.018305 1.17091 -0.000159687)
(-0.0250856 1.08859 -0.000218885)
(-0.0326972 1.00443 -0.000285342)
(-0.0394202 0.919737 -0.000344016)
(-0.0473208 0.835187 -0.000412959)
(-0.0552339 0.751391 -0.000482048)
(-0.0636221 0.669486 -0.000555235)
(-0.0724683 0.589929 -0.000632423)
(-0.0815171 0.513836 -0.000711388)
(-0.0908832 0.442052 -0.000793122)
(-0.100115 0.375185 -0.000873688)
(-0.10909 0.31356 -0.000952015)
(-0.117495 0.257302 -0.00102538)
(-0.125332 0.206349 -0.00109379)
(-0.1323 0.160582 -0.00115461)
(-0.138259 0.119715 -0.00120663)
(-0.143128 0.0834764 -0.00124915)
(-0.146877 0.0515697 -0.00128188)
(-0.149456 0.023702 -0.00130441)
(-0.150863 -0.000409548 -0.0013167)
(-0.15112 -0.0210366 -0.00131896)
(-0.150277 -0.0384538 -0.00131162)
(-0.148425 -0.0529377 -0.00129547)
(-0.145673 -0.0647597 -0.00127146)
(-0.142129 -0.074167 -0.00124054)
(-0.137901 -0.0813905 -0.00120365)
(-0.1331 -0.0866509 -0.00116176)
(-0.127845 -0.0901619 -0.00111592)
(-0.00180359 1.38473 -1.57353e-05)
(-0.00566842 1.3367 -4.94563e-05)
(-0.0104211 1.2671 -9.09069e-05)
(-0.0162155 1.19004 -0.000141465)
(-0.0221101 1.10888 -0.000192906)
(-0.0291941 1.02551 -0.000254733)
(-0.0359353 0.94105 -0.000313578)
(-0.0439506 0.856532 -0.000383539)
(-0.0512949 0.772913 -0.000447661)
(-0.0591478 0.691221 -0.000516172)
(-0.0677109 0.611877 -0.000590895)
(-0.0762194 0.535897 -0.000665148)
(-0.0849486 0.463948 -0.000741325)
(-0.0935751 0.396623 -0.000816609)
(-0.102049 0.334209 -0.000890567)
(-0.109989 0.276885 -0.000959872)
(-0.117424 0.224672 -0.00102478)
(-0.124078 0.177489 -0.00108286)
(-0.129826 0.135113 -0.00113304)
(-0.134562 0.0973022 -0.00117439)
(-0.138247 0.0637989 -0.00120656)
(-0.140824 0.0343444 -0.00122907)
(-0.142288 0.00868894 -0.00124186)
(-0.142654 -0.0134064 -0.00124507)
(-0.141964 -0.0321845 -0.00123906)
(-0.140303 -0.0479011 -0.00122458)
(-0.137781 -0.06082 -0.00120257)
(-0.134504 -0.0711897 -0.00117398)
(-0.130578 -0.0792449 -0.00113973)
(-0.126112 -0.085213 -0.00110076)
(-0.121218 -0.0893166 -0.00105807)
(-0.00149666 1.39629 -1.30487e-05)
(-0.00510367 1.35093 -4.45205e-05)
(-0.00907342 1.28329 -7.91638e-05)
(-0.0143695 1.20761 -0.000125368)
(-0.0197084 1.12729 -0.00017195)
(-0.0260304 1.0448 -0.000227096)
(-0.0323927 0.960921 -0.000282616)
(-0.0400862 0.876758 -0.000349772)
(-0.047286 0.793481 -0.00041264)
(-0.0549648 0.711843 -0.000479639)
(-0.0632828 0.632704 -0.000552233)
(-0.0713879 0.55673 -0.000622971)
(-0.0796952 0.484616 -0.000695471)
(-0.0878309 0.416803 -0.000766476)
(-0.0958194 0.353662 -0.0008362)
(-0.103331 0.295376 -0.000901767)
(-0.110386 0.242013 -0.000963346)
(-0.116735 0.193526 -0.00101877)
(-0.12226 0.149738 -0.00106701)
(-0.126835 0.110451 -0.00110695)
(-0.130414 0.0754415 -0.0011382)
(-0.132939 0.0444871 -0.00116025)
(-0.134404 0.0173689 -0.00117305)
(-0.134823 -0.00612111 -0.00117673)
(-0.134234 -0.0261948 -0.00117159)
(-0.132716 -0.0430849 -0.00115836)
(-0.130377 -0.057045 -0.00113795)
(-0.127325 -0.068325 -0.00111133)
(-0.123664 -0.0771646 -0.00107938)
(-0.119499 -0.0837983 -0.00104304)
(-0.114937 -0.0884585 -0.00100324)
(-0.00126843 1.40565 -1.10619e-05)
(-0.00458789 1.36285 -4.00281e-05)
(-0.00810383 1.29725 -7.07014e-05)
(-0.0132241 1.22292 -0.000115368)
(-0.0178445 1.14357 -0.000155697)
(-0.0240207 1.06187 -0.000209555)
(-0.0301938 0.978882 -0.000263403)
(-0.0375844 0.895245 -0.000327905)
(-0.0444384 0.812483 -0.000387761)
(-0.0518201 0.731036 -0.000452176)
(-0.0598296 0.652092 -0.000522083)
(-0.0675622 0.576155 -0.000589575)
(-0.075352 0.503872 -0.000657565)
(-0.0830077 0.435655 -0.000724383)
(-0.090529 0.37188 -0.000790032)
(-0.0976073 0.312753 -0.000851817)
(-0.10427 0.258344 -0.000909979)
(-0.110287 0.208658 -0.000962503)
(-0.115549 0.163562 -0.00100844)
(-0.119915 0.122899 -0.00104655)
(-0.123338 0.0864812 -0.00107645)
(-0.12576 0.0541165 -0.0010976)
(-0.127176 0.0256172 -0.00110997)
(-0.127599 0.000806711 -0.00111367)
(-0.127064 -0.0204964 -0.00110901)
(-0.125647 -0.0384997 -0.00109666)
(-0.123454 -0.0534443 -0.00107753)
(-0.120594 -0.0655815 -0.00105257)
(-0.117167 -0.0751567 -0.00102267)
(-0.113275 -0.082413 -0.000988715)
(-0.109019 -0.0875928 -0.000951586)
(-0.00107555 1.41469 -9.38161e-06)
(-0.00409945 1.37437 -3.57713e-05)
(-0.0072281 1.31067 -6.30585e-05)
(-0.0120703 1.23781 -0.000105303)
(-0.016235 1.15983 -0.00014167)
(-0.0222742 1.07903 -0.00019433)
(-0.028235 0.996629 -0.000246311)
(-0.0353115 0.913846 -0.000308063)
(-0.0418769 0.831409 -0.000365402)
(-0.0490732 0.750184 -0.000428205)
(-0.056558 0.6712 -0.000493532)
(-0.0638839 0.595153 -0.000557475)
(-0.0713124 0.522518 -0.00062231)
(-0.0785703 0.453814 -0.000685659)
(-0.0856915 0.38934 -0.000747816)
(-0.092431 0.329354 -0.000806644)
(-0.0987794 0.2739 -0.000862059)
(-0.104503 0.223062 -0.000912026)
(-0.109513 0.176718 -0.000955758)
(-0.113663 0.134741 -0.000991991)
(-0.116915 0.0969736 -0.00102039)
(-0.119211 0.0632596 -0.00104044)
(-0.120549 0.0334427 -0.00105213)
(-0.120943 0.00737661 -0.00105558)
(-0.120429 -0.015093 -0.00105111)
(-0.119083 -0.0341498 -0.00103937)
(-0.117009 -0.0500217 -0.00102128)
(-0.114315 -0.0629618 -0.000997766)
(-0.111099 -0.0732232 -0.000969708)
(-0.107459 -0.0810586 -0.000937944)
(-0.103488 -0.0867212 -0.000903305)
(-0.00104254 1.42182 -9.09513e-06)
(-0.0040026 1.38392 -3.49273e-05)
(-0.00707058 1.32206 -6.16805e-05)
(-0.0118158 1.25083 -0.000103088)
(-0.0158539 1.17375 -0.000138368)
(-0.0217908 1.09415 -0.00019014)
(-0.0272665 1.01193 -0.000237885)
(-0.0338603 0.929984 -0.00029541)
(-0.0403638 0.848123 -0.000352203)
(-0.0469845 0.767438 -0.000409978)
(-0.0539925 0.688659 -0.000471141)
(-0.0608911 0.612588 -0.000531354)
(-0.0679126 0.539739 -0.000592637)
(-0.07481 0.470624 -0.000652838)
(-0.0816131 0.405588 -0.00071222)
(-0.0880417 0.344867 -0.000768333)
(-0.0940661 0.288519 -0.000820922)
(-0.0994572 0.236643 -0.000867984)
(-0.104194 0.189147 -0.000909334)
(-0.108108 0.145938 -0.000943511)
(-0.111159 0.106896 -0.000970153)
(-0.113293 0.0719025 -0.000988789)
(-0.114515 0.0408372 -0.000999468)
(-0.114845 0.0135838 -0.00100236)
(-0.114322 -0.00998617 -0.000997808)
(-0.113022 -0.0300337 -0.000986471)
(-0.111046 -0.0467742 -0.00096923)
(-0.108499 -0.0604625 -0.000947002)
(-0.105477 -0.0713606 -0.000920635)
(-0.102071 -0.079732 -0.000890922)
(-0.0983691 -0.0858416 -0.000858622)
(-0.000920013 1.43045 -8.02139e-06)
(-0.00355526 1.39499 -3.10115e-05)
(-0.00632134 1.33515 -5.51543e-05)
(-0.0108979 1.26487 -9.50976e-05)
(-0.0145768 1.18954 -0.00012721)
(-0.0202727 1.11033 -0.000176869)
(-0.0255303 1.0289 -0.000222746)
(-0.0312999 0.947112 -0.000273081)
(-0.0375644 0.865361 -0.000327788)
(-0.0439355 0.784853 -0.000383386)
(-0.0507045 0.706191 -0.000442454)
(-0.0574186 0.629954 -0.000501051)
(-0.0643421 0.556816 -0.000561476)
(-0.0710846 0.487182 -0.000620323)
(-0.0776729 0.421511 -0.000677828)
(-0.0839265 0.359976 -0.000732415)
(-0.0897429 0.302712 -0.000783189)
(-0.0949077 0.249769 -0.000828276)
(-0.0994166 0.201102 -0.000867641)
(-0.10311 0.156657 -0.000899892)
(-0.105963 0.116354 -0.000924801)
(-0.10793 0.0801103 -0.00094198)
(-0.109026 0.0478397 -0.000951561)
(-0.109277 0.0194523 -0.000953763)
(-0.108732 -0.00515897 -0.000949013)
(-0.107465 -0.0261384 -0.000937966)
(-0.105575 -0.0436907 -0.00092148)
(-0.103164 -0.0580739 -0.000900443)
(-0.100325 -0.0695606 -0.000875669)
(-0.0971421 -0.0784268 -0.000847895)
(-0.0936935 -0.0849496 -0.000817809)
(-0.000993826 1.43559 -8.66763e-06)
(-0.00339524 1.4026 -2.96195e-05)
(-0.00655356 1.34456 -5.71802e-05)
(-0.0104571 1.27534 -9.1255e-05)
(-0.0141753 1.20106 -0.000123663)
(-0.0200183 1.12306 -0.000174628)
(-0.0240594 1.0429 -0.000209897)
(-0.0305282 0.961733 -0.000266331)
(-0.0365236 0.880317 -0.000318711)
(-0.0425885 0.800071 -0.000371648)
(-0.0490799 0.721678 -0.000428293)
(-0.0555473 0.645444 -0.000484732)
(-0.0621684 0.572207 -0.000542512)
(-0.0686579 0.502279 -0.000599146)
(-0.074968 0.436128 -0.000654221)
(-0.0809166 0.37393 -0.000706144)
(-0.0863919 0.315859 -0.000753943)
(-0.0912316 0.261964 -0.000796192)
(-0.0954353 0.212238 -0.000832893)
(-0.0988434 0.166658 -0.000862651)
(-0.101439 0.125187 -0.000885316)
(-0.103189 0.0877807 -0.000900607)
(-0.104121 0.0543895 -0.000908747)
(-0.104265 0.0249505 -0.000910018)
(-0.103678 -0.000623777 -0.000904901)
(-0.102432 -0.0224612 -0.00089404)
(-0.100621 -0.0407609 -0.00087824)
(-0.0983403 -0.0557834 -0.000858337)
(-0.0956762 -0.0678115 -0.000835091)
(-0.0927055 -0.0771337 -0.000809169)
(-0.0894972 -0.0840388 -0.000781178)
(-0.000872515 1.44434 -7.60939e-06)
(-0.00287912 1.41348 -2.51186e-05)
(-0.00560858 1.35747 -4.8938e-05)
(-0.00971584 1.28955 -8.47969e-05)
(-0.0131991 1.21527 -0.000115156)
(-0.0180708 1.1383 -0.000157618)
(-0.0221597 1.05901 -0.00019329)
(-0.028158 0.978467 -0.000245634)
(-0.0340051 0.897622 -0.000296729)
(-0.040141 0.8177 -0.000350291)
(-0.0465756 0.739238 -0.000406445)
(-0.0529498 0.66271 -0.000462071)
(-0.0594289 0.588954 -0.00051861)
(-0.0658251 0.518362 -0.000574428)
(-0.0719863 0.451426 -0.000628201)
(-0.0777948 0.38831 -0.000678903)
(-0.0830881 0.329197 -0.000725112)
(-0.0877298 0.274157 -0.000765633)
(-0.091724 0.223237 -0.000800506)
(-0.0949217 0.176433 -0.000828427)
(-0.0973191 0.133746 -0.000849364)
(-0.0988975 0.0951617 -0.000863151)
(-0.0996953 0.0606608 -0.000870125)
(-0.0997558 0.0302012 -0.000870662)
(-0.0991413 0.00370862 -0.000865308)
(-0.0979294 -0.0189431 -0.000854738)
(-0.096207 -0.0379465 -0.000839712)
(-0.0940604 -0.0535654 -0.000820981)
(-0.0915694 -0.0660954 -0.000799244)
(-0.088803 -0.0758401 -0.000775105)
(-0.085821 -0.0831012 -0.000749087)
(-0.00106693 1.44746 -9.31033e-06)
(-0.00325829 1.4184 -2.84384e-05)
(-0.00608779 1.36474 -5.31177e-05)
(-0.0102734 1.29809 -8.96656e-05)
(-0.0141671 1.2249 -0.000123629)
(-0.0190983 1.14813 -0.000166617)
(-0.0233124 1.06953 -0.000203349)
(-0.029588 0.98973 -0.000258105)
(-0.0348161 0.909705 -0.000303817)
(-0.0405903 0.830406 -0.00035422)
(-0.04697 0.752254 -0.000409898)
(-0.0530344 0.676004 -0.000462821)
(-0.0590871 0.60222 -0.000515638)
(-0.0650226 0.531399 -0.000567433)
(-0.0707503 0.46407 -0.000617421)
(-0.0761808 0.400392 -0.000664821)
(-0.0810959 0.340573 -0.000707727)
(-0.0853553 0.284696 -0.000744911)
(-0.0889841 0.232847 -0.000776593)
(-0.0918539 0.185055 -0.000801652)
(-0.0939621 0.141359 -0.000820064)
(-0.0953024 0.101781 -0.000831772)
(-0.0959214 0.0663328 -0.000837186)
(-0.0958703 0.0349947 -0.000836748)
(-0.0952185 0.00770535 -0.000831067)
(-0.0940369 -0.0156488 -0.000820762)
(-0.0923987 -0.035263 -0.00080647)
(-0.0903807 -0.0514112 -0.000788861)
(-0.0880545 -0.064396 -0.000768564)
(-0.0854803 -0.0745312 -0.000746101)
(-0.0827072 -0.082127 -0.000721906)
(-0.000907591 1.45811 -7.91523e-06)
(-0.0027431 1.43084 -2.39326e-05)
(-0.00526757 1.37928 -4.59683e-05)
(-0.00895885 1.31433 -7.81998e-05)
(-0.0124975 1.24193 -0.00010907)
(-0.0179761 1.16562 -0.000156848)
(-0.0222758 1.08733 -0.000194335)
(-0.0281311 1.00799 -0.000245424)
(-0.0330141 0.928483 -0.000288099)
(-0.0386165 0.849157 -0.000336992)
(-0.0447341 0.770884 -0.000390388)
(-0.0506147 0.69424 -0.000441709)
(-0.056679 0.619891 -0.000494628)
(-0.062521 0.548363 -0.00054561)
(-0.0681177 0.480063 -0.000594453)
(-0.0734635 0.41523 -0.000641114)
(-0.0782752 0.354173 -0.000683117)
(-0.0824219 0.296977 -0.000719317)
(-0.0859219 0.243765 -0.000749875)
(-0.0886614 0.194623 -0.000773797)
(-0.0906526 0.149633 -0.000791187)
(-0.0919024 0.10885 -0.000802105)
(-0.0924687 0.0723073 -0.000807056)
(-0.0924105 0.0399963 -0.000806556)
(-0.0917946 0.0118593 -0.000801187)
(-0.0906906 -0.0122475 -0.000791558)
(-0.0891756 -0.0325307 -0.000778342)
(-0.0873152 -0.0492365 -0.000762108)
(-0.085165 -0.0626826 -0.000743345)
(-0.0827776 -0.073204 -0.000722511)
(-0.0801953 -0.0811259 -0.000699979)
(-0.00119235 1.45911 -1.04011e-05)
(-0.00323815 1.43297 -2.82513e-05)
(-0.00578681 1.38346 -5.05233e-05)
(-0.0095475 1.32038 -8.33545e-05)
(-0.0134633 1.24906 -0.000117513)
(-0.0187454 1.17274 -0.000163591)
(-0.0235314 1.09488 -0.000205331)
(-0.0298542 1.01571 -0.000260491)
(-0.0351174 0.936336 -0.00030647)
(-0.0409034 0.857321 -0.000356957)
(-0.0469905 0.779415 -0.000410092)
(-0.0526649 0.703112 -0.000459613)
(-0.0581748 0.628913 -0.000507694)
(-0.0635121 0.557411 -0.00055427)
(-0.0687052 0.488943 -0.00059959)
(-0.0735382 0.423789 -0.000641771)
(-0.0778213 0.362277 -0.000679158)
(-0.0814995 0.304507 -0.000711266)
(-0.0845618 0.250662 -0.000738002)
(-0.0869149 0.200851 -0.000758548)
(-0.0885876 0.155193 -0.000773156)
(-0.089601 0.11376 -0.00078201)
(-0.0900121 0.0765972 -0.000785606)
(-0.0898731 0.043703 -0.000784399)
(-0.0892572 0.0150195 -0.000779031)
(-0.0882196 -0.00957448 -0.000769981)
(-0.0867893 -0.0302124 -0.000757503)
(-0.0850332 -0.0472711 -0.000742181)
(-0.0830129 -0.061048 -0.000724552)
(-0.0807708 -0.071875 -0.000704988)
(-0.0783392 -0.0800766 -0.000683771)
(-0.00114819 1.47263 -1.00211e-05)
(-0.00294743 1.44741 -2.57299e-05)
(-0.00495306 1.39875 -4.3227e-05)
(-0.00794759 1.33737 -6.93553e-05)
(-0.0113146 1.26831 -9.87081e-05)
(-0.0158063 1.19433 -0.000137906)
(-0.0193943 1.11802 -0.000169187)
(-0.0259225 1.03922 -0.000226137)
(-0.031175 0.960898 -0.000272065)
(-0.0365818 0.88134 -0.000319255)
(-0.0424199 0.803059 -0.000370203)
(-0.0481173 0.726074 -0.000419921)
(-0.0538197 0.65127 -0.000469684)
(-0.0591594 0.578727 -0.000516282)
(-0.0643727 0.509001 -0.000561781)
(-0.0692654 0.442431 -0.000604485)
(-0.0736617 0.379363 -0.00064286)
(-0.0774881 0.319913 -0.000676264)
(-0.0807218 0.264397 -0.000704496)
(-0.0832927 0.212948 -0.000726944)
(-0.0852184 0.165734 -0.000743761)
(-0.0865148 0.122856 -0.000755085)
(-0.0872239 0.0843795 -0.000761283)
(-0.0873897 0.0503101 -0.000762739)
(-0.0870572 0.0205849 -0.000759847)
(-0.0861626 -0.00491665 -0.000752041)
(-0.0848901 -0.026466 -0.000740935)
(-0.0833897 -0.0442502 -0.000727847)
(-0.0815759 -0.0586465 -0.000712024)
(-0.0795073 -0.069999 -0.000693973)
(-0.0772226 -0.0786464 -0.000674038)
)
;

boundaryField
{
    inlet
    {
        type            zeroGradient;
    }
    outlet
    {
        type            pressureInletOutletVelocity;
        value           nonuniform List<vector> 0();
    }
    walls
    {
        type            noSlip;
    }
    side1
    {
        type            cyclic;
    }
    side2
    {
        type            cyclic;
    }
    procBoundary5to4
    {
        type            processor;
        value           nonuniform List<vector> 
90
(
(0.137992 -41.6903 -0.00116804)
(0.00701421 -42.4887 -2.63584e-05)
(0.787671 -45.1374 -0.00684966)
(0.290376 -35.5697 -0.00251427)
(-0.0105444 -17.5832 0.000113924)
(-0.0437128 -0.000393226 0.000381577)
(-0.112166 -0.0051438 0.000979173)
(-0.16063 -0.0124616 0.00140225)
(-0.195509 -0.0209483 0.00170671)
(-0.219906 -0.0296904 0.00191967)
(-0.235999 -0.0381806 0.00206015)
(-0.24568 -0.0461221 0.00214465)
(-0.250513 -0.0533697 0.00218682)
(-0.251715 -0.0598695 0.0021973)
(-0.250212 -0.0656213 0.00218418)
(-0.246702 -0.070654 0.00215352)
(-0.241708 -0.0750119 0.00210992)
(-0.23563 -0.0787458 0.00205685)
(-0.228771 -0.0819092 0.00199697)
(-0.221364 -0.0845554 0.00193231)
(-0.21359 -0.0867365 0.00186444)
(-0.205587 -0.0885026 0.00179457)
(-0.197466 -0.0899017 0.00172368)
(-0.189313 -0.0909794 0.0016525)
(-0.181194 -0.0917783 0.00158163)
(-0.173165 -0.0923377 0.00151153)
(-0.165267 -0.0926936 0.00144259)
(-0.157536 -0.0928789 0.0013751)
(-0.15 -0.0929224 0.00130931)
(-0.142682 -0.0928492 0.00124544)
(-0.135604 -0.092681 0.00118365)
(-0.128785 -0.0924364 0.00112412)
(-0.122244 -0.09213 0.00106702)
(-0.115999 -0.091773 0.00101252)
(-0.110073 -0.0913733 0.000960785)
(-0.104487 -0.0909358 0.000912029)
(-0.0992674 -0.0904623 0.000866469)
(-0.0944422 -0.0899522 0.000824352)
(-0.0900434 -0.0894032 0.000785956)
(-0.0861066 -0.0888121 0.000751593)
(-0.0826709 -0.0881745 0.000721603)
(-0.0797749 -0.0874867 0.000696325)
(-0.0774538 -0.0867628 0.000676065)
(-0.075748 -0.0859665 0.000661171)
(-0.0747574 -0.0849143 0.000652538)
(0.107538 -41.6913 0.000975096)
(0.0119656 -42.4885 0.000138796)
(0.787225 -45.1375 0.00689501)
(0.290616 -35.5697 0.0025585)
(-0.0102601 -17.5832 -6.47724e-05)
(-0.0437128 -0.000393209 -0.000381591)
(-0.112166 -0.00514378 -0.000979202)
(-0.16063 -0.0124615 -0.00140228)
(-0.195509 -0.0209482 -0.00170673)
(-0.219906 -0.0296904 -0.00191968)
(-0.235999 -0.0381806 -0.00206014)
(-0.24568 -0.0461221 -0.00214462)
(-0.250513 -0.0533696 -0.00218678)
(-0.251715 -0.0598695 -0.00219725)
(-0.250212 -0.0656212 -0.00218412)
(-0.246702 -0.0706539 -0.00215346)
(-0.241708 -0.0750118 -0.00210986)
(-0.23563 -0.0787457 -0.00205679)
(-0.228771 -0.081909 -0.00199691)
(-0.221364 -0.0845553 -0.00193225)
(-0.21359 -0.0867364 -0.00186439)
(-0.205587 -0.0885025 -0.00179453)
(-0.197466 -0.0899017 -0.00172364)
(-0.189313 -0.0909794 -0.00165247)
(-0.181194 -0.0917783 -0.0015816)
(-0.173165 -0.0923377 -0.00151151)
(-0.165267 -0.0926937 -0.00144257)
(-0.157536 -0.092879 -0.00137509)
(-0.15 -0.0929225 -0.00130931)
(-0.142682 -0.0928493 -0.00124543)
(-0.135604 -0.0926812 -0.00118365)
(-0.128785 -0.0924365 -0.00112413)
(-0.122244 -0.0921302 -0.00106703)
(-0.115999 -0.0917732 -0.00101252)
(-0.110073 -0.0913735 -0.000960788)
(-0.104487 -0.090936 -0.00091203)
(-0.0992673 -0.0904625 -0.000866469)
(-0.0944422 -0.0899523 -0.00082435)
(-0.0900434 -0.0894033 -0.000785952)
(-0.0861066 -0.0888122 -0.000751587)
(-0.0826709 -0.0881746 -0.000721595)
(-0.0797748 -0.0874867 -0.000696315)
(-0.0774538 -0.0867628 -0.000676054)
(-0.075748 -0.0859665 -0.000661158)
(-0.0747574 -0.0849142 -0.000652524)
)
;
    }
}


// ************************************************************************* //
