/*--------------------------------*- C++ -*----------------------------------*\
| =========                 |                                                 |
| \\      /  F ield         | OpenFOAM: The Open Source CFD Toolbox           |
|  \\    /   O peration     | Version:  v2012                                 |
|   \\  /    A nd           | Website:  www.openfoam.com                      |
|    \\/     M anipulation  |                                                 |
\*---------------------------------------------------------------------------*/
FoamFile
{
    version     2.0;
    format      ascii;
    class       volScalarField;
    location    "0.95";
    object      p_rgh;
}
// * * * * * * * * * * * * * * * * * * * * * * * * * * * * * * * * * * * * * //

dimensions      [1 -1 -2 0 0 0 0];


internalField   nonuniform List<scalar> 
3320
(
4.4952e+06
4.49741e+06
4.49883e+06
4.49974e+06
4.50031e+06
4.50067e+06
4.50087e+06
4.50097e+06
4.501e+06
4.50099e+06
4.50094e+06
4.50088e+06
4.50081e+06
4.50074e+06
4.50067e+06
4.5006e+06
4.50053e+06
4.50047e+06
4.50041e+06
4.50036e+06
4.50031e+06
4.50027e+06
4.50024e+06
4.5002e+06
4.50018e+06
4.50016e+06
4.50014e+06
4.50012e+06
4.50011e+06
4.5001e+06
4.50009e+06
4.50009e+06
4.50008e+06
4.50008e+06
4.50008e+06
4.50009e+06
4.50009e+06
4.50009e+06
4.50009e+06
4.5001e+06
4.5001e+06
4.5001e+06
4.5001e+06
4.49554e+06
4.49759e+06
4.49892e+06
4.49978e+06
4.50032e+06
4.50066e+06
4.50085e+06
4.50095e+06
4.50098e+06
4.50097e+06
4.50093e+06
4.50087e+06
4.5008e+06
4.50073e+06
4.50066e+06
4.50059e+06
4.50052e+06
4.50046e+06
4.50041e+06
4.50036e+06
4.50031e+06
4.50027e+06
4.50024e+06
4.5002e+06
4.50018e+06
4.50016e+06
4.50014e+06
4.50012e+06
4.50011e+06
4.5001e+06
4.50009e+06
4.50009e+06
4.50009e+06
4.50008e+06
4.50009e+06
4.50009e+06
4.50009e+06
4.50009e+06
4.50009e+06
4.5001e+06
4.5001e+06
4.5001e+06
4.5001e+06
4.49588e+06
4.49774e+06
4.49897e+06
4.49978e+06
4.50031e+06
4.50063e+06
4.50082e+06
4.50092e+06
4.50095e+06
4.50094e+06
4.5009e+06
4.50085e+06
4.50079e+06
4.50072e+06
4.50065e+06
4.50058e+06
4.50052e+06
4.50046e+06
4.5004e+06
4.50035e+06
4.50031e+06
4.50027e+06
4.50023e+06
4.5002e+06
4.50018e+06
4.50016e+06
4.50014e+06
4.50012e+06
4.50011e+06
4.5001e+06
4.50009e+06
4.50009e+06
4.50009e+06
4.50009e+06
4.50009e+06
4.50009e+06
4.50009e+06
4.50009e+06
4.5001e+06
4.5001e+06
4.5001e+06
4.5001e+06
4.5001e+06
4.49634e+06
4.49796e+06
4.49906e+06
4.49981e+06
4.50029e+06
4.5006e+06
4.50079e+06
4.50088e+06
4.50091e+06
4.50091e+06
4.50087e+06
4.50082e+06
4.50076e+06
4.5007e+06
4.50063e+06
4.50057e+06
4.5005e+06
4.50045e+06
4.50039e+06
4.50035e+06
4.5003e+06
4.50026e+06
4.50023e+06
4.5002e+06
4.50018e+06
4.50015e+06
4.50014e+06
4.50012e+06
4.50011e+06
4.5001e+06
4.50009e+06
4.50009e+06
4.50009e+06
4.50009e+06
4.50009e+06
4.50009e+06
4.50009e+06
4.50009e+06
4.5001e+06
4.5001e+06
4.5001e+06
4.5001e+06
4.5001e+06
4.49678e+06
4.49817e+06
4.49915e+06
4.49982e+06
4.50027e+06
4.50056e+06
4.50074e+06
4.50083e+06
4.50087e+06
4.50086e+06
4.50083e+06
4.50079e+06
4.50073e+06
4.50067e+06
4.50061e+06
4.50055e+06
4.50049e+06
4.50043e+06
4.50038e+06
4.50034e+06
4.50029e+06
4.50026e+06
4.50023e+06
4.5002e+06
4.50017e+06
4.50015e+06
4.50013e+06
4.50012e+06
4.50011e+06
4.5001e+06
4.50009e+06
4.50009e+06
4.50009e+06
4.50009e+06
4.50009e+06
4.50009e+06
4.50009e+06
4.50009e+06
4.5001e+06
4.5001e+06
4.5001e+06
4.5001e+06
4.5001e+06
4.49722e+06
4.49839e+06
4.49924e+06
4.49984e+06
4.50025e+06
4.50052e+06
4.50068e+06
4.50078e+06
4.50081e+06
4.50081e+06
4.50079e+06
4.50075e+06
4.5007e+06
4.50064e+06
4.50058e+06
4.50052e+06
4.50047e+06
4.50042e+06
4.50037e+06
4.50032e+06
4.50028e+06
4.50025e+06
4.50022e+06
4.50019e+06
4.50017e+06
4.50015e+06
4.50013e+06
4.50012e+06
4.50011e+06
4.5001e+06
4.50009e+06
4.50009e+06
4.50009e+06
4.50009e+06
4.50009e+06
4.50009e+06
4.50009e+06
4.50009e+06
4.5001e+06
4.5001e+06
4.5001e+06
4.5001e+06
4.5001e+06
4.49762e+06
4.4986e+06
4.49933e+06
4.49985e+06
4.50022e+06
4.50047e+06
4.50063e+06
4.50072e+06
4.50076e+06
4.50076e+06
4.50074e+06
4.50071e+06
4.50066e+06
4.50061e+06
4.50055e+06
4.5005e+06
4.50045e+06
4.5004e+06
4.50035e+06
4.50031e+06
4.50027e+06
4.50024e+06
4.50021e+06
4.50018e+06
4.50016e+06
4.50014e+06
4.50013e+06
4.50011e+06
4.5001e+06
4.50009e+06
4.50009e+06
4.50008e+06
4.50008e+06
4.50008e+06
4.50009e+06
4.50009e+06
4.50009e+06
4.50009e+06
4.5001e+06
4.5001e+06
4.5001e+06
4.5001e+06
4.5001e+06
4.49798e+06
4.49879e+06
4.49941e+06
4.49987e+06
4.5002e+06
4.50043e+06
4.50057e+06
4.50066e+06
4.5007e+06
4.50071e+06
4.50069e+06
4.50066e+06
4.50062e+06
4.50057e+06
4.50052e+06
4.50047e+06
4.50043e+06
4.50038e+06
4.50034e+06
4.5003e+06
4.50026e+06
4.50023e+06
4.5002e+06
4.50018e+06
4.50016e+06
4.50014e+06
4.50012e+06
4.50011e+06
4.5001e+06
4.50009e+06
4.50008e+06
4.50008e+06
4.50008e+06
4.50008e+06
4.50008e+06
4.50009e+06
4.50009e+06
4.50009e+06
4.5001e+06
4.5001e+06
4.5001e+06
4.5001e+06
4.5001e+06
4.49829e+06
4.49897e+06
4.4995e+06
4.49989e+06
4.50018e+06
4.50039e+06
4.50052e+06
4.5006e+06
4.50064e+06
4.50065e+06
4.50064e+06
4.50062e+06
4.50058e+06
4.50054e+06
4.50049e+06
4.50045e+06
4.5004e+06
4.50036e+06
4.50032e+06
4.50028e+06
4.50025e+06
4.50022e+06
4.50019e+06
4.50017e+06
4.50015e+06
4.50013e+06
4.50012e+06
4.5001e+06
4.50009e+06
4.50009e+06
4.50008e+06
4.50008e+06
4.50008e+06
4.50008e+06
4.50008e+06
4.50008e+06
4.50009e+06
4.50009e+06
4.5001e+06
4.5001e+06
4.5001e+06
4.5001e+06
4.5001e+06
4.49856e+06
4.49913e+06
4.49957e+06
4.49991e+06
4.50017e+06
4.50035e+06
4.50047e+06
4.50055e+06
4.50059e+06
4.5006e+06
4.5006e+06
4.50057e+06
4.50054e+06
4.5005e+06
4.50046e+06
4.50042e+06
4.50038e+06
4.50034e+06
4.5003e+06
4.50027e+06
4.50024e+06
4.50021e+06
4.50018e+06
4.50016e+06
4.50014e+06
4.50012e+06
4.50011e+06
4.5001e+06
4.50009e+06
4.50008e+06
4.50008e+06
4.50007e+06
4.50007e+06
4.50007e+06
4.50008e+06
4.50008e+06
4.50009e+06
4.50009e+06
4.5001e+06
4.5001e+06
4.5001e+06
4.5001e+06
4.5001e+06
4.49964e+06
4.49993e+06
4.50016e+06
4.50032e+06
4.50043e+06
4.5005e+06
4.50054e+06
4.50055e+06
4.50055e+06
4.50053e+06
4.5005e+06
4.50047e+06
4.50043e+06
4.50039e+06
4.50036e+06
4.50032e+06
4.50029e+06
4.50025e+06
4.50022e+06
4.5002e+06
4.50017e+06
4.50015e+06
4.50013e+06
4.50012e+06
4.5001e+06
4.50009e+06
4.50008e+06
4.50008e+06
4.50007e+06
4.50007e+06
4.50007e+06
4.50007e+06
4.50007e+06
4.50008e+06
4.50008e+06
4.50009e+06
4.5001e+06
4.5001e+06
4.5001e+06
4.5001e+06
4.5001e+06
4.4997e+06
4.49996e+06
4.50015e+06
4.50029e+06
4.50039e+06
4.50046e+06
4.50049e+06
4.50051e+06
4.50051e+06
4.50049e+06
4.50047e+06
4.50044e+06
4.5004e+06
4.50037e+06
4.50034e+06
4.5003e+06
4.50027e+06
4.50024e+06
4.50021e+06
4.50019e+06
4.50017e+06
4.50015e+06
4.50013e+06
4.50011e+06
4.5001e+06
4.50009e+06
4.50008e+06
4.50007e+06
4.50007e+06
4.50006e+06
4.50006e+06
4.50007e+06
4.50007e+06
4.50007e+06
4.50008e+06
4.50009e+06
4.50009e+06
4.5001e+06
4.5001e+06
4.5001e+06
4.5001e+06
4.49976e+06
4.49997e+06
4.50014e+06
4.50027e+06
4.50036e+06
4.50042e+06
4.50045e+06
4.50047e+06
4.50046e+06
4.50045e+06
4.50043e+06
4.50041e+06
4.50038e+06
4.50035e+06
4.50031e+06
4.50028e+06
4.50025e+06
4.50023e+06
4.5002e+06
4.50018e+06
4.50016e+06
4.50014e+06
4.50012e+06
4.50011e+06
4.50009e+06
4.50008e+06
4.50008e+06
4.50007e+06
4.50006e+06
4.50006e+06
4.50006e+06
4.50006e+06
4.50006e+06
4.50007e+06
4.50008e+06
4.50009e+06
4.50009e+06
4.5001e+06
4.5001e+06
4.5001e+06
4.5001e+06
4.49981e+06
4.49999e+06
4.50014e+06
4.50025e+06
4.50033e+06
4.50038e+06
4.50041e+06
4.50043e+06
4.50043e+06
4.50042e+06
4.5004e+06
4.50038e+06
4.50035e+06
4.50032e+06
4.50029e+06
4.50027e+06
4.50024e+06
4.50021e+06
4.50019e+06
4.50017e+06
4.50015e+06
4.50013e+06
4.50011e+06
4.5001e+06
4.50009e+06
4.50008e+06
4.50007e+06
4.50006e+06
4.50006e+06
4.50006e+06
4.50006e+06
4.50006e+06
4.50006e+06
4.50007e+06
4.50007e+06
4.50008e+06
4.50009e+06
4.5001e+06
4.5001e+06
4.5001e+06
4.5001e+06
4.49985e+06
4.50001e+06
4.50013e+06
4.50023e+06
4.5003e+06
4.50035e+06
4.50038e+06
4.50039e+06
4.50039e+06
4.50038e+06
4.50037e+06
4.50035e+06
4.50032e+06
4.5003e+06
4.50027e+06
4.50025e+06
4.50022e+06
4.5002e+06
4.50018e+06
4.50016e+06
4.50014e+06
4.50012e+06
4.50011e+06
4.5001e+06
4.50008e+06
4.50007e+06
4.50007e+06
4.50006e+06
4.50006e+06
4.50005e+06
4.50005e+06
4.50005e+06
4.50006e+06
4.50006e+06
4.50007e+06
4.50008e+06
4.50009e+06
4.50009e+06
4.5001e+06
4.5001e+06
4.5001e+06
4.49989e+06
4.50002e+06
4.50013e+06
4.50021e+06
4.50028e+06
4.50032e+06
4.50035e+06
4.50036e+06
4.50036e+06
4.50035e+06
4.50034e+06
4.50032e+06
4.5003e+06
4.50028e+06
4.50026e+06
4.50023e+06
4.50021e+06
4.50019e+06
4.50017e+06
4.50015e+06
4.50013e+06
4.50012e+06
4.5001e+06
4.50009e+06
4.50008e+06
4.50007e+06
4.50006e+06
4.50006e+06
4.50005e+06
4.50005e+06
4.50005e+06
4.50005e+06
4.50005e+06
4.50006e+06
4.50006e+06
4.50007e+06
4.50008e+06
4.50009e+06
4.5001e+06
4.5001e+06
4.5001e+06
4.49992e+06
4.50004e+06
4.50013e+06
4.5002e+06
4.50026e+06
4.50029e+06
4.50032e+06
4.50033e+06
4.50033e+06
4.50032e+06
4.50031e+06
4.5003e+06
4.50028e+06
4.50026e+06
4.50024e+06
4.50022e+06
4.5002e+06
4.50018e+06
4.50016e+06
4.50014e+06
4.50012e+06
4.50011e+06
4.5001e+06
4.50009e+06
4.50008e+06
4.50007e+06
4.50006e+06
4.50005e+06
4.50005e+06
4.50005e+06
4.50004e+06
4.50004e+06
4.50005e+06
4.50005e+06
4.50006e+06
4.50007e+06
4.50008e+06
4.50009e+06
4.50009e+06
4.5001e+06
4.5001e+06
4.49995e+06
4.50005e+06
4.50013e+06
4.50019e+06
4.50024e+06
4.50027e+06
4.50029e+06
4.5003e+06
4.5003e+06
4.5003e+06
4.50029e+06
4.50027e+06
4.50026e+06
4.50024e+06
4.50022e+06
4.5002e+06
4.50018e+06
4.50016e+06
4.50015e+06
4.50013e+06
4.50012e+06
4.5001e+06
4.50009e+06
4.50008e+06
4.50007e+06
4.50006e+06
4.50006e+06
4.50005e+06
4.50005e+06
4.50004e+06
4.50004e+06
4.50004e+06
4.50004e+06
4.50005e+06
4.50006e+06
4.50007e+06
4.50008e+06
4.50009e+06
4.50009e+06
4.5001e+06
4.5001e+06
4.49998e+06
4.50006e+06
4.50012e+06
4.50018e+06
4.50022e+06
4.50025e+06
4.50027e+06
4.50028e+06
4.50028e+06
4.50027e+06
4.50027e+06
4.50025e+06
4.50024e+06
4.50022e+06
4.50021e+06
4.50019e+06
4.50017e+06
4.50015e+06
4.50014e+06
4.50012e+06
4.50011e+06
4.5001e+06
4.50009e+06
4.50008e+06
4.50007e+06
4.50006e+06
4.50005e+06
4.50005e+06
4.50004e+06
4.50004e+06
4.50004e+06
4.50004e+06
4.50004e+06
4.50004e+06
4.50005e+06
4.50006e+06
4.50007e+06
4.50008e+06
4.50009e+06
4.50009e+06
4.5001e+06
4.5e+06
4.50006e+06
4.50012e+06
4.50017e+06
4.5002e+06
4.50023e+06
4.50025e+06
4.50025e+06
4.50026e+06
4.50025e+06
4.50024e+06
4.50023e+06
4.50022e+06
4.50021e+06
4.50019e+06
4.50017e+06
4.50016e+06
4.50014e+06
4.50013e+06
4.50012e+06
4.5001e+06
4.50009e+06
4.50008e+06
4.50007e+06
4.50006e+06
4.50006e+06
4.50005e+06
4.50004e+06
4.50004e+06
4.50004e+06
4.50004e+06
4.50003e+06
4.50004e+06
4.50004e+06
4.50005e+06
4.50006e+06
4.50007e+06
4.50008e+06
4.50009e+06
4.50009e+06
4.50009e+06
4.50001e+06
4.50007e+06
4.50012e+06
4.50016e+06
4.50019e+06
4.50021e+06
4.50023e+06
4.50023e+06
4.50024e+06
4.50023e+06
4.50023e+06
4.50022e+06
4.5002e+06
4.50019e+06
4.50018e+06
4.50016e+06
4.50015e+06
4.50013e+06
4.50012e+06
4.50011e+06
4.5001e+06
4.50009e+06
4.50008e+06
4.50007e+06
4.50006e+06
4.50005e+06
4.50005e+06
4.50004e+06
4.50004e+06
4.50003e+06
4.50003e+06
4.50003e+06
4.50003e+06
4.50004e+06
4.50004e+06
4.50005e+06
4.50006e+06
4.50007e+06
4.50008e+06
4.50009e+06
4.50009e+06
4.50003e+06
4.50007e+06
4.50012e+06
4.50015e+06
4.50018e+06
4.5002e+06
4.50021e+06
4.50021e+06
4.50022e+06
4.50021e+06
4.50021e+06
4.5002e+06
4.50019e+06
4.50018e+06
4.50016e+06
4.50015e+06
4.50014e+06
4.50012e+06
4.50011e+06
4.5001e+06
4.50009e+06
4.50008e+06
4.50007e+06
4.50006e+06
4.50006e+06
4.50005e+06
4.50004e+06
4.50004e+06
4.50004e+06
4.50003e+06
4.50003e+06
4.50003e+06
4.50003e+06
4.50003e+06
4.50004e+06
4.50005e+06
4.50006e+06
4.50007e+06
4.50008e+06
4.50009e+06
4.50009e+06
4.50004e+06
4.50008e+06
4.50011e+06
4.50014e+06
4.50016e+06
4.50018e+06
4.50019e+06
4.5002e+06
4.5002e+06
4.5002e+06
4.50019e+06
4.50018e+06
4.50017e+06
4.50016e+06
4.50015e+06
4.50014e+06
4.50013e+06
4.50012e+06
4.5001e+06
4.50009e+06
4.50008e+06
4.50008e+06
4.50007e+06
4.50006e+06
4.50005e+06
4.50005e+06
4.50004e+06
4.50004e+06
4.50003e+06
4.50003e+06
4.50003e+06
4.50003e+06
4.50003e+06
4.50003e+06
4.50004e+06
4.50004e+06
4.50006e+06
4.50007e+06
4.50008e+06
4.50008e+06
4.50009e+06
4.50004e+06
4.50008e+06
4.50011e+06
4.50013e+06
4.50015e+06
4.50017e+06
4.50018e+06
4.50018e+06
4.50018e+06
4.50018e+06
4.50017e+06
4.50017e+06
4.50016e+06
4.50015e+06
4.50014e+06
4.50013e+06
4.50012e+06
4.50011e+06
4.5001e+06
4.50009e+06
4.50008e+06
4.50007e+06
4.50006e+06
4.50006e+06
4.50005e+06
4.50004e+06
4.50004e+06
4.50003e+06
4.50003e+06
4.50003e+06
4.50003e+06
4.50003e+06
4.50003e+06
4.50003e+06
4.50003e+06
4.50004e+06
4.50005e+06
4.50006e+06
4.50007e+06
4.50008e+06
4.50008e+06
4.50005e+06
4.50008e+06
4.5001e+06
4.50013e+06
4.50014e+06
4.50015e+06
4.50016e+06
4.50017e+06
4.50017e+06
4.50016e+06
4.50016e+06
4.50015e+06
4.50015e+06
4.50014e+06
4.50013e+06
4.50012e+06
4.50011e+06
4.5001e+06
4.50009e+06
4.50008e+06
4.50007e+06
4.50007e+06
4.50006e+06
4.50005e+06
4.50005e+06
4.50004e+06
4.50004e+06
4.50003e+06
4.50003e+06
4.50003e+06
4.50002e+06
4.50002e+06
4.50002e+06
4.50003e+06
4.50003e+06
4.50004e+06
4.50005e+06
4.50006e+06
4.50007e+06
4.50008e+06
4.50008e+06
4.50005e+06
4.50008e+06
4.5001e+06
4.50012e+06
4.50013e+06
4.50014e+06
4.50015e+06
4.50015e+06
4.50015e+06
4.50015e+06
4.50015e+06
4.50014e+06
4.50013e+06
4.50013e+06
4.50012e+06
4.50011e+06
4.5001e+06
4.50009e+06
4.50008e+06
4.50008e+06
4.50007e+06
4.50006e+06
4.50005e+06
4.50005e+06
4.50004e+06
4.50004e+06
4.50003e+06
4.50003e+06
4.50003e+06
4.50002e+06
4.50002e+06
4.50002e+06
4.50002e+06
4.50002e+06
4.50003e+06
4.50003e+06
4.50004e+06
4.50005e+06
4.50006e+06
4.50007e+06
4.50007e+06
4.50005e+06
4.50008e+06
4.50009e+06
4.50011e+06
4.50012e+06
4.50013e+06
4.50014e+06
4.50014e+06
4.50014e+06
4.50014e+06
4.50013e+06
4.50013e+06
4.50012e+06
4.50011e+06
4.50011e+06
4.5001e+06
4.50009e+06
4.50008e+06
4.50008e+06
4.50007e+06
4.50006e+06
4.50006e+06
4.50005e+06
4.50004e+06
4.50004e+06
4.50004e+06
4.50003e+06
4.50003e+06
4.50002e+06
4.50002e+06
4.50002e+06
4.50002e+06
4.50002e+06
4.50002e+06
4.50002e+06
4.50003e+06
4.50004e+06
4.50005e+06
4.50006e+06
4.50007e+06
4.50007e+06
4.50006e+06
4.50007e+06
4.50009e+06
4.5001e+06
4.50011e+06
4.50012e+06
4.50012e+06
4.50013e+06
4.50013e+06
4.50012e+06
4.50012e+06
4.50012e+06
4.50011e+06
4.5001e+06
4.5001e+06
4.50009e+06
4.50008e+06
4.50008e+06
4.50007e+06
4.50006e+06
4.50006e+06
4.50005e+06
4.50005e+06
4.50004e+06
4.50004e+06
4.50003e+06
4.50003e+06
4.50003e+06
4.50002e+06
4.50002e+06
4.50002e+06
4.50002e+06
4.50002e+06
4.50002e+06
4.50002e+06
4.50003e+06
4.50004e+06
4.50005e+06
4.50006e+06
4.50006e+06
4.50007e+06
4.50005e+06
4.50007e+06
4.50008e+06
4.50009e+06
4.5001e+06
4.50011e+06
4.50011e+06
4.50011e+06
4.50011e+06
4.50011e+06
4.50011e+06
4.5001e+06
4.5001e+06
4.50009e+06
4.50009e+06
4.50008e+06
4.50008e+06
4.50007e+06
4.50006e+06
4.50006e+06
4.50005e+06
4.50005e+06
4.50004e+06
4.50004e+06
4.50003e+06
4.50003e+06
4.50003e+06
4.50002e+06
4.50002e+06
4.50002e+06
4.50002e+06
4.50002e+06
4.50002e+06
4.50002e+06
4.50002e+06
4.50002e+06
4.50003e+06
4.50004e+06
4.50005e+06
4.50006e+06
4.50006e+06
4.50005e+06
4.50007e+06
4.50008e+06
4.50009e+06
4.50009e+06
4.5001e+06
4.5001e+06
4.5001e+06
4.5001e+06
4.5001e+06
4.5001e+06
4.50009e+06
4.50009e+06
4.50008e+06
4.50008e+06
4.50007e+06
4.50007e+06
4.50006e+06
4.50006e+06
4.50005e+06
4.50005e+06
4.50004e+06
4.50004e+06
4.50003e+06
4.50003e+06
4.50003e+06
4.50002e+06
4.50002e+06
4.50002e+06
4.50002e+06
4.50002e+06
4.50001e+06
4.50001e+06
4.50002e+06
4.50002e+06
4.50002e+06
4.50003e+06
4.50004e+06
4.50005e+06
4.50005e+06
4.50006e+06
4.50005e+06
4.50006e+06
4.50007e+06
4.50008e+06
4.50008e+06
4.50009e+06
4.50009e+06
4.50009e+06
4.50009e+06
4.50009e+06
4.50009e+06
4.50008e+06
4.50008e+06
4.50008e+06
4.50007e+06
4.50007e+06
4.50006e+06
4.50006e+06
4.50005e+06
4.50005e+06
4.50004e+06
4.50004e+06
4.50003e+06
4.50003e+06
4.50003e+06
4.50002e+06
4.50002e+06
4.50002e+06
4.50002e+06
4.50002e+06
4.50001e+06
4.50001e+06
4.50001e+06
4.50001e+06
4.50002e+06
4.50002e+06
4.50003e+06
4.50003e+06
4.50004e+06
4.50005e+06
4.50005e+06
4.50005e+06
4.50006e+06
4.50006e+06
4.50007e+06
4.50007e+06
4.50008e+06
4.50008e+06
4.50008e+06
4.50008e+06
4.50008e+06
4.50008e+06
4.50007e+06
4.50007e+06
4.50007e+06
4.50006e+06
4.50006e+06
4.50005e+06
4.50005e+06
4.50005e+06
4.50004e+06
4.50004e+06
4.50003e+06
4.50003e+06
4.50003e+06
4.50002e+06
4.50002e+06
4.50002e+06
4.50002e+06
4.50002e+06
4.50001e+06
4.50001e+06
4.50001e+06
4.50001e+06
4.50001e+06
4.50001e+06
4.50002e+06
4.50002e+06
4.50003e+06
4.50004e+06
4.50004e+06
4.50005e+06
4.50004e+06
4.50005e+06
4.50006e+06
4.50006e+06
4.50006e+06
4.50007e+06
4.50007e+06
4.50007e+06
4.50007e+06
4.50007e+06
4.50007e+06
4.50006e+06
4.50006e+06
4.50006e+06
4.50005e+06
4.50005e+06
4.50005e+06
4.50004e+06
4.50004e+06
4.50004e+06
4.50003e+06
4.50003e+06
4.50003e+06
4.50002e+06
4.50002e+06
4.50002e+06
4.50002e+06
4.50001e+06
4.50001e+06
4.50001e+06
4.50001e+06
4.50001e+06
4.50001e+06
4.50001e+06
4.50001e+06
4.50002e+06
4.50002e+06
4.50003e+06
4.50003e+06
4.50004e+06
4.50004e+06
4.50004e+06
4.50004e+06
4.50005e+06
4.50005e+06
4.50006e+06
4.50006e+06
4.50006e+06
4.50006e+06
4.50006e+06
4.50006e+06
4.50006e+06
4.50006e+06
4.50005e+06
4.50005e+06
4.50005e+06
4.50004e+06
4.50004e+06
4.50004e+06
4.50003e+06
4.50003e+06
4.50003e+06
4.50003e+06
4.50002e+06
4.50002e+06
4.50002e+06
4.50002e+06
4.50001e+06
4.50001e+06
4.50001e+06
4.50001e+06
4.50001e+06
4.50001e+06
4.50001e+06
4.50001e+06
4.50001e+06
4.50001e+06
4.50002e+06
4.50002e+06
4.50003e+06
4.50003e+06
4.50004e+06
4.50003e+06
4.50004e+06
4.50004e+06
4.50004e+06
4.50005e+06
4.50005e+06
4.50005e+06
4.50005e+06
4.50005e+06
4.50005e+06
4.50005e+06
4.50005e+06
4.50004e+06
4.50004e+06
4.50004e+06
4.50004e+06
4.50003e+06
4.50003e+06
4.50003e+06
4.50003e+06
4.50002e+06
4.50002e+06
4.50002e+06
4.50002e+06
4.50002e+06
4.50001e+06
4.50001e+06
4.50001e+06
4.50001e+06
4.50001e+06
4.50001e+06
4.50001e+06
4.50001e+06
4.50001e+06
4.50001e+06
4.50001e+06
4.50001e+06
4.50002e+06
4.50002e+06
4.50003e+06
4.50003e+06
4.50003e+06
4.50003e+06
4.50003e+06
4.50004e+06
4.50004e+06
4.50004e+06
4.50004e+06
4.50004e+06
4.50004e+06
4.50004e+06
4.50004e+06
4.50004e+06
4.50004e+06
4.50003e+06
4.50003e+06
4.50003e+06
4.50003e+06
4.50003e+06
4.50002e+06
4.50002e+06
4.50002e+06
4.50002e+06
4.50002e+06
4.50001e+06
4.50001e+06
4.50001e+06
4.50001e+06
4.50001e+06
4.50001e+06
4.50001e+06
4.50001e+06
4.50001e+06
4.50001e+06
4.50001e+06
4.50001e+06
4.50001e+06
4.50001e+06
4.50002e+06
4.50002e+06
4.50002e+06
4.50003e+06
4.50002e+06
4.50002e+06
4.50003e+06
4.50003e+06
4.50003e+06
4.50003e+06
4.50003e+06
4.50003e+06
4.50003e+06
4.50003e+06
4.50003e+06
4.50003e+06
4.50003e+06
4.50003e+06
4.50002e+06
4.50002e+06
4.50002e+06
4.50002e+06
4.50002e+06
4.50002e+06
4.50001e+06
4.50001e+06
4.50001e+06
4.50001e+06
4.50001e+06
4.50001e+06
4.50001e+06
4.50001e+06
4.50001e+06
4.50001e+06
4.5e+06
4.5e+06
4.5e+06
4.5e+06
4.50001e+06
4.50001e+06
4.50001e+06
4.50001e+06
4.50002e+06
4.50002e+06
4.50002e+06
4.50002e+06
4.50002e+06
4.50002e+06
4.50002e+06
4.50002e+06
4.50002e+06
4.50002e+06
4.50002e+06
4.50002e+06
4.50002e+06
4.50002e+06
4.50002e+06
4.50002e+06
4.50002e+06
4.50002e+06
4.50002e+06
4.50001e+06
4.50001e+06
4.50001e+06
4.50001e+06
4.50001e+06
4.50001e+06
4.50001e+06
4.50001e+06
4.50001e+06
4.50001e+06
4.5e+06
4.5e+06
4.5e+06
4.5e+06
4.5e+06
4.5e+06
4.5e+06
4.5e+06
4.5e+06
4.5e+06
4.50001e+06
4.50001e+06
4.50001e+06
4.50001e+06
4.50002e+06
4.50001e+06
4.50001e+06
4.50001e+06
4.50001e+06
4.50001e+06
4.50001e+06
4.50001e+06
4.50001e+06
4.50001e+06
4.50001e+06
4.50001e+06
4.50001e+06
4.50001e+06
4.50001e+06
4.50001e+06
4.50001e+06
4.50001e+06
4.50001e+06
4.50001e+06
4.50001e+06
4.50001e+06
4.5e+06
4.5e+06
4.5e+06
4.5e+06
4.5e+06
4.5e+06
4.5e+06
4.5e+06
4.5e+06
4.5e+06
4.5e+06
4.5e+06
4.5e+06
4.5e+06
4.5e+06
4.5e+06
4.50001e+06
4.50001e+06
4.50001e+06
4.50001e+06
4.5e+06
4.5e+06
4.5e+06
4.5e+06
4.5e+06
4.5e+06
4.5e+06
4.5e+06
4.5e+06
4.5e+06
4.5e+06
4.5e+06
4.5e+06
4.5e+06
4.5e+06
4.5e+06
4.5e+06
4.5e+06
4.5e+06
4.5e+06
4.5e+06
4.5e+06
4.5e+06
4.5e+06
4.5e+06
4.5e+06
4.5e+06
4.5e+06
4.5e+06
4.5e+06
4.5e+06
4.5e+06
4.5e+06
4.5e+06
4.5e+06
4.5e+06
4.5e+06
4.5e+06
4.5e+06
4.5e+06
4.5e+06
4.4952e+06
4.49741e+06
4.49883e+06
4.49974e+06
4.50031e+06
4.50067e+06
4.50087e+06
4.50097e+06
4.501e+06
4.50099e+06
4.50094e+06
4.50088e+06
4.50081e+06
4.50074e+06
4.50067e+06
4.5006e+06
4.50053e+06
4.50047e+06
4.50041e+06
4.50036e+06
4.50031e+06
4.50027e+06
4.50024e+06
4.5002e+06
4.50018e+06
4.50016e+06
4.50014e+06
4.50012e+06
4.50011e+06
4.5001e+06
4.50009e+06
4.50009e+06
4.50008e+06
4.50008e+06
4.50008e+06
4.50009e+06
4.50009e+06
4.50009e+06
4.50009e+06
4.5001e+06
4.5001e+06
4.5001e+06
4.5001e+06
4.49554e+06
4.49759e+06
4.49892e+06
4.49978e+06
4.50032e+06
4.50066e+06
4.50085e+06
4.50095e+06
4.50098e+06
4.50097e+06
4.50093e+06
4.50087e+06
4.5008e+06
4.50073e+06
4.50066e+06
4.50059e+06
4.50052e+06
4.50046e+06
4.50041e+06
4.50036e+06
4.50031e+06
4.50027e+06
4.50024e+06
4.5002e+06
4.50018e+06
4.50016e+06
4.50014e+06
4.50012e+06
4.50011e+06
4.5001e+06
4.50009e+06
4.50009e+06
4.50009e+06
4.50008e+06
4.50009e+06
4.50009e+06
4.50009e+06
4.50009e+06
4.50009e+06
4.5001e+06
4.5001e+06
4.5001e+06
4.5001e+06
4.49588e+06
4.49774e+06
4.49897e+06
4.49978e+06
4.50031e+06
4.50063e+06
4.50082e+06
4.50092e+06
4.50095e+06
4.50094e+06
4.5009e+06
4.50085e+06
4.50079e+06
4.50072e+06
4.50065e+06
4.50058e+06
4.50052e+06
4.50046e+06
4.5004e+06
4.50035e+06
4.50031e+06
4.50027e+06
4.50023e+06
4.5002e+06
4.50018e+06
4.50016e+06
4.50014e+06
4.50012e+06
4.50011e+06
4.5001e+06
4.50009e+06
4.50009e+06
4.50009e+06
4.50009e+06
4.50009e+06
4.50009e+06
4.50009e+06
4.50009e+06
4.5001e+06
4.5001e+06
4.5001e+06
4.5001e+06
4.5001e+06
4.49634e+06
4.49796e+06
4.49906e+06
4.49981e+06
4.50029e+06
4.5006e+06
4.50079e+06
4.50088e+06
4.50091e+06
4.50091e+06
4.50087e+06
4.50082e+06
4.50076e+06
4.5007e+06
4.50063e+06
4.50057e+06
4.5005e+06
4.50045e+06
4.50039e+06
4.50035e+06
4.5003e+06
4.50026e+06
4.50023e+06
4.5002e+06
4.50018e+06
4.50015e+06
4.50014e+06
4.50012e+06
4.50011e+06
4.5001e+06
4.50009e+06
4.50009e+06
4.50009e+06
4.50009e+06
4.50009e+06
4.50009e+06
4.50009e+06
4.50009e+06
4.5001e+06
4.5001e+06
4.5001e+06
4.5001e+06
4.5001e+06
4.49678e+06
4.49817e+06
4.49915e+06
4.49982e+06
4.50027e+06
4.50056e+06
4.50074e+06
4.50083e+06
4.50087e+06
4.50086e+06
4.50083e+06
4.50079e+06
4.50073e+06
4.50067e+06
4.50061e+06
4.50055e+06
4.50049e+06
4.50043e+06
4.50038e+06
4.50034e+06
4.50029e+06
4.50026e+06
4.50023e+06
4.5002e+06
4.50017e+06
4.50015e+06
4.50013e+06
4.50012e+06
4.50011e+06
4.5001e+06
4.50009e+06
4.50009e+06
4.50009e+06
4.50009e+06
4.50009e+06
4.50009e+06
4.50009e+06
4.50009e+06
4.5001e+06
4.5001e+06
4.5001e+06
4.5001e+06
4.5001e+06
4.49722e+06
4.49839e+06
4.49924e+06
4.49984e+06
4.50025e+06
4.50052e+06
4.50068e+06
4.50078e+06
4.50081e+06
4.50081e+06
4.50079e+06
4.50075e+06
4.5007e+06
4.50064e+06
4.50058e+06
4.50052e+06
4.50047e+06
4.50042e+06
4.50037e+06
4.50032e+06
4.50028e+06
4.50025e+06
4.50022e+06
4.50019e+06
4.50017e+06
4.50015e+06
4.50013e+06
4.50012e+06
4.50011e+06
4.5001e+06
4.50009e+06
4.50009e+06
4.50009e+06
4.50009e+06
4.50009e+06
4.50009e+06
4.50009e+06
4.50009e+06
4.5001e+06
4.5001e+06
4.5001e+06
4.5001e+06
4.5001e+06
4.49762e+06
4.4986e+06
4.49933e+06
4.49985e+06
4.50022e+06
4.50047e+06
4.50063e+06
4.50072e+06
4.50076e+06
4.50076e+06
4.50074e+06
4.50071e+06
4.50066e+06
4.50061e+06
4.50055e+06
4.5005e+06
4.50045e+06
4.5004e+06
4.50035e+06
4.50031e+06
4.50027e+06
4.50024e+06
4.50021e+06
4.50018e+06
4.50016e+06
4.50014e+06
4.50013e+06
4.50011e+06
4.5001e+06
4.50009e+06
4.50009e+06
4.50008e+06
4.50008e+06
4.50008e+06
4.50009e+06
4.50009e+06
4.50009e+06
4.50009e+06
4.5001e+06
4.5001e+06
4.5001e+06
4.5001e+06
4.5001e+06
4.49798e+06
4.49879e+06
4.49941e+06
4.49987e+06
4.5002e+06
4.50043e+06
4.50057e+06
4.50066e+06
4.5007e+06
4.50071e+06
4.50069e+06
4.50066e+06
4.50062e+06
4.50057e+06
4.50052e+06
4.50047e+06
4.50043e+06
4.50038e+06
4.50034e+06
4.5003e+06
4.50026e+06
4.50023e+06
4.5002e+06
4.50018e+06
4.50016e+06
4.50014e+06
4.50012e+06
4.50011e+06
4.5001e+06
4.50009e+06
4.50008e+06
4.50008e+06
4.50008e+06
4.50008e+06
4.50008e+06
4.50009e+06
4.50009e+06
4.50009e+06
4.5001e+06
4.5001e+06
4.5001e+06
4.5001e+06
4.5001e+06
4.49829e+06
4.49897e+06
4.4995e+06
4.49989e+06
4.50018e+06
4.50039e+06
4.50052e+06
4.5006e+06
4.50064e+06
4.50065e+06
4.50064e+06
4.50062e+06
4.50058e+06
4.50054e+06
4.50049e+06
4.50045e+06
4.5004e+06
4.50036e+06
4.50032e+06
4.50028e+06
4.50025e+06
4.50022e+06
4.50019e+06
4.50017e+06
4.50015e+06
4.50013e+06
4.50012e+06
4.5001e+06
4.50009e+06
4.50009e+06
4.50008e+06
4.50008e+06
4.50008e+06
4.50008e+06
4.50008e+06
4.50008e+06
4.50009e+06
4.50009e+06
4.5001e+06
4.5001e+06
4.5001e+06
4.5001e+06
4.5001e+06
4.49856e+06
4.49913e+06
4.49957e+06
4.49991e+06
4.50017e+06
4.50035e+06
4.50047e+06
4.50055e+06
4.50059e+06
4.5006e+06
4.5006e+06
4.50057e+06
4.50054e+06
4.5005e+06
4.50046e+06
4.50042e+06
4.50038e+06
4.50034e+06
4.5003e+06
4.50027e+06
4.50024e+06
4.50021e+06
4.50018e+06
4.50016e+06
4.50014e+06
4.50012e+06
4.50011e+06
4.5001e+06
4.50009e+06
4.50008e+06
4.50008e+06
4.50007e+06
4.50007e+06
4.50007e+06
4.50008e+06
4.50008e+06
4.50009e+06
4.50009e+06
4.5001e+06
4.5001e+06
4.5001e+06
4.5001e+06
4.5001e+06
4.49964e+06
4.49993e+06
4.50016e+06
4.50032e+06
4.50043e+06
4.5005e+06
4.50054e+06
4.50055e+06
4.50055e+06
4.50053e+06
4.5005e+06
4.50047e+06
4.50043e+06
4.50039e+06
4.50036e+06
4.50032e+06
4.50029e+06
4.50025e+06
4.50022e+06
4.5002e+06
4.50017e+06
4.50015e+06
4.50013e+06
4.50012e+06
4.5001e+06
4.50009e+06
4.50008e+06
4.50008e+06
4.50007e+06
4.50007e+06
4.50007e+06
4.50007e+06
4.50007e+06
4.50008e+06
4.50008e+06
4.50009e+06
4.5001e+06
4.5001e+06
4.5001e+06
4.5001e+06
4.5001e+06
4.4997e+06
4.49996e+06
4.50015e+06
4.50029e+06
4.50039e+06
4.50046e+06
4.50049e+06
4.50051e+06
4.50051e+06
4.50049e+06
4.50047e+06
4.50044e+06
4.5004e+06
4.50037e+06
4.50034e+06
4.5003e+06
4.50027e+06
4.50024e+06
4.50021e+06
4.50019e+06
4.50017e+06
4.50015e+06
4.50013e+06
4.50011e+06
4.5001e+06
4.50009e+06
4.50008e+06
4.50007e+06
4.50007e+06
4.50006e+06
4.50006e+06
4.50007e+06
4.50007e+06
4.50007e+06
4.50008e+06
4.50009e+06
4.50009e+06
4.5001e+06
4.5001e+06
4.5001e+06
4.5001e+06
4.49976e+06
4.49997e+06
4.50014e+06
4.50027e+06
4.50036e+06
4.50042e+06
4.50045e+06
4.50047e+06
4.50046e+06
4.50045e+06
4.50043e+06
4.50041e+06
4.50038e+06
4.50035e+06
4.50031e+06
4.50028e+06
4.50025e+06
4.50023e+06
4.5002e+06
4.50018e+06
4.50016e+06
4.50014e+06
4.50012e+06
4.50011e+06
4.50009e+06
4.50008e+06
4.50008e+06
4.50007e+06
4.50006e+06
4.50006e+06
4.50006e+06
4.50006e+06
4.50006e+06
4.50007e+06
4.50008e+06
4.50009e+06
4.50009e+06
4.5001e+06
4.5001e+06
4.5001e+06
4.5001e+06
4.49981e+06
4.49999e+06
4.50014e+06
4.50025e+06
4.50033e+06
4.50038e+06
4.50041e+06
4.50043e+06
4.50043e+06
4.50042e+06
4.5004e+06
4.50038e+06
4.50035e+06
4.50032e+06
4.50029e+06
4.50027e+06
4.50024e+06
4.50021e+06
4.50019e+06
4.50017e+06
4.50015e+06
4.50013e+06
4.50011e+06
4.5001e+06
4.50009e+06
4.50008e+06
4.50007e+06
4.50006e+06
4.50006e+06
4.50006e+06
4.50006e+06
4.50006e+06
4.50006e+06
4.50007e+06
4.50007e+06
4.50008e+06
4.50009e+06
4.5001e+06
4.5001e+06
4.5001e+06
4.5001e+06
4.49985e+06
4.50001e+06
4.50013e+06
4.50023e+06
4.5003e+06
4.50035e+06
4.50038e+06
4.50039e+06
4.50039e+06
4.50038e+06
4.50037e+06
4.50035e+06
4.50032e+06
4.5003e+06
4.50027e+06
4.50025e+06
4.50022e+06
4.5002e+06
4.50018e+06
4.50016e+06
4.50014e+06
4.50012e+06
4.50011e+06
4.5001e+06
4.50008e+06
4.50007e+06
4.50007e+06
4.50006e+06
4.50006e+06
4.50005e+06
4.50005e+06
4.50005e+06
4.50006e+06
4.50006e+06
4.50007e+06
4.50008e+06
4.50009e+06
4.50009e+06
4.5001e+06
4.5001e+06
4.5001e+06
4.49989e+06
4.50002e+06
4.50013e+06
4.50021e+06
4.50028e+06
4.50032e+06
4.50035e+06
4.50036e+06
4.50036e+06
4.50035e+06
4.50034e+06
4.50032e+06
4.5003e+06
4.50028e+06
4.50026e+06
4.50023e+06
4.50021e+06
4.50019e+06
4.50017e+06
4.50015e+06
4.50013e+06
4.50012e+06
4.5001e+06
4.50009e+06
4.50008e+06
4.50007e+06
4.50006e+06
4.50006e+06
4.50005e+06
4.50005e+06
4.50005e+06
4.50005e+06
4.50005e+06
4.50006e+06
4.50006e+06
4.50007e+06
4.50008e+06
4.50009e+06
4.5001e+06
4.5001e+06
4.5001e+06
4.49992e+06
4.50004e+06
4.50013e+06
4.5002e+06
4.50026e+06
4.50029e+06
4.50032e+06
4.50033e+06
4.50033e+06
4.50032e+06
4.50031e+06
4.5003e+06
4.50028e+06
4.50026e+06
4.50024e+06
4.50022e+06
4.5002e+06
4.50018e+06
4.50016e+06
4.50014e+06
4.50012e+06
4.50011e+06
4.5001e+06
4.50009e+06
4.50008e+06
4.50007e+06
4.50006e+06
4.50005e+06
4.50005e+06
4.50005e+06
4.50004e+06
4.50004e+06
4.50005e+06
4.50005e+06
4.50006e+06
4.50007e+06
4.50008e+06
4.50009e+06
4.50009e+06
4.5001e+06
4.5001e+06
4.49995e+06
4.50005e+06
4.50013e+06
4.50019e+06
4.50024e+06
4.50027e+06
4.50029e+06
4.5003e+06
4.5003e+06
4.5003e+06
4.50029e+06
4.50027e+06
4.50026e+06
4.50024e+06
4.50022e+06
4.5002e+06
4.50018e+06
4.50016e+06
4.50015e+06
4.50013e+06
4.50012e+06
4.5001e+06
4.50009e+06
4.50008e+06
4.50007e+06
4.50006e+06
4.50006e+06
4.50005e+06
4.50005e+06
4.50004e+06
4.50004e+06
4.50004e+06
4.50004e+06
4.50005e+06
4.50006e+06
4.50007e+06
4.50008e+06
4.50009e+06
4.50009e+06
4.5001e+06
4.5001e+06
4.49998e+06
4.50006e+06
4.50012e+06
4.50018e+06
4.50022e+06
4.50025e+06
4.50027e+06
4.50028e+06
4.50028e+06
4.50027e+06
4.50027e+06
4.50025e+06
4.50024e+06
4.50022e+06
4.50021e+06
4.50019e+06
4.50017e+06
4.50015e+06
4.50014e+06
4.50012e+06
4.50011e+06
4.5001e+06
4.50009e+06
4.50008e+06
4.50007e+06
4.50006e+06
4.50005e+06
4.50005e+06
4.50004e+06
4.50004e+06
4.50004e+06
4.50004e+06
4.50004e+06
4.50004e+06
4.50005e+06
4.50006e+06
4.50007e+06
4.50008e+06
4.50009e+06
4.50009e+06
4.5001e+06
4.5e+06
4.50006e+06
4.50012e+06
4.50017e+06
4.5002e+06
4.50023e+06
4.50025e+06
4.50025e+06
4.50026e+06
4.50025e+06
4.50024e+06
4.50023e+06
4.50022e+06
4.50021e+06
4.50019e+06
4.50017e+06
4.50016e+06
4.50014e+06
4.50013e+06
4.50012e+06
4.5001e+06
4.50009e+06
4.50008e+06
4.50007e+06
4.50006e+06
4.50006e+06
4.50005e+06
4.50004e+06
4.50004e+06
4.50004e+06
4.50004e+06
4.50003e+06
4.50004e+06
4.50004e+06
4.50005e+06
4.50006e+06
4.50007e+06
4.50008e+06
4.50009e+06
4.50009e+06
4.50009e+06
4.50001e+06
4.50007e+06
4.50012e+06
4.50016e+06
4.50019e+06
4.50021e+06
4.50023e+06
4.50023e+06
4.50024e+06
4.50023e+06
4.50023e+06
4.50022e+06
4.5002e+06
4.50019e+06
4.50018e+06
4.50016e+06
4.50015e+06
4.50013e+06
4.50012e+06
4.50011e+06
4.5001e+06
4.50009e+06
4.50008e+06
4.50007e+06
4.50006e+06
4.50005e+06
4.50005e+06
4.50004e+06
4.50004e+06
4.50003e+06
4.50003e+06
4.50003e+06
4.50003e+06
4.50004e+06
4.50004e+06
4.50005e+06
4.50006e+06
4.50007e+06
4.50008e+06
4.50009e+06
4.50009e+06
4.50003e+06
4.50007e+06
4.50012e+06
4.50015e+06
4.50018e+06
4.5002e+06
4.50021e+06
4.50021e+06
4.50022e+06
4.50021e+06
4.50021e+06
4.5002e+06
4.50019e+06
4.50018e+06
4.50016e+06
4.50015e+06
4.50014e+06
4.50012e+06
4.50011e+06
4.5001e+06
4.50009e+06
4.50008e+06
4.50007e+06
4.50006e+06
4.50006e+06
4.50005e+06
4.50004e+06
4.50004e+06
4.50004e+06
4.50003e+06
4.50003e+06
4.50003e+06
4.50003e+06
4.50003e+06
4.50004e+06
4.50005e+06
4.50006e+06
4.50007e+06
4.50008e+06
4.50009e+06
4.50009e+06
4.50004e+06
4.50008e+06
4.50011e+06
4.50014e+06
4.50016e+06
4.50018e+06
4.50019e+06
4.5002e+06
4.5002e+06
4.5002e+06
4.50019e+06
4.50018e+06
4.50017e+06
4.50016e+06
4.50015e+06
4.50014e+06
4.50013e+06
4.50012e+06
4.5001e+06
4.50009e+06
4.50008e+06
4.50008e+06
4.50007e+06
4.50006e+06
4.50005e+06
4.50005e+06
4.50004e+06
4.50004e+06
4.50003e+06
4.50003e+06
4.50003e+06
4.50003e+06
4.50003e+06
4.50003e+06
4.50004e+06
4.50004e+06
4.50006e+06
4.50007e+06
4.50008e+06
4.50008e+06
4.50009e+06
4.50004e+06
4.50008e+06
4.50011e+06
4.50013e+06
4.50015e+06
4.50017e+06
4.50018e+06
4.50018e+06
4.50018e+06
4.50018e+06
4.50017e+06
4.50017e+06
4.50016e+06
4.50015e+06
4.50014e+06
4.50013e+06
4.50012e+06
4.50011e+06
4.5001e+06
4.50009e+06
4.50008e+06
4.50007e+06
4.50006e+06
4.50006e+06
4.50005e+06
4.50004e+06
4.50004e+06
4.50003e+06
4.50003e+06
4.50003e+06
4.50003e+06
4.50003e+06
4.50003e+06
4.50003e+06
4.50003e+06
4.50004e+06
4.50005e+06
4.50006e+06
4.50007e+06
4.50008e+06
4.50008e+06
4.50005e+06
4.50008e+06
4.5001e+06
4.50013e+06
4.50014e+06
4.50015e+06
4.50016e+06
4.50017e+06
4.50017e+06
4.50016e+06
4.50016e+06
4.50015e+06
4.50015e+06
4.50014e+06
4.50013e+06
4.50012e+06
4.50011e+06
4.5001e+06
4.50009e+06
4.50008e+06
4.50007e+06
4.50007e+06
4.50006e+06
4.50005e+06
4.50005e+06
4.50004e+06
4.50004e+06
4.50003e+06
4.50003e+06
4.50003e+06
4.50002e+06
4.50002e+06
4.50002e+06
4.50003e+06
4.50003e+06
4.50004e+06
4.50005e+06
4.50006e+06
4.50007e+06
4.50008e+06
4.50008e+06
4.50005e+06
4.50008e+06
4.5001e+06
4.50012e+06
4.50013e+06
4.50014e+06
4.50015e+06
4.50015e+06
4.50015e+06
4.50015e+06
4.50015e+06
4.50014e+06
4.50013e+06
4.50013e+06
4.50012e+06
4.50011e+06
4.5001e+06
4.50009e+06
4.50008e+06
4.50008e+06
4.50007e+06
4.50006e+06
4.50005e+06
4.50005e+06
4.50004e+06
4.50004e+06
4.50003e+06
4.50003e+06
4.50003e+06
4.50002e+06
4.50002e+06
4.50002e+06
4.50002e+06
4.50002e+06
4.50003e+06
4.50003e+06
4.50004e+06
4.50005e+06
4.50006e+06
4.50007e+06
4.50007e+06
4.50005e+06
4.50008e+06
4.50009e+06
4.50011e+06
4.50012e+06
4.50013e+06
4.50014e+06
4.50014e+06
4.50014e+06
4.50014e+06
4.50013e+06
4.50013e+06
4.50012e+06
4.50011e+06
4.50011e+06
4.5001e+06
4.50009e+06
4.50008e+06
4.50008e+06
4.50007e+06
4.50006e+06
4.50006e+06
4.50005e+06
4.50004e+06
4.50004e+06
4.50004e+06
4.50003e+06
4.50003e+06
4.50002e+06
4.50002e+06
4.50002e+06
4.50002e+06
4.50002e+06
4.50002e+06
4.50002e+06
4.50003e+06
4.50004e+06
4.50005e+06
4.50006e+06
4.50007e+06
4.50007e+06
4.50006e+06
4.50007e+06
4.50009e+06
4.5001e+06
4.50011e+06
4.50012e+06
4.50012e+06
4.50013e+06
4.50013e+06
4.50012e+06
4.50012e+06
4.50012e+06
4.50011e+06
4.5001e+06
4.5001e+06
4.50009e+06
4.50008e+06
4.50008e+06
4.50007e+06
4.50006e+06
4.50006e+06
4.50005e+06
4.50005e+06
4.50004e+06
4.50004e+06
4.50003e+06
4.50003e+06
4.50003e+06
4.50002e+06
4.50002e+06
4.50002e+06
4.50002e+06
4.50002e+06
4.50002e+06
4.50002e+06
4.50003e+06
4.50004e+06
4.50005e+06
4.50006e+06
4.50006e+06
4.50007e+06
4.50005e+06
4.50007e+06
4.50008e+06
4.50009e+06
4.5001e+06
4.50011e+06
4.50011e+06
4.50011e+06
4.50011e+06
4.50011e+06
4.50011e+06
4.5001e+06
4.5001e+06
4.50009e+06
4.50009e+06
4.50008e+06
4.50008e+06
4.50007e+06
4.50006e+06
4.50006e+06
4.50005e+06
4.50005e+06
4.50004e+06
4.50004e+06
4.50003e+06
4.50003e+06
4.50003e+06
4.50002e+06
4.50002e+06
4.50002e+06
4.50002e+06
4.50002e+06
4.50002e+06
4.50002e+06
4.50002e+06
4.50002e+06
4.50003e+06
4.50004e+06
4.50005e+06
4.50006e+06
4.50006e+06
4.50005e+06
4.50007e+06
4.50008e+06
4.50009e+06
4.50009e+06
4.5001e+06
4.5001e+06
4.5001e+06
4.5001e+06
4.5001e+06
4.5001e+06
4.50009e+06
4.50009e+06
4.50008e+06
4.50008e+06
4.50007e+06
4.50007e+06
4.50006e+06
4.50006e+06
4.50005e+06
4.50005e+06
4.50004e+06
4.50004e+06
4.50003e+06
4.50003e+06
4.50003e+06
4.50002e+06
4.50002e+06
4.50002e+06
4.50002e+06
4.50002e+06
4.50001e+06
4.50001e+06
4.50002e+06
4.50002e+06
4.50002e+06
4.50003e+06
4.50004e+06
4.50005e+06
4.50005e+06
4.50006e+06
4.50005e+06
4.50006e+06
4.50007e+06
4.50008e+06
4.50008e+06
4.50009e+06
4.50009e+06
4.50009e+06
4.50009e+06
4.50009e+06
4.50009e+06
4.50008e+06
4.50008e+06
4.50008e+06
4.50007e+06
4.50007e+06
4.50006e+06
4.50006e+06
4.50005e+06
4.50005e+06
4.50004e+06
4.50004e+06
4.50003e+06
4.50003e+06
4.50003e+06
4.50002e+06
4.50002e+06
4.50002e+06
4.50002e+06
4.50002e+06
4.50001e+06
4.50001e+06
4.50001e+06
4.50001e+06
4.50002e+06
4.50002e+06
4.50003e+06
4.50003e+06
4.50004e+06
4.50005e+06
4.50005e+06
4.50005e+06
4.50006e+06
4.50006e+06
4.50007e+06
4.50007e+06
4.50008e+06
4.50008e+06
4.50008e+06
4.50008e+06
4.50008e+06
4.50008e+06
4.50007e+06
4.50007e+06
4.50007e+06
4.50006e+06
4.50006e+06
4.50005e+06
4.50005e+06
4.50005e+06
4.50004e+06
4.50004e+06
4.50003e+06
4.50003e+06
4.50003e+06
4.50002e+06
4.50002e+06
4.50002e+06
4.50002e+06
4.50002e+06
4.50001e+06
4.50001e+06
4.50001e+06
4.50001e+06
4.50001e+06
4.50001e+06
4.50002e+06
4.50002e+06
4.50003e+06
4.50004e+06
4.50004e+06
4.50005e+06
4.50004e+06
4.50005e+06
4.50006e+06
4.50006e+06
4.50006e+06
4.50007e+06
4.50007e+06
4.50007e+06
4.50007e+06
4.50007e+06
4.50007e+06
4.50006e+06
4.50006e+06
4.50006e+06
4.50005e+06
4.50005e+06
4.50005e+06
4.50004e+06
4.50004e+06
4.50004e+06
4.50003e+06
4.50003e+06
4.50003e+06
4.50002e+06
4.50002e+06
4.50002e+06
4.50002e+06
4.50001e+06
4.50001e+06
4.50001e+06
4.50001e+06
4.50001e+06
4.50001e+06
4.50001e+06
4.50001e+06
4.50002e+06
4.50002e+06
4.50003e+06
4.50003e+06
4.50004e+06
4.50004e+06
4.50004e+06
4.50004e+06
4.50005e+06
4.50005e+06
4.50006e+06
4.50006e+06
4.50006e+06
4.50006e+06
4.50006e+06
4.50006e+06
4.50006e+06
4.50006e+06
4.50005e+06
4.50005e+06
4.50005e+06
4.50004e+06
4.50004e+06
4.50004e+06
4.50003e+06
4.50003e+06
4.50003e+06
4.50003e+06
4.50002e+06
4.50002e+06
4.50002e+06
4.50002e+06
4.50001e+06
4.50001e+06
4.50001e+06
4.50001e+06
4.50001e+06
4.50001e+06
4.50001e+06
4.50001e+06
4.50001e+06
4.50001e+06
4.50002e+06
4.50002e+06
4.50003e+06
4.50003e+06
4.50004e+06
4.50003e+06
4.50004e+06
4.50004e+06
4.50004e+06
4.50005e+06
4.50005e+06
4.50005e+06
4.50005e+06
4.50005e+06
4.50005e+06
4.50005e+06
4.50005e+06
4.50004e+06
4.50004e+06
4.50004e+06
4.50004e+06
4.50003e+06
4.50003e+06
4.50003e+06
4.50003e+06
4.50002e+06
4.50002e+06
4.50002e+06
4.50002e+06
4.50002e+06
4.50001e+06
4.50001e+06
4.50001e+06
4.50001e+06
4.50001e+06
4.50001e+06
4.50001e+06
4.50001e+06
4.50001e+06
4.50001e+06
4.50001e+06
4.50001e+06
4.50002e+06
4.50002e+06
4.50003e+06
4.50003e+06
4.50003e+06
4.50003e+06
4.50003e+06
4.50004e+06
4.50004e+06
4.50004e+06
4.50004e+06
4.50004e+06
4.50004e+06
4.50004e+06
4.50004e+06
4.50004e+06
4.50004e+06
4.50003e+06
4.50003e+06
4.50003e+06
4.50003e+06
4.50003e+06
4.50002e+06
4.50002e+06
4.50002e+06
4.50002e+06
4.50002e+06
4.50001e+06
4.50001e+06
4.50001e+06
4.50001e+06
4.50001e+06
4.50001e+06
4.50001e+06
4.50001e+06
4.50001e+06
4.50001e+06
4.50001e+06
4.50001e+06
4.50001e+06
4.50001e+06
4.50002e+06
4.50002e+06
4.50002e+06
4.50003e+06
4.50002e+06
4.50002e+06
4.50003e+06
4.50003e+06
4.50003e+06
4.50003e+06
4.50003e+06
4.50003e+06
4.50003e+06
4.50003e+06
4.50003e+06
4.50003e+06
4.50003e+06
4.50003e+06
4.50002e+06
4.50002e+06
4.50002e+06
4.50002e+06
4.50002e+06
4.50002e+06
4.50001e+06
4.50001e+06
4.50001e+06
4.50001e+06
4.50001e+06
4.50001e+06
4.50001e+06
4.50001e+06
4.50001e+06
4.50001e+06
4.5e+06
4.5e+06
4.5e+06
4.5e+06
4.50001e+06
4.50001e+06
4.50001e+06
4.50001e+06
4.50002e+06
4.50002e+06
4.50002e+06
4.50002e+06
4.50002e+06
4.50002e+06
4.50002e+06
4.50002e+06
4.50002e+06
4.50002e+06
4.50002e+06
4.50002e+06
4.50002e+06
4.50002e+06
4.50002e+06
4.50002e+06
4.50002e+06
4.50002e+06
4.50002e+06
4.50001e+06
4.50001e+06
4.50001e+06
4.50001e+06
4.50001e+06
4.50001e+06
4.50001e+06
4.50001e+06
4.50001e+06
4.50001e+06
4.5e+06
4.5e+06
4.5e+06
4.5e+06
4.5e+06
4.5e+06
4.5e+06
4.5e+06
4.5e+06
4.5e+06
4.50001e+06
4.50001e+06
4.50001e+06
4.50001e+06
4.50002e+06
4.50001e+06
4.50001e+06
4.50001e+06
4.50001e+06
4.50001e+06
4.50001e+06
4.50001e+06
4.50001e+06
4.50001e+06
4.50001e+06
4.50001e+06
4.50001e+06
4.50001e+06
4.50001e+06
4.50001e+06
4.50001e+06
4.50001e+06
4.50001e+06
4.50001e+06
4.50001e+06
4.50001e+06
4.5e+06
4.5e+06
4.5e+06
4.5e+06
4.5e+06
4.5e+06
4.5e+06
4.5e+06
4.5e+06
4.5e+06
4.5e+06
4.5e+06
4.5e+06
4.5e+06
4.5e+06
4.5e+06
4.50001e+06
4.50001e+06
4.50001e+06
4.50001e+06
4.5e+06
4.5e+06
4.5e+06
4.5e+06
4.5e+06
4.5e+06
4.5e+06
4.5e+06
4.5e+06
4.5e+06
4.5e+06
4.5e+06
4.5e+06
4.5e+06
4.5e+06
4.5e+06
4.5e+06
4.5e+06
4.5e+06
4.5e+06
4.5e+06
4.5e+06
4.5e+06
4.5e+06
4.5e+06
4.5e+06
4.5e+06
4.5e+06
4.5e+06
4.5e+06
4.5e+06
4.5e+06
4.5e+06
4.5e+06
4.5e+06
4.5e+06
4.5e+06
4.5e+06
4.5e+06
4.5e+06
4.5e+06
)
;

boundaryField
{
    inlet
    {
        type            fixedValue;
        value           uniform 4.5e+06;
    }
    outlet
    {
        type            fixedValue;
        value           nonuniform List<scalar> 0();
    }
    walls
    {
        type            fixedFluxPressure;
        gradient        uniform 0;
        value           nonuniform List<scalar> 
166
(
4.5001e+06
4.5001e+06
4.5001e+06
4.5001e+06
4.5001e+06
4.5001e+06
4.5001e+06
4.5001e+06
4.5001e+06
4.5001e+06
4.5001e+06
4.5001e+06
4.5001e+06
4.5001e+06
4.5001e+06
4.5001e+06
4.5001e+06
4.5001e+06
4.5001e+06
4.50009e+06
4.50009e+06
4.50009e+06
4.50009e+06
4.50008e+06
4.50008e+06
4.50007e+06
4.50007e+06
4.50007e+06
4.50006e+06
4.50006e+06
4.50005e+06
4.50005e+06
4.50004e+06
4.50004e+06
4.50003e+06
4.50003e+06
4.50002e+06
4.50002e+06
4.50001e+06
4.5e+06
4.5001e+06
4.5001e+06
4.5001e+06
4.5001e+06
4.5001e+06
4.5001e+06
4.5001e+06
4.5001e+06
4.5001e+06
4.5001e+06
4.5001e+06
4.5001e+06
4.5001e+06
4.5001e+06
4.5001e+06
4.5001e+06
4.5001e+06
4.5001e+06
4.5001e+06
4.50009e+06
4.50009e+06
4.50009e+06
4.50009e+06
4.50008e+06
4.50008e+06
4.50007e+06
4.50007e+06
4.50007e+06
4.50006e+06
4.50006e+06
4.50005e+06
4.50005e+06
4.50004e+06
4.50004e+06
4.50003e+06
4.50003e+06
4.50002e+06
4.50002e+06
4.50001e+06
4.5e+06
4.4952e+06
4.49741e+06
4.49883e+06
4.49974e+06
4.50031e+06
4.50067e+06
4.50087e+06
4.50097e+06
4.501e+06
4.50099e+06
4.50094e+06
4.50088e+06
4.50081e+06
4.50074e+06
4.50067e+06
4.5006e+06
4.50053e+06
4.50047e+06
4.50041e+06
4.50036e+06
4.50031e+06
4.50027e+06
4.50024e+06
4.5002e+06
4.50018e+06
4.50016e+06
4.50014e+06
4.50012e+06
4.50011e+06
4.5001e+06
4.50009e+06
4.50009e+06
4.50008e+06
4.50008e+06
4.50008e+06
4.50009e+06
4.50009e+06
4.50009e+06
4.50009e+06
4.5001e+06
4.5001e+06
4.5001e+06
4.5001e+06
4.4952e+06
4.49741e+06
4.49883e+06
4.49974e+06
4.50031e+06
4.50067e+06
4.50087e+06
4.50097e+06
4.501e+06
4.50099e+06
4.50094e+06
4.50088e+06
4.50081e+06
4.50074e+06
4.50067e+06
4.5006e+06
4.50053e+06
4.50047e+06
4.50041e+06
4.50036e+06
4.50031e+06
4.50027e+06
4.50024e+06
4.5002e+06
4.50018e+06
4.50016e+06
4.50014e+06
4.50012e+06
4.50011e+06
4.5001e+06
4.50009e+06
4.50009e+06
4.50008e+06
4.50008e+06
4.50008e+06
4.50009e+06
4.50009e+06
4.50009e+06
4.50009e+06
4.5001e+06
4.5001e+06
4.5001e+06
4.5001e+06
)
;
    }
    side1
    {
        type            cyclic;
    }
    side2
    {
        type            cyclic;
    }
    procBoundary2to1
    {
        type            processor;
        value           nonuniform List<scalar> 
84
(
4.49172e+06
4.4924e+06
4.49311e+06
4.49401e+06
4.49484e+06
4.49563e+06
4.49632e+06
4.49692e+06
4.49743e+06
4.49787e+06
4.4988e+06
4.49926e+06
4.49926e+06
4.49939e+06
4.49949e+06
4.49958e+06
4.49966e+06
4.49973e+06
4.49979e+06
4.49984e+06
4.49988e+06
4.49992e+06
4.49994e+06
4.49997e+06
4.49999e+06
4.5e+06
4.50002e+06
4.50002e+06
4.50003e+06
4.50004e+06
4.50004e+06
4.50004e+06
4.50004e+06
4.50004e+06
4.50003e+06
4.50003e+06
4.50003e+06
4.50002e+06
4.50002e+06
4.50001e+06
4.50001e+06
4.5e+06
4.49172e+06
4.4924e+06
4.49311e+06
4.49401e+06
4.49484e+06
4.49563e+06
4.49632e+06
4.49692e+06
4.49743e+06
4.49787e+06
4.4988e+06
4.49926e+06
4.49926e+06
4.49939e+06
4.49949e+06
4.49958e+06
4.49966e+06
4.49973e+06
4.49979e+06
4.49984e+06
4.49988e+06
4.49992e+06
4.49994e+06
4.49997e+06
4.49999e+06
4.5e+06
4.50002e+06
4.50002e+06
4.50003e+06
4.50004e+06
4.50004e+06
4.50004e+06
4.50004e+06
4.50004e+06
4.50003e+06
4.50003e+06
4.50003e+06
4.50002e+06
4.50002e+06
4.50001e+06
4.50001e+06
4.5e+06
)
;
    }
}


// ************************************************************************* //
