/*--------------------------------*- C++ -*----------------------------------*\
| =========                 |                                                 |
| \\      /  F ield         | OpenFOAM: The Open Source CFD Toolbox           |
|  \\    /   O peration     | Version:  v2012                                 |
|   \\  /    A nd           | Website:  www.openfoam.com                      |
|    \\/     M anipulation  |                                                 |
\*---------------------------------------------------------------------------*/
FoamFile
{
    version     2.0;
    format      ascii;
    class       volVectorField;
    location    "0.9";
    object      U;
}
// * * * * * * * * * * * * * * * * * * * * * * * * * * * * * * * * * * * * * //

dimensions      [0 1 -1 0 0 0 0];


internalField   nonuniform List<vector> 
2650
(
(-2.51321 -9.46328 0.0219383)
(-1.41803 -7.97613 0.0123812)
(-0.552001 -6.3516 0.00481927)
(-0.415933 -4.31809 0.00363098)
(0.037473 -1.5432 -0.000325805)
(-0.0117799 -10.069 0.000102441)
(-0.0584667 -8.16213 0.000510137)
(0.00882917 -6.72572 -7.69438e-05)
(0.023769 -4.5649 -0.000207414)
(0.0434872 -1.76472 -0.000379619)
(-1.30195 -9.29421 0.0113631)
(-0.697368 -7.92244 0.00608847)
(-0.294826 -6.57026 0.00257389)
(-0.249807 -4.48927 0.00218073)
(0.022003 -1.61369 -0.000191441)
(-0.0383117 -9.87979 0.000334373)
(-0.0171067 -8.22679 0.000149404)
(-0.00663146 -6.92268 5.79645e-05)
(0.0104246 -4.8088 -9.09351e-05)
(0.0217936 -1.96151 -0.000190067)
(-0.117347 -9.06875 0.00102418)
(-0.0929955 -7.95105 0.000811827)
(-0.0858515 -6.65242 0.000749439)
(-0.0603791 -4.62169 0.000527164)
(-1.54555e-05 -1.69426 9.79213e-08)
(-0.0371885 -9.07042 0.000324596)
(-0.0421835 -8.04071 0.000368279)
(-0.0264267 -6.82123 0.000230764)
(-0.00749901 -4.83772 6.55266e-05)
(0.00762142 -1.94674 -6.6228e-05)
(-0.0498333 -8.77971 0.000434956)
(-0.0592556 -7.88404 0.000517295)
(-0.0502641 -6.70216 0.000438837)
(-0.027651 -4.72314 0.000241474)
(-0.00310054 -1.7835 2.69926e-05)
(-0.0393946 -8.67269 0.000343856)
(-0.047877 -7.89254 0.000417983)
(-0.0328069 -6.78219 0.000286468)
(-0.0118092 -4.84525 0.000103164)
(0.00360931 -1.91713 -3.12085e-05)
(-0.0440735 -8.46444 0.000384694)
(-0.0576171 -7.79393 0.000503002)
(-0.0475191 -6.73892 0.000414896)
(-0.0204707 -4.81163 0.000178811)
(-0.00265316 -1.86434 2.30841e-05)
(-0.0391793 -8.3068 0.000341983)
(-0.0497708 -7.74561 0.000434524)
(-0.0373726 -6.76122 0.000326336)
(-0.00834484 -4.86076 7.29452e-05)
(0.00374094 -1.88686 -3.23793e-05)
(-0.0444563 -8.14502 0.000388041)
(-0.060914 -7.69022 0.00053179)
(-0.0548896 -6.78032 0.000479249)
(-0.0128938 -4.90933 0.00011271)
(0.000906302 -1.93905 -8.10716e-06)
(-0.0401242 -7.92996 0.000350238)
(-0.0541506 -7.57638 0.000472763)
(-0.0485756 -6.74922 0.000424138)
(0.00122961 -4.89405 -1.05868e-05)
(0.0121134 -1.82998 -0.000105529)
(-0.0507203 -7.80952 0.000442717)
(-0.0765288 -7.55849 0.000668085)
(-0.0840955 -6.84212 0.000734189)
(-0.00920891 -5.05965 8.0632e-05)
(0.0202548 -2.01067 -0.000177391)
(-0.0515444 -7.48038 0.000449912)
(-0.085448 -7.32193 0.000745925)
(-0.105091 -6.72642 0.000917415)
(-0.0215711 -4.9893 0.000188517)
(0.0430507 -1.70261 -0.000375594)
(-0.0811566 -7.33549 0.000708351)
(-0.148778 -7.2718 0.00129866)
(-0.217 -6.86504 0.00189418)
(-0.107226 -5.36934 0.000936346)
(0.0482112 -2.13458 -0.000421505)
(-0.121044 -6.68893 0.00105646)
(-0.244581 -6.69082 0.00213476)
(-0.414936 -6.46551 0.00362162)
(-0.34487 -5.22597 0.00301042)
(-0.116327 -1.59562 0.00101987)
(-0.191658 -6.10056 0.00167273)
(-0.369514 -6.14284 0.00322511)
(-0.727018 -6.20831 0.00634529)
(-0.714304 -5.67519 0.00623484)
(-0.649843 -3.09685 0.00567553)
(-0.321074 -4.772 0.00280217)
(-0.749801 -4.73005 0.00654399)
(-1.38857 -4.80566 0.0121186)
(-1.95902 -4.54506 0.0170973)
(-2.51676 -3.22407 0.0219609)
(-1.7775 -0.409285 0.0155176)
(-1.0208 -0.227569 0.0089098)
(-0.759312 -0.131305 0.00662712)
(-0.452182 -0.0797439 0.00394675)
(-0.341205 -0.0460287 0.00297785)
(-0.213057 -0.0270924 0.00185958)
(-0.161081 -0.0155816 0.00140582)
(-0.106901 -0.00888688 0.000933061)
(-0.0811202 -0.0051833 0.000708003)
(-0.0574193 -0.00292502 0.000501195)
(-0.0441175 -0.00177553 0.000385078)
(-0.0330411 -0.00103706 0.000288419)
(-0.0258973 -0.000670675 0.000226058)
(-0.0202493 -0.000423294 0.000176765)
(-0.0162294 -0.000292579 0.000141674)
(-0.0130903 -0.000200776 0.000114273)
(-0.0107136 -0.00014603 9.35255e-05)
(-0.00884011 -0.000106616 7.71715e-05)
(-0.00736662 -8.03759e-05 6.43086e-05)
(-0.00618517 -6.11574e-05 5.3995e-05)
(-0.00523184 -4.74287e-05 4.56729e-05)
(-0.00445355 -3.71896e-05 3.88787e-05)
(-0.00381313 -2.95569e-05 3.3288e-05)
(-0.00328148 -2.3742e-05 2.86469e-05)
(-0.00283679 -1.92775e-05 2.47649e-05)
(-0.00246208 -1.58027e-05 2.14938e-05)
(-0.230958 -2.54352 0.00201569)
(-0.499684 -2.30781 0.00436109)
(-0.953896 -2.14917 0.00832512)
(-1.32764 -1.94651 0.011587)
(-1.82053 -1.64248 0.0158893)
(-1.53799 -0.940938 0.0134251)
(-1.00835 -0.691828 0.00880251)
(-0.847356 -0.418456 0.00739672)
(-0.584687 -0.302737 0.00510423)
(-0.481848 -0.190299 0.00420623)
(-0.346503 -0.134197 0.00302498)
(-0.279719 -0.0867079 0.00244184)
(-0.208267 -0.0599657 0.00181821)
(-0.166237 -0.0397219 0.00145122)
(-0.127554 -0.0273516 0.00111357)
(-0.101826 -0.0186196 0.000888945)
(-0.0802015 -0.0129823 0.000700177)
(-0.0646121 -0.00911122 0.00056407)
(-0.0520513 -0.0065084 0.000454419)
(-0.0425209 -0.00471212 0.000371214)
(-0.034922 -0.00346238 0.000304876)
(-0.0289621 -0.00257995 0.000252844)
(-0.0241795 -0.001947 0.000211092)
(-0.0203399 -0.00148753 0.000177571)
(-0.0172182 -0.00114904 0.000150318)
(-0.0146655 -0.000896975 0.000128033)
(-0.0125596 -0.00070701 0.000109648)
(-0.0108104 -0.000562476 9.4377e-05)
(-0.00934678 -0.000451434 8.15994e-05)
(-0.008114 -0.000365404 7.08373e-05)
(-0.00706891 -0.000298209 6.17133e-05)
(-0.115748 -2.31894 0.00101021)
(-0.238774 -2.12116 0.002084)
(-0.423633 -1.97106 0.00369736)
(-0.536738 -1.71586 0.00468452)
(-0.715521 -1.40579 0.00624495)
(-0.716259 -0.828596 0.0062518)
(-0.641153 -0.658438 0.00559639)
(-0.587785 -0.427624 0.00513065)
(-0.483947 -0.334977 0.00422443)
(-0.424878 -0.230598 0.0037088)
(-0.342431 -0.176208 0.00298923)
(-0.29153 -0.125013 0.00254487)
(-0.234758 -0.0936324 0.00204937)
(-0.195996 -0.0675585 0.00171097)
(-0.158885 -0.0500913 0.00138704)
(-0.131547 -0.036611 0.00114838)
(-0.107661 -0.0271554 0.000939876)
(-0.0891987 -0.0201143 0.0007787)
(-0.0737845 -0.0150488 0.000644143)
(-0.061528 -0.0113147 0.000537142)
(-0.0514603 -0.00858131 0.000449254)
(-0.0433117 -0.00655668 0.000378115)
(-0.0366205 -0.00505166 0.000319702)
(-0.0311322 -0.00392356 0.000271788)
(-0.0265934 -0.00307219 0.000232165)
(-0.0228259 -0.0024248 0.000199274)
(-0.0196786 -0.00192889 0.000171798)
(-0.017036 -0.00154628 0.000148727)
(-0.0148042 -0.001249 0.000129243)
(-0.0129092 -0.00101644 0.0001127)
(-0.0112913 -0.000833336 9.85762e-05)
(-0.109216 -1.34696 0.000953197)
(-0.226087 -1.14548 0.00197326)
(-0.398011 -1.03935 0.00347374)
(-0.498484 -0.923613 0.00435069)
(-0.625832 -0.817498 0.00546223)
(-0.608762 -0.641361 0.00531356)
(-0.550724 -0.545527 0.00480706)
(-0.509804 -0.413844 0.00444994)
(-0.432467 -0.339768 0.003775)
(-0.388171 -0.256343 0.00338832)
(-0.325004 -0.204258 0.00283703)
(-0.284174 -0.154233 0.0024806)
(-0.237727 -0.120223 0.00207522)
(-0.204016 -0.0909857 0.00178093)
(-0.171015 -0.070029 0.0014929)
(-0.145284 -0.0532008 0.00126827)
(-0.122198 -0.0407924 0.00106676)
(-0.103523 -0.0311811 0.000903728)
(-0.0874942 -0.0239876 0.000763811)
(-0.0742976 -0.0184944 0.000648608)
(-0.0631789 -0.0143427 0.000551548)
(-0.0539383 -0.0111757 0.000470879)
(-0.0461856 -0.00876036 0.0004032)
(-0.0396962 -0.00690713 0.00034655)
(-0.034236 -0.00547994 0.000298882)
(-0.0296325 -0.00437494 0.000258694)
(-0.0257344 -0.00351512 0.000224664)
(-0.022422 -0.00284253 0.000195747)
(-0.0195952 -0.00231361 0.000171069)
(-0.0171728 -0.00189547 0.000149922)
(-0.0150878 -0.00156321 0.00013172)
(-0.0580824 -1.18701 0.000506931)
(-0.112888 -1.02113 0.000985309)
(-0.18717 -0.927715 0.00163362)
(-0.235872 -0.819631 0.0020587)
(-0.294805 -0.727193 0.00257306)
(-0.315167 -0.575758 0.00275085)
(-0.324222 -0.494247 0.00282991)
(-0.323098 -0.384702 0.00282016)
(-0.303878 -0.32228 0.00265245)
(-0.288814 -0.251986 0.00252098)
(-0.260523 -0.206684 0.00227409)
(-0.238743 -0.162414 0.00208398)
(-0.210886 -0.130938 0.00184087)
(-0.188188 -0.103061 0.00164273)
(-0.164311 -0.0820831 0.00143434)
(-0.144129 -0.0646069 0.00125816)
(-0.125035 -0.0511163 0.00109151)
(-0.108669 -0.0402628 0.000948643)
(-0.0940246 -0.0318099 0.000820808)
(-0.0814493 -0.0251282 0.000711033)
(-0.0705003 -0.0199099 0.000615456)
(-0.0611156 -0.0158126 0.000533531)
(-0.0530391 -0.0126052 0.000463026)
(-0.0461221 -0.0100868 0.000402644)
(-0.0401874 -0.00810752 0.000350835)
(-0.0350966 -0.00654727 0.000306394)
(-0.030721 -0.00531389 0.000268195)
(-0.0269533 -0.00433555 0.000235304)
(-0.0237004 -0.00355669 0.000206907)
(-0.0208842 -0.00293427 0.000182322)
(-0.0184384 -0.00243493 0.00016097)
(-0.0552471 -0.765363 0.000482183)
(-0.10715 -0.62843 0.000935228)
(-0.173548 -0.56205 0.00151472)
(-0.2163 -0.508267 0.00188788)
(-0.26403 -0.467417 0.00230447)
(-0.280842 -0.409605 0.00245127)
(-0.286543 -0.368356 0.00250106)
(-0.284855 -0.31265 0.00248636)
(-0.269273 -0.273152 0.00235039)
(-0.256731 -0.227433 0.00224093)
(-0.234701 -0.193484 0.00204867)
(-0.217131 -0.159186 0.00189531)
(-0.195211 -0.132544 0.00170401)
(-0.176727 -0.108121 0.00154267)
(-0.157285 -0.0886388 0.00137298)
(-0.14032 -0.0718557 0.00122489)
(-0.124038 -0.0583384 0.00108278)
(-0.109669 -0.0471152 0.00095735)
(-0.0965375 -0.0380739 0.00084273)
(-0.0849582 -0.0307191 0.000741653)
(-0.0746465 -0.0248115 0.000651641)
(-0.065597 -0.0200548 0.000572645)
(-0.0576429 -0.0162427 0.000503211)
(-0.0506916 -0.0131852 0.00044253)
(-0.0446175 -0.0107352 0.000389506)
(-0.0393191 -0.00876978 0.000343253)
(-0.0346958 -0.00719147 0.000302894)
(-0.0306605 -0.00592172 0.000267667)
(-0.0271342 -0.00489803 0.000236883)
(-0.0240479 -0.00407066 0.000209941)
(-0.0213414 -0.00340018 0.000186314)
(-0.0382427 -0.634183 0.000333778)
(-0.069822 -0.53756 0.000609439)
(-0.103485 -0.488851 0.000903248)
(-0.128605 -0.445316 0.0011225)
(-0.154832 -0.411982 0.00135141)
(-0.171551 -0.363874 0.00149735)
(-0.184407 -0.328979 0.00160957)
(-0.191917 -0.28313 0.00167514)
(-0.192479 -0.249611 0.00168006)
(-0.191477 -0.211781 0.00167133)
(-0.184082 -0.182768 0.0016068)
(-0.176728 -0.153703 0.00154263)
(-0.165344 -0.130397 0.00144328)
(-0.154436 -0.108861 0.00134807)
(-0.141792 -0.0911422 0.00123772)
(-0.129801 -0.0755883 0.00113306)
(-0.117581 -0.062683 0.0010264)
(-0.10617 -0.0517104 0.000926796)
(-0.0952877 -0.042623 0.000831812)
(-0.0853025 -0.0350475 0.000744651)
(-0.0761211 -0.0288089 0.000664508)
(-0.0678246 -0.0236701 0.000592087)
(-0.0603496 -0.019461 0.000526835)
(-0.0536693 -0.0160169 0.000468522)
(-0.0477169 -0.0132055 0.00041656)
(-0.0424326 -0.0109116 0.000370431)
(-0.0377489 -0.00904071 0.000329545)
(-0.0336031 -0.00751427 0.000293354)
(-0.0299344 -0.00626785 0.000261327)
(-0.026687 -0.00524881 0.00023298)
(-0.0238104 -0.0044144 0.000207867)
(-0.0358797 -0.394686 0.000313154)
(-0.0662833 -0.338145 0.000578549)
(-0.0970423 -0.312611 0.000847013)
(-0.119965 -0.293673 0.00104709)
(-0.142126 -0.280138 0.00124051)
(-0.156623 -0.260761 0.00136707)
(-0.166716 -0.244344 0.00145517)
(-0.172646 -0.221599 0.00150694)
(-0.172743 -0.202295 0.0015078)
(-0.171478 -0.179357 0.00149677)
(-0.165458 -0.159721 0.00144424)
(-0.159271 -0.139134 0.00139024)
(-0.15023 -0.121327 0.00131134)
(-0.14138 -0.104216 0.0012341)
(-0.131274 -0.0893812 0.00114589)
(-0.121508 -0.0759161 0.00106066)
(-0.111502 -0.0643098 0.000973327)
(-0.101972 -0.054152 0.00089014)
(-0.092743 -0.0454849 0.000809588)
(-0.0840957 -0.0380744 0.000734108)
(-0.0759906 -0.0318193 0.000663361)
(-0.0685141 -0.0265513 0.000598099)
(-0.0616463 -0.0221447 0.00053815)
(-0.0553915 -0.018469 0.000483552)
(-0.0497193 -0.015414 0.000434038)
(-0.0446002 -0.0128799 0.000389352)
(-0.039994 -0.0107815 0.000349142)
(-0.0358599 -0.00904536 0.000313054)
(-0.0321552 -0.00760951 0.000280713)
(-0.0288383 -0.00642188 0.000251759)
(-0.0258696 -0.00543912 0.000225843)
(-0.0282611 -0.284204 0.000246662)
(-0.0506903 -0.263224 0.000442456)
(-0.0699959 -0.255559 0.000610961)
(-0.0854763 -0.246831 0.000746081)
(-0.0995169 -0.239522 0.000868632)
(-0.11091 -0.225925 0.000968078)
(-0.120106 -0.213597 0.00104834)
(-0.127268 -0.195995 0.00111086)
(-0.131274 -0.180413 0.00114583)
(-0.133872 -0.162061 0.00116851)
(-0.133293 -0.14584 0.00116348)
(-0.13172 -0.128934 0.00114975)
(-0.127722 -0.113931 0.00111487)
(-0.123025 -0.0994504 0.00107388)
(-0.11687 -0.0866052 0.00102016)
(-0.110325 -0.0747943 0.000963038)
(-0.103141 -0.0643878 0.000900337)
(-0.0958889 -0.0551165 0.000837036)
(-0.0885541 -0.0470346 0.000773017)
(-0.0814138 -0.0399882 0.000710692)
(-0.0745134 -0.0339178 0.000650462)
(-0.0679728 -0.0287062 0.000593369)
(-0.0618238 -0.0242639 0.000539696)
(-0.0561058 -0.020492 0.000489784)
(-0.0508236 -0.0173038 0.000443675)
(-0.0459757 -0.0146172 0.000401357)
(-0.0415468 -0.0123594 0.000362695)
(-0.0375163 -0.0104657 0.000327513)
(-0.0338587 -0.00887966 0.000295584)
(-0.0305463 -0.0075525 0.000266669)
(-0.0275504 -0.00644254 0.000240516)
(-0.0260334 -0.123223 0.000227219)
(-0.047564 -0.139017 0.000415168)
(-0.0658101 -0.151894 0.000574425)
(-0.0804528 -0.158518 0.000702234)
(-0.0929335 -0.16256 0.000811172)
(-0.103061 -0.161342 0.00089957)
(-0.110695 -0.158579 0.000966205)
(-0.116596 -0.151672 0.00101772)
(-0.119677 -0.144193 0.00104462)
(-0.121543 -0.134079 0.00106091)
(-0.120921 -0.124057 0.00105548)
(-0.119446 -0.112846 0.00104261)
(-0.116189 -0.102125 0.00101419)
(-0.112341 -0.0912719 0.000980615)
(-0.107423 -0.0811402 0.000937689)
(-0.102144 -0.0714842 0.00089162)
(-0.0963467 -0.0626605 0.00084102)
(-0.0904121 -0.0545727 0.000789222)
(-0.0843377 -0.0473246 0.000736204)
(-0.0783218 -0.0408545 0.000683696)
(-0.0724106 -0.0351541 0.0006321)
(-0.0667048 -0.0301602 0.000582297)
(-0.0612462 -0.0258215 0.00053465)
(-0.0560818 -0.0220721 0.000489571)
(-0.0512324 -0.0188498 0.000447241)
(-0.0467125 -0.0160922 0.000407786)
(-0.0425234 -0.013741 0.000371219)
(-0.03866 -0.0117423 0.000337495)
(-0.0351106 -0.0100473 0.000306511)
(-0.0318597 -0.00861247 0.000278133)
(-0.0288887 -0.00739964 0.000252198)
(-0.0210032 -0.0317281 0.000183318)
(-0.0385403 -0.0750628 0.000336408)
(-0.0524648 -0.103332 0.000457948)
(-0.063819 -0.119336 0.000557056)
(-0.0730242 -0.1293 0.000637405)
(-0.0811308 -0.132735 0.000708164)
(-0.0875593 -0.133366 0.000764277)
(-0.0931616 -0.129859 0.000813177)
(-0.0970189 -0.125093 0.000846848)
(-0.100049 -0.117923 0.000873296)
(-0.10136 -0.110361 0.00088475)
(-0.101828 -0.101704 0.000888836)
(-0.100838 -0.0931524 0.000880198)
(-0.0990758 -0.0843747 0.000864823)
(-0.09625 -0.0759882 0.000840163)
(-0.0928286 -0.0678745 0.000810303)
(-0.0887517 -0.0603082 0.000774722)
(-0.0843147 -0.0532537 0.000735997)
(-0.0795668 -0.0468086 0.000694557)
(-0.0746883 -0.0409517 0.000651976)
(-0.0697538 -0.0356958 0.000608906)
(-0.06487 -0.03101 0.000566278)
(-0.0600974 -0.0268685 0.00052462)
(-0.0554953 -0.0232303 0.000484449)
(-0.0511 -0.0200543 0.000446083)
(-0.0469393 -0.0172957 0.000409764)
(-0.0430279 -0.0149104 0.000375621)
(-0.0393732 -0.012856 0.000343719)
(-0.0359749 -0.0110921 0.000314055)
(-0.0328276 -0.00958188 0.000286582)
(-0.0299219 -0.0082917 0.000261217)
(-0.019588 0.0808976 0.000170966)
(-0.0364366 0.0115547 0.000318045)
(-0.0496777 -0.0326337 0.000433621)
(-0.0604632 -0.0599554 0.000527765)
(-0.0689022 -0.078121 0.000601428)
(-0.0762571 -0.0889272 0.000665626)
(-0.0818199 -0.0955293 0.000714184)
(-0.086586 -0.0979432 0.000755786)
(-0.0897214 -0.0981138 0.000783157)
(-0.0921131 -0.0957539 0.000804034)
(-0.0930832 -0.0921903 0.000812505)
(-0.0933497 -0.0872227 0.000814834)
(-0.0924967 -0.0817054 0.000807392)
(-0.0910285 -0.0755821 0.00079458)
(-0.0887562 -0.0693518 0.00077475)
(-0.0859999 -0.0630434 0.000750694)
(-0.0827201 -0.0569203 0.00072207)
(-0.0791136 -0.0510297 0.000690593)
(-0.0752146 -0.0454934 0.000656563)
(-0.071149 -0.0403409 0.000621077)
(-0.0669752 -0.0356148 0.000584648)
(-0.0627774 -0.0313182 0.000548007)
(-0.05861 -0.0274509 0.000511633)
(-0.0545285 -0.0239962 0.000476007)
(-0.0505722 -0.0209325 0.000441473)
(-0.0467737 -0.0182319 0.000408317)
(-0.0431553 -0.0158642 0.000376732)
(-0.0397322 -0.0137982 0.000346852)
(-0.0365122 -0.0120028 0.000318744)
(-0.0334978 -0.010448 0.000292432)
(-0.0306871 -0.00910565 0.000267895)
(-0.0165189 0.160002 0.000144181)
(-0.0308738 0.0680064 0.000269493)
(-0.0419246 0.0101311 0.000365952)
(-0.0510419 -0.0256859 0.000445536)
(-0.0580292 -0.0493965 0.000506527)
(-0.0642897 -0.0643274 0.000561174)
(-0.0691169 -0.0740079 0.00060331)
(-0.0734862 -0.0791241 0.000641449)
(-0.0766831 -0.0815205 0.000669355)
(-0.0793819 -0.0813224 0.000692912)
(-0.0810314 -0.079654 0.000707312)
(-0.0820938 -0.0765582 0.000716587)
(-0.082239 -0.0727194 0.000717857)
(-0.0817787 -0.0682 0.000713843)
(-0.0805715 -0.0633966 0.000703308)
(-0.0788302 -0.0583865 0.000688112)
(-0.0765397 -0.053388 0.000668122)
(-0.0738504 -0.0484702 0.000644651)
(-0.0708083 -0.0437463 0.000618099)
(-0.0675227 -0.0392626 0.000589422)
(-0.0640573 -0.0350708 0.000559176)
(-0.0604919 -0.0311916 0.000528056)
(-0.056884 -0.02764 0.000496565)
(-0.0532898 -0.0244158 0.000465193)
(-0.0497525 -0.0215125 0.000434317)
(-0.0463086 -0.018916 0.000404255)
(-0.0429854 -0.0166084 0.000375248)
(-0.0398037 -0.0145688 0.000347475)
(-0.0367774 -0.0127749 0.000321058)
(-0.0339148 -0.0112039 0.000296071)
(-0.0312198 -0.00983323 0.000272545)
(-0.0150674 0.242973 0.000131512)
(-0.0287192 0.132443 0.000250686)
(-0.0394548 0.062696 0.000344394)
(-0.0482992 0.0183994 0.000421596)
(-0.0549315 -0.0116683 0.000479489)
(-0.0607503 -0.0319347 0.000530281)
(-0.0651038 -0.0459594 0.000568284)
(-0.0689589 -0.0550176 0.000601935)
(-0.0716895 -0.0607835 0.000625771)
(-0.0739422 -0.0637212 0.000645434)
(-0.0752795 -0.064773 0.000657109)
(-0.0761153 -0.0641701 0.000664406)
(-0.0762117 -0.062485 0.000665249)
(-0.075821 -0.0598847 0.00066184)
(-0.0748455 -0.0567218 0.000653328)
(-0.0734398 -0.0531338 0.00064106)
(-0.0715912 -0.0493348 0.000624927)
(-0.0694015 -0.0454311 0.000605816)
(-0.0669005 -0.0415476 0.000583987)
(-0.064164 -0.0377561 0.000560103)
(-0.061239 -0.0341241 0.000534573)
(-0.0581863 -0.0306914 0.000507929)
(-0.0550539 -0.0274885 0.000480588)
(-0.0518901 -0.0245304 0.000452973)
(-0.048735 -0.0218241 0.000425433)
(-0.0456244 -0.0193679 0.000398282)
(-0.042587 -0.0171547 0.000371769)
(-0.0396462 -0.0151733 0.000346099)
(-0.0368194 -0.0134095 0.000321424)
(-0.0341191 -0.0118473 0.000297854)
(-0.0315533 -0.0104701 0.000275456)
(-0.0131489 0.309368 0.000114768)
(-0.0252645 0.181961 0.000220533)
(-0.0347175 0.101064 0.000303046)
(-0.0425024 0.0492076 0.000371)
(-0.0483108 0.013918 0.000421703)
(-0.0534932 -0.010163 0.00046694)
(-0.0574326 -0.0270455 0.000501328)
(-0.061009 -0.0384692 0.000532546)
(-0.0636756 -0.046191 0.000555823)
(-0.0659852 -0.0509004 0.000575983)
(-0.067562 -0.0535158 0.000589748)
(-0.0687222 -0.0543892 0.000599876)
(-0.0692595 -0.0540493 0.000604568)
(-0.0693503 -0.0527185 0.000605361)
(-0.0689098 -0.0507136 0.000601518)
(-0.0680464 -0.0481922 0.000593984)
(-0.0667522 -0.0453478 0.000582689)
(-0.0651058 -0.0422943 0.000568319)
(-0.0631373 -0.0391502 0.000551139)
(-0.0609113 -0.0359938 0.000531711)
(-0.0584729 -0.0328961 0.000510428)
(-0.0558764 -0.0299056 0.000487764)
(-0.053167 -0.0270609 0.000464116)
(-0.0503897 -0.0243874 0.000439875)
(-0.0475831 -0.0219015 0.000415377)
(-0.0447821 -0.0196114 0.000390928)
(-0.0420157 -0.017519 0.000366781)
(-0.0393088 -0.0156212 0.000343153)
(-0.0366808 -0.0139113 0.000320213)
(-0.0341468 -0.0123797 0.000298094)
(-0.0317176 -0.0110152 0.00027689)
(-0.0118679 0.373864 0.000103588)
(-0.0232195 0.232819 0.000202683)
(-0.032313 0.142585 0.000282058)
(-0.039886 0.0840037 0.000348163)
(-0.0455754 0.0436839 0.000397827)
(-0.0505663 0.0154843 0.000441393)
(-0.0542859 -0.00480525 0.000473862)
(-0.057574 -0.0192111 0.000502565)
(-0.0599706 -0.0294868 0.000523486)
(-0.0620021 -0.0364877 0.000541218)
(-0.0633634 -0.0411096 0.000553102)
(-0.0643509 -0.0437969 0.000561723)
(-0.0648091 -0.0450566 0.000565723)
(-0.0648949 -0.0451611 0.000566473)
(-0.0645469 -0.0444182 0.000563436)
(-0.0638511 -0.0430141 0.000557365)
(-0.0628 -0.0411443 0.000548191)
(-0.0614492 -0.0389404 0.000536401)
(-0.0598178 -0.036528 0.000522163)
(-0.0579511 -0.0339979 0.00050587)
(-0.0558816 -0.0314298 0.000487808)
(-0.0536506 -0.0288822 0.000468336)
(-0.0512944 -0.0264027 0.00044777)
(-0.0488505 -0.0240257 0.000426438)
(-0.0463526 -0.0217762 0.000404635)
(-0.0438324 -0.0196706 0.000382637)
(-0.0413178 -0.0177185 0.000360688)
(-0.0388329 -0.0159243 0.000338997)
(-0.0363979 -0.0142875 0.000317743)
(-0.0340293 -0.0128047 0.000297068)
(-0.0317398 -0.0114697 0.000277083)
(-0.01055 0.428648 9.20854e-05)
(-0.020851 0.275447 0.000182009)
(-0.0291575 0.176605 0.000254516)
(-0.0360912 0.111815 0.000315041)
(-0.0412932 0.0669257 0.000360451)
(-0.0458592 0.0352116 0.000400308)
(-0.0493001 0.0122123 0.000430345)
(-0.0523871 -0.00437761 0.000457292)
(-0.05471 -0.0164417 0.000477569)
(-0.0567285 -0.0249989 0.000495189)
(-0.0581727 -0.0309826 0.000507796)
(-0.0592919 -0.0349127 0.000517566)
(-0.059948 -0.0373001 0.000523293)
(-0.0602646 -0.038451 0.000526058)
(-0.0601864 -0.0386675 0.000525377)
(-0.0597794 -0.0381482 0.000521825)
(-0.0590371 -0.0370822 0.000515347)
(-0.0580043 -0.0356052 0.000506333)
(-0.0566989 -0.0338401 0.000494939)
(-0.0551594 -0.0318807 0.000481502)
(-0.0534154 -0.0298079 0.00046628)
(-0.0515028 -0.027685 0.000449587)
(-0.0494541 -0.025564 0.000431705)
(-0.0473026 -0.0234851 0.000412926)
(-0.0450791 -0.0214794 0.000393518)
(-0.0428126 -0.0195695 0.000373734)
(-0.0405291 -0.0177715 0.000353802)
(-0.038252 -0.0160957 0.000333926)
(-0.0360013 -0.0145473 0.000314281)
(-0.033794 -0.0131281 0.000295014)
(-0.0316437 -0.0118365 0.000276243)
(-0.00957012 0.480468 8.35331e-05)
(-0.0191873 0.317207 0.000167488)
(-0.0271068 0.211026 0.000236617)
(-0.0337916 0.140747 0.000294969)
(-0.0388659 0.091644 0.000339264)
(-0.0433036 0.0565195 0.000378001)
(-0.0466487 0.0307269 0.000407202)
(-0.049594 0.0117389 0.000432913)
(-0.0517803 -0.00238949 0.000451998)
(-0.0536407 -0.0127697 0.000468238)
(-0.054956 -0.0203487 0.00047972)
(-0.0559642 -0.0257021 0.000488521)
(-0.0565584 -0.0293502 0.000493708)
(-0.0568556 -0.0316313 0.000496303)
(-0.0568148 -0.0328539 0.000495947)
(-0.056494 -0.0332346 0.000493148)
(-0.0558878 -0.0329684 0.000487858)
(-0.0550307 -0.0322018 0.000480377)
(-0.0539346 -0.0310631 0.00047081)
(-0.0526276 -0.0296534 0.000459403)
(-0.0511313 -0.0280589 0.000446343)
(-0.0494733 -0.0263485 0.000431872)
(-0.0476795 -0.0245794 0.000416215)
(-0.0457774 -0.0227971 0.000399612)
(-0.0437932 -0.0210381 0.000382293)
(-0.0417525 -0.0193305 0.00036448)
(-0.0396787 -0.0176956 0.000346379)
(-0.0375937 -0.0161488 0.00032818)
(-0.0355166 -0.0147003 0.000310049)
(-0.033464 -0.0133564 0.000292132)
(-0.0314497 -0.01212 0.00027455)
(-0.00861441 0.526097 7.51919e-05)
(-0.0174583 0.353922 0.000152397)
(-0.0248247 0.241047 0.000216698)
(-0.0310781 0.165713 0.000271285)
(-0.035852 0.112728 0.000312958)
(-0.0400266 0.0745236 0.000349399)
(-0.0431973 0.0462716 0.000377077)
(-0.0459979 0.0252601 0.000401525)
(-0.0481143 0.00945965 0.00042)
(-0.0499392 -0.00234542 0.00043593)
(-0.0512786 -0.0111546 0.000447622)
(-0.0523387 -0.0176046 0.000456876)
(-0.0530235 -0.0222369 0.000462855)
(-0.053433 -0.0254165 0.000466429)
(-0.0535306 -0.0274589 0.000467282)
(-0.0533652 -0.0285916 0.000465839)
(-0.0529326 -0.0290111 0.000462063)
(-0.0522624 -0.0288681 0.000456214)
(-0.0513657 -0.0282916 0.000448388)
(-0.0502674 -0.0273849 0.000438802)
(-0.0489868 -0.0262357 0.000427624)
(-0.0475479 -0.0249156 0.000415065)
(-0.0459734 -0.0234846 0.000401322)
(-0.0442874 -0.0219919 0.000386606)
(-0.0425131 -0.0204778 0.000371118)
(-0.040673 -0.0189745 0.000355058)
(-0.0387887 -0.0175076 0.000338609)
(-0.0368799 -0.0160968 0.000321948)
(-0.0349646 -0.0147565 0.00030523)
(-0.0330587 -0.0134971 0.000288594)
(-0.0311759 -0.012325 0.000272159)
(-0.00782315 0.568694 6.82859e-05)
(-0.0160805 0.389083 0.00014037)
(-0.0230933 0.270433 0.000201585)
(-0.0291072 0.190605 0.000254081)
(-0.0337555 0.134065 0.000294658)
(-0.0378176 0.0929475 0.000330118)
(-0.0409215 0.0622879 0.000357213)
(-0.0436387 0.0392307 0.000380933)
(-0.0456907 0.0216841 0.000398846)
(-0.0474356 0.00835227 0.000414077)
(-0.0487086 -0.00179417 0.00042519)
(-0.0497061 -0.00942986 0.000433899)
(-0.0503543 -0.0151117 0.000439557)
(-0.0507494 -0.0192288 0.000443006)
(-0.0508653 -0.0221082 0.000444018)
(-0.0507478 -0.023992 0.000442993)
(-0.0503947 -0.0250844 0.000439912)
(-0.0498314 -0.0255447 0.000434994)
(-0.0490662 -0.0255072 0.000428317)
(-0.0481188 -0.0250804 0.000420047)
(-0.0470041 -0.024356 0.000410318)
(-0.0457412 -0.0234095 0.000399294)
(-0.0443485 -0.0223043 0.000387139)
(-0.0428461 -0.0210932 0.000374025)
(-0.0412536 -0.0198198 0.000360124)
(-0.0395906 -0.01852 0.000345609)
(-0.0378761 -0.0172231 0.000330643)
(-0.0361279 -0.0159523 0.000315383)
(-0.0343624 -0.0147259 0.000299973)
(-0.0325946 -0.0135575 0.000284542)
(-0.0308374 -0.0124571 0.000269203)
(-0.0070749 0.606837 6.17553e-05)
(-0.0147235 0.420792 0.000128526)
(-0.0213192 0.296962 0.0001861)
(-0.0270174 0.213027 0.000235841)
(-0.0314634 0.153208 0.000274652)
(-0.035353 0.10941 0.000308605)
(-0.0383509 0.0765554 0.000334776)
(-0.0409755 0.0516636 0.000357687)
(-0.0429806 0.032577 0.000375191)
(-0.0446924 0.0179264 0.000390134)
(-0.0459674 0.00664307 0.000401264)
(-0.0469831 -0.00199131 0.000410131)
(-0.0476738 -0.00855913 0.00041616)
(-0.0481249 -0.0134742 0.000420099)
(-0.0483139 -0.0170754 0.000421749)
(-0.0482818 -0.0196162 0.000421469)
(-0.0480283 -0.0213062 0.000419256)
(-0.0475763 -0.0223098 0.000415311)
(-0.0469347 -0.022764 0.000409711)
(-0.0461212 -0.0227803 0.000402611)
(-0.0451498 -0.0224523 0.000394132)
(-0.0440374 -0.0218579 0.000384423)
(-0.0428004 -0.0210629 0.000373626)
(-0.0414564 -0.0201225 0.000361894)
(-0.0400224 -0.0190831 0.000349377)
(-0.0385159 -0.0179835 0.000336227)
(-0.0369534 -0.016856 0.000322589)
(-0.0353511 -0.015727 0.000308603)
(-0.0337238 -0.0146178 0.000294398)
(-0.032085 -0.0135451 0.000280094)
(-0.030447 -0.0125217 0.000265795)
(-0.00644043 0.642204 5.62177e-05)
(-0.013584 0.450812 0.00011858)
(-0.0198586 0.322503 0.000173351)
(-0.0253334 0.234907 0.000221142)
(-0.0296589 0.172089 0.000258901)
(-0.0334487 0.125782 0.000291983)
(-0.0363938 0.0908218 0.000317693)
(-0.0389607 0.064132 0.0003401)
(-0.0409293 0.0435053 0.000357286)
(-0.0425978 0.0275157 0.000371851)
(-0.0438424 0.0150645 0.000382716)
(-0.0448282 0.00539956 0.000391322)
(-0.0455025 -0.00208008 0.000397208)
(-0.045948 -0.00780736 0.000401097)
(-0.0461497 -0.0121331 0.000402859)
(-0.0461476 -0.0153234 0.00040284)
(-0.0459435 -0.0175962 0.000401059)
(-0.0455589 -0.0191236 0.000397702)
(-0.0450018 -0.0200483 0.00039284)
(-0.0442877 -0.0204865 0.000386607)
(-0.0434284 -0.0205353 0.000379106)
(-0.0424382 -0.020276 0.000370464)
(-0.0413311 -0.0197771 0.0003608)
(-0.0401219 -0.0190966 0.000350246)
(-0.0388254 -0.0182835 0.000338929)
(-0.0374567 -0.0173793 0.000326981)
(-0.0360302 -0.016419 0.00031453)
(-0.0345601 -0.0154316 0.000301697)
(-0.0330597 -0.014441 0.0002886)
(-0.0315411 -0.0134668 0.000275346)
(-0.0300157 -0.0125243 0.00026203)
(-0.00585953 0.674248 5.11477e-05)
(-0.012509 0.478285 0.000109197)
(-0.0184419 0.346002 0.000160986)
(-0.0236641 0.255082 0.000206571)
(-0.0278342 0.189506 0.000242974)
(-0.0314963 0.140877 0.000274942)
(-0.0343694 0.103968 0.000300023)
(-0.0368735 0.0756218 0.000321882)
(-0.0388124 0.0535855 0.000338809)
(-0.0404576 0.0363808 0.00035317)
(-0.0417 0.0228771 0.000364016)
(-0.0426908 0.0122891 0.000372666)
(-0.0433851 0.00399467 0.000378727)
(-0.0438589 -0.00245914 0.000382863)
(-0.0441002 -0.0074367 0.00038497)
(-0.0441463 -0.0112154 0.000385373)
(-0.0440006 -0.0140206 0.000384101)
(-0.0436837 -0.0160301 0.000381335)
(-0.0432044 -0.0173908 0.000377152)
(-0.0425776 -0.0182222 0.000371681)
(-0.0418148 -0.0186244 0.000365022)
(-0.0409291 -0.018681 0.000357292)
(-0.0399334 -0.018463 0.0003486)
(-0.0388408 -0.0180304 0.000339063)
(-0.0376645 -0.0174348 0.000328795)
(-0.0364175 -0.0167199 0.000317911)
(-0.0351128 -0.0159229 0.000306522)
(-0.0337627 -0.0150753 0.000294737)
(-0.0323788 -0.0142036 0.000282657)
(-0.0309721 -0.0133293 0.000270379)
(-0.0295526 -0.0124702 0.000257987)
(-0.00535343 0.703945 4.67305e-05)
(-0.0115737 0.504192 0.000101034)
(-0.017217 0.368463 0.000150294)
(-0.0222315 0.274575 0.000194067)
(-0.0262831 0.206477 0.000229435)
(-0.0298519 0.155682 0.000260588)
(-0.0326765 0.11692 0.000285246)
(-0.0351348 0.0869735 0.000306706)
(-0.0370497 0.0635548 0.000323423)
(-0.038669 0.0451447 0.000337558)
(-0.039897 0.030588 0.000348279)
(-0.0408742 0.0190729 0.000356809)
(-0.0415641 0.0099601 0.000362832)
(-0.042039 0.00277922 0.000366978)
(-0.0422916 -0.00284594 0.000369184)
(-0.0423587 -0.00720362 0.00036977)
(-0.0422459 -0.0105273 0.000368785)
(-0.0419733 -0.0130022 0.000366406)
(-0.0415501 -0.0147807 0.000362712)
(-0.0409904 -0.0159872 0.000357827)
(-0.0403049 -0.0167254 0.000351843)
(-0.0395056 -0.0170822 0.000344867)
(-0.038604 -0.0171312 0.000336996)
(-0.0376118 -0.0169353 0.000328336)
(-0.0365405 -0.016548 0.000318984)
(-0.0354015 -0.0160155 0.000309042)
(-0.0342061 -0.0153772 0.000298607)
(-0.0329649 -0.0146668 0.000287773)
(-0.0316882 -0.0139127 0.000276629)
(-0.0303855 -0.0131387 0.000265258)
(-0.0290656 -0.0123644 0.000253736)
(-0.00490046 0.731052 4.2777e-05)
(-0.0107163 0.52811 9.35496e-05)
(-0.016072 0.389344 0.0001403)
(-0.0208725 0.292773 0.000182205)
(-0.0247929 0.222358 0.000216427)
(-0.0282578 0.169556 0.000246674)
(-0.0310249 0.12907 0.00027083)
(-0.033435 0.0976309 0.000291869)
(-0.0353274 0.0729249 0.000308389)
(-0.0369282 0.0533952 0.000322364)
(-0.0381524 0.037863 0.000333051)
(-0.0391291 0.025491 0.000341577)
(-0.0398278 0.0156222 0.000347677)
(-0.0403159 0.00776967 0.000351939)
(-0.0405895 0.00154532 0.000354327)
(-0.0406835 -0.00334957 0.000355148)
(-0.0406051 -0.00715613 0.000354464)
(-0.0403744 -0.010066 0.00035245)
(-0.0400012 -0.0122363 0.000349193)
(-0.0394997 -0.0137953 0.000344815)
(-0.0388806 -0.01485 0.000339411)
(-0.0381557 -0.0154902 0.000333083)
(-0.0373355 -0.0157922 0.000325924)
(-0.036431 -0.015821 0.000318029)
(-0.0354524 -0.0156325 0.000309487)
(-0.0344099 -0.015275 0.000300386)
(-0.0333131 -0.01479 0.000290812)
(-0.0321713 -0.014213 0.000280846)
(-0.0309934 -0.0135746 0.000270564)
(-0.0297875 -0.0129003 0.000260038)
(-0.0285612 -0.0122115 0.000249333)
(-0.00450375 0.756274 3.93145e-05)
(-0.00995653 0.55069 8.69176e-05)
(-0.0150502 0.409285 0.000131382)
(-0.0196559 0.310311 0.000171586)
(-0.0234574 0.237775 0.00020477)
(-0.0268317 0.183101 0.000234227)
(-0.0295483 0.140979 0.000257941)
(-0.0319149 0.108106 0.000278601)
(-0.0337867 0.0821452 0.000294941)
(-0.0353685 0.0615142 0.00030875)
(-0.036585 0.0450151 0.00031937)
(-0.0375555 0.0317904 0.000327842)
(-0.0382548 0.0211686 0.000333947)
(-0.038747 0.0126484 0.000338244)
(-0.039031 0.00583104 0.000340723)
(-0.039141 0.000407816 0.000341684)
(-0.0390858 -0.00387011 0.000341203)
(-0.0388859 -0.00720129 0.000339458)
(-0.0385516 -0.00974837 0.00033654)
(-0.0380972 -0.0116445 0.000332574)
(-0.0375335 -0.0130007 0.000327653)
(-0.0368719 -0.0139103 0.000321878)
(-0.0361224 -0.0144524 0.000315335)
(-0.0352949 -0.0146947 0.000308112)
(-0.0343989 -0.0146956 0.000300291)
(-0.0334431 -0.0145055 0.000291947)
(-0.0324359 -0.0141679 0.000283156)
(-0.0313854 -0.0137202 0.000273985)
(-0.0302989 -0.0131948 0.000264501)
(-0.0291834 -0.0126189 0.000254764)
(-0.0280451 -0.0120155 0.000244828)
(-0.00415629 0.779439 3.62818e-05)
(-0.00927913 0.571639 8.1005e-05)
(-0.014127 0.427906 0.000123323)
(-0.0185469 0.326761 0.000161906)
(-0.0222308 0.252277 0.000194064)
(-0.0255124 0.195868 0.000222711)
(-0.0281761 0.152223 0.000245963)
(-0.0305021 0.118008 0.000266269)
(-0.0323516 0.0908739 0.000282415)
(-0.0339127 0.0692123 0.000296043)
(-0.0351206 0.0518088 0.000306588)
(-0.0360845 0.0377867 0.000315002)
(-0.0367837 0.0264604 0.000321107)
(-0.0372786 0.0173152 0.000325427)
(-0.0375708 0.00994185 0.000327978)
(-0.0376937 0.00402252 0.000329052)
(-0.0376577 -0.000698795 0.000328738)
(-0.0374832 -0.00442687 0.000327215)
(-0.0371816 -0.00732935 0.000324582)
(-0.0367674 -0.0095437 0.000320966)
(-0.0362515 -0.0111846 0.000316463)
(-0.0356452 -0.0123487 0.00031117)
(-0.0349581 -0.0131178 0.000305172)
(-0.0341995 -0.0135624 0.000298551)
(-0.0333779 -0.0137432 0.000291378)
(-0.032501 -0.0137127 0.000283724)
(-0.0315762 -0.0135163 0.000275651)
(-0.0306099 -0.0131935 0.000267216)
(-0.0296085 -0.0127781 0.000258475)
(-0.0285776 -0.0122989 0.000249476)
(-0.0275225 -0.0117801 0.000240265)
(-0.00383925 0.801177 3.35147e-05)
(-0.0086555 0.591537 7.55615e-05)
(-0.0132682 0.445771 0.000115827)
(-0.0175058 0.342673 0.000152818)
(-0.0210699 0.2664 0.000183931)
(-0.0242575 0.208367 0.000211757)
(-0.0268652 0.163271 0.000234521)
(-0.0291469 0.127763 0.00025444)
(-0.0309735 0.0994833 0.000270385)
(-0.0325167 0.0768052 0.000283857)
(-0.0337179 0.0585029 0.000294344)
(-0.034678 0.0436845 0.000302726)
(-0.0353796 0.0316539 0.000308851)
(-0.0358794 0.0218845 0.000313214)
(-0.036181 0.0139581 0.000315847)
(-0.0363169 0.00754832 0.000317034)
(-0.0362988 0.00239177 0.000316877)
(-0.0361474 -0.00172285 0.000315555)
(-0.0358751 -0.00496883 0.000313178)
(-0.0354967 -0.00748862 0.000309875)
(-0.0350236 -0.0094013 0.000305745)
(-0.034467 -0.0108072 0.000300886)
(-0.0338364 -0.0117917 0.000295382)
(-0.0331406 -0.012428 0.000289308)
(-0.0323873 -0.0127795 0.000282732)
(-0.0315834 -0.0129008 0.000275714)
(-0.0307348 -0.0128397 0.000268307)
(-0.0298473 -0.012637 0.000260559)
(-0.0289256 -0.0123283 0.000252513)
(-0.0279744 -0.0119436 0.000244211)
(-0.0269978 -0.0115086 0.000235685)
(-0.00356877 0.821146 3.11539e-05)
(-0.00811723 0.609991 7.08631e-05)
(-0.0125239 0.46243 0.00010933)
(-0.0166021 0.357562 0.00014493)
(-0.0200614 0.279644 0.000175128)
(-0.0231665 0.220108 0.000202234)
(-0.0257233 0.173664 0.000224554)
(-0.0279621 0.136951 0.000244098)
(-0.0297619 0.107604 0.00025981)
(-0.0312805 0.08398 0.000273067)
(-0.0324649 0.0648412 0.000283407)
(-0.0334092 0.049282 0.00029165)
(-0.0340997 0.0365954 0.000297679)
(-0.0345911 0.0262441 0.000301969)
(-0.0348892 0.0178011 0.000304572)
(-0.0350265 0.0109321 0.000305771)
(-0.0350161 0.00536716 0.000305681)
(-0.0348791 0.000889241 0.000304485)
(-0.0346286 -0.00267996 0.000302299)
(-0.0342797 -0.00548737 0.000299252)
(-0.0338437 -0.007656 0.000295447)
(-0.0333318 -0.00928977 0.000290978)
(-0.032753 -0.0104772 0.000285925)
(-0.0321153 -0.0112945 0.000280359)
(-0.0314257 -0.0118075 0.000274339)
(-0.03069 -0.0120732 0.000267916)
(-0.0299132 -0.0121411 0.000261135)
(-0.0290997 -0.0120539 0.000254034)
(-0.0282534 -0.0118484 0.000246645)
(-0.0273776 -0.0115562 0.000239)
(-0.0264755 -0.0112039 0.000231126)
(-0.00331081 0.84014 2.89023e-05)
(-0.00759423 0.627727 6.62981e-05)
(-0.0117852 0.478595 0.000102882)
(-0.0156886 0.372129 0.000136957)
(-0.0190246 0.29269 0.000166079)
(-0.0220307 0.231737 0.00019232)
(-0.0245231 0.183998 0.000214078)
(-0.0267117 0.14611 0.000233183)
(-0.0284827 0.115706 0.000248644)
(-0.0299809 0.0911329 0.000261723)
(-0.0311572 0.0711483 0.000271992)
(-0.032098 0.0548362 0.000280206)
(-0.0327916 0.0414817 0.000286261)
(-0.0332889 0.030539 0.000290603)
(-0.033597 0.0215738 0.000293293)
(-0.0337472 0.0142441 0.000294604)
(-0.0337536 0.00827348 0.000294661)
(-0.0336376 0.00343827 0.000293648)
(-0.0334132 -0.000445572 0.00029169)
(-0.033096 -0.00353036 0.00028892)
(-0.0326979 -0.00594391 0.000285446)
(-0.0322301 -0.00779443 0.000281362)
(-0.0317016 -0.00917428 0.000276748)
(-0.0311201 -0.0101629 0.000271671)
(-0.0304915 -0.0108289 0.000266185)
(-0.0298211 -0.0112317 0.000260332)
(-0.0291127 -0.0114228 0.000254148)
(-0.0283698 -0.0114465 0.000247662)
(-0.0275951 -0.0113411 0.000240899)
(-0.026791 -0.0111391 0.00023388)
(-0.0259598 -0.0108683 0.000226623)
(-0.00310652 0.857467 2.71192e-05)
(-0.00717673 0.644036 6.26538e-05)
(-0.0111986 0.493506 9.77624e-05)
(-0.0149692 0.385583 0.000130677)
(-0.0182144 0.304744 0.000159006)
(-0.0211469 0.242483 0.000184605)
(-0.0235893 0.193551 0.000205926)
(-0.0257326 0.154582 0.000224637)
(-0.0274689 0.123211 0.000239795)
(-0.0289321 0.0977742 0.000252569)
(-0.0300779 0.0770212 0.000262572)
(-0.0309884 0.0600264 0.00027052)
(-0.0316555 0.0460665 0.000276345)
(-0.0321297 0.034587 0.000280485)
(-0.0324206 0.0251463 0.000283025)
(-0.0325604 0.0173955 0.000284246)
(-0.0325646 0.0110523 0.000284283)
(-0.0324552 0.00588771 0.000283328)
(-0.0322464 0.0017126 0.000281505)
(-0.0319538 -0.0016298 0.000278951)
(-0.0315889 -0.00427148 0.000275765)
(-0.0311622 -0.00632445 0.00027204)
(-0.0306818 -0.00788449 0.000267846)
(-0.0301544 -0.00903407 0.000263242)
(-0.0295851 -0.00984451 0.000258272)
(-0.0289779 -0.0103774 0.000252971)
(-0.0283355 -0.0106861 0.000247363)
(-0.0276604 -0.0108165 0.000241469)
(-0.0269542 -0.0108081 0.000235305)
(-0.0262186 -0.0106944 0.000228883)
(-0.0254549 -0.0105038 0.000222216)
(-0.00288602 0.87436 2.51947e-05)
(-0.00671863 0.660069 5.86552e-05)
(-0.0105345 0.508313 9.19657e-05)
(-0.0141289 0.399069 0.000123342)
(-0.0172403 0.316925 0.000150504)
(-0.0200617 0.253413 0.000175133)
(-0.0224259 0.20331 0.000195772)
(-0.0245082 0.163259 0.00021395)
(-0.0262068 0.130899 0.000228778)
(-0.0276447 0.104564 0.000241332)
(-0.0287801 0.083004 0.000251244)
(-0.0296881 0.0652868 0.000259171)
(-0.0303612 0.0506852 0.000265047)
(-0.0308459 0.0386387 0.00026928)
(-0.0311522 0.0286998 0.000271954)
(-0.0313107 0.0205132 0.000273338)
(-0.0313376 0.0137898 0.000273572)
(-0.0312545 0.00829412 0.000272848)
(-0.0310768 0.00383075 0.000271296)
(-0.0308201 0.000236898 0.000269055)
(-0.0304964 -0.00262488 0.000266229)
(-0.0301161 -0.0048715 0.000262909)
(-0.0296872 -0.00660298 0.000259165)
(-0.0292158 -0.00790539 0.00025505)
(-0.0287064 -0.00885308 0.000250602)
(-0.0281619 -0.00951007 0.000245849)
(-0.0275843 -0.00993161 0.000240806)
(-0.026975 -0.010165 0.000235486)
(-0.0263349 -0.0102508 0.000229899)
(-0.0256649 -0.0102235 0.00022405)
(-0.0249655 -0.0101124 0.000217944)
(-0.00274401 0.889396 2.39552e-05)
(-0.00641693 0.67445 5.60217e-05)
(-0.0101036 0.521588 8.82043e-05)
(-0.0135957 0.411125 0.000118689)
(-0.0166344 0.327777 0.000145215)
(-0.0193937 0.26312 0.000169303)
(-0.0217088 0.211961 0.000189512)
(-0.0237407 0.170946 0.00020725)
(-0.0253918 0.137717 0.000221664)
(-0.0267778 0.110604 0.000233764)
(-0.0278615 0.0883495 0.000243226)
(-0.0287167 0.0700164 0.000250692)
(-0.029341 0.0548695 0.000256143)
(-0.0297823 0.0423412 0.000259996)
(-0.0300544 0.0319775 0.000262371)
(-0.0301895 0.0234166 0.000263551)
(-0.0302052 0.016364 0.000263688)
(-0.0301236 0.0105788 0.000262977)
(-0.0299598 0.0058604 0.000261547)
(-0.0297283 0.00204159 0.000259526)
(-0.0294399 -0.00101931 0.000257007)
(-0.0291033 -0.00344293 0.000254069)
(-0.0287249 -0.00533274 0.000250765)
(-0.0283094 -0.00677766 0.000247138)
(-0.0278597 -0.00785462 0.000243211)
(-0.0273774 -0.00862955 0.000239001)
(-0.0268635 -0.00915936 0.000234514)
(-0.0263182 -0.00949236 0.000229754)
(-0.025742 -0.00967016 0.000224723)
(-0.0251347 -0.00972795 0.000219422)
(-0.0244966 -0.00969551 0.000213851)
(-0.00254932 0.904798 2.22558e-05)
(-0.00599307 0.689235 5.23219e-05)
(-0.00946222 0.535396 8.2606e-05)
(-0.0127579 0.423821 0.000111375)
(-0.0156356 0.339332 0.000136497)
(-0.0182577 0.27355 0.000159387)
(-0.0204696 0.221312 0.000178696)
(-0.0224211 0.179279 0.000195732)
(-0.0240207 0.145104 0.000209696)
(-0.0253748 0.117125 0.000221518)
(-0.0264477 0.0940845 0.000230885)
(-0.0273062 0.0750465 0.00023838)
(-0.027947 0.0592739 0.000243975)
(-0.0284135 0.0461955 0.000248048)
(-0.0287181 0.0353522 0.000250708)
(-0.0288907 0.0263761 0.000252215)
(-0.0289483 0.0189659 0.000252718)
(-0.0289121 0.012873 0.000252402)
(-0.0287969 0.0078901 0.000251396)
(-0.0286172 0.00384286 0.000249828)
(-0.0283836 0.000583444 0.000247788)
(-0.0281047 -0.00201416 0.000245353)
(-0.0277864 -0.00405821 0.000242574)
(-0.027433 -0.0056412 0.000239487)
(-0.0270465 -0.00684333 0.000236113)
(-0.0266281 -0.00773267 0.00023246)
(-0.0261778 -0.00836793 0.000228529)
(-0.0256955 -0.00879843 0.000224317)
(-0.0251809 -0.00906674 0.000219825)
(-0.0246336 -0.0092087 0.000215047)
(-0.0240534 -0.00925461 0.000209982)
(-0.00247988 0.91776 2.16496e-05)
(-0.00582904 0.701755 5.089e-05)
(-0.00921731 0.546997 8.0468e-05)
(-0.0124507 0.434372 0.000108694)
(-0.0152791 0.348831 0.000133385)
(-0.0178526 0.282043 0.00015585)
(-0.0200142 0.228872 0.000174721)
(-0.0219043 0.18599 0.000191221)
(-0.0234348 0.151053 0.000204583)
(-0.0247085 0.122394 0.000215702)
(-0.0256976 0.0987536 0.000224337)
(-0.0264707 0.0791877 0.000231088)
(-0.0270325 0.0629529 0.000235993)
(-0.02743 0.0494708 0.000239464)
(-0.027681 0.0382752 0.000241655)
(-0.0278174 0.0289916 0.000242846)
(-0.0278576 0.0213122 0.000243197)
(-0.0278221 0.014983 0.000242888)
(-0.0277244 0.00979124 0.000242034)
(-0.0275762 0.00555825 0.000240741)
(-0.0273853 0.00213237 0.000239073)
(-0.0271577 -0.000615821 0.000237086)
(-0.0268964 -0.00279666 0.000234805)
(-0.0266036 -0.00450529 0.000232248)
(-0.0262796 -0.00582386 0.000229419)
(-0.025924 -0.00682163 0.000226314)
(-0.0255359 -0.0075585 0.000222925)
(-0.0251142 -0.00808406 0.000219243)
(-0.0246585 -0.00844148 0.000215265)
(-0.024168 -0.00866698 0.000210983)
(-0.0236422 -0.00879118 0.000206392)
(-0.00228007 0.932389 1.99057e-05)
(-0.00537859 0.715837 4.69582e-05)
(-0.00850461 0.560248 7.42475e-05)
(-0.0114883 0.446652 0.000100294)
(-0.0140983 0.360077 0.000123078)
(-0.0164817 0.292244 0.000143885)
(-0.0184952 0.238044 0.000161463)
(-0.0202722 0.194177 0.000176975)
(-0.0217317 0.158313 0.000189717)
(-0.0229679 0.128797 0.00020051)
(-0.0239546 0.104377 0.000209124)
(-0.0247518 0.0841134 0.000216084)
(-0.0253613 0.0672613 0.000221406)
(-0.0258228 0.0532401 0.000225436)
(-0.0261501 0.0415782 0.000228293)
(-0.0263696 0.0318943 0.00023021)
(-0.0264969 0.0238727 0.00023132)
(-0.0265493 0.0172512 0.000231778)
(-0.0265386 0.0118092 0.000231685)
(-0.0264755 0.00736061 0.000231133)
(-0.026367 0.00374734 0.000230186)
(-0.0262184 0.00083457 0.000228887)
(-0.0260327 -0.00149262 0.000227266)
(-0.0258127 -0.00333341 0.000225344)
(-0.0255581 -0.00477342 0.000223121)
(-0.0252687 -0.00588307 0.000220594)
(-0.0249434 -0.00672395 0.000217753)
(-0.0245812 -0.00734597 0.000214591)
(-0.024182 -0.00779345 0.000211105)
(-0.0237448 -0.00810322 0.000207289)
(-0.0232693 -0.00830644 0.000203137)
(-0.00230528 0.943177 2.01255e-05)
(-0.00540684 0.726292 4.72045e-05)
(-0.00851892 0.569869 7.43719e-05)
(-0.011496 0.455329 0.000100361)
(-0.0140821 0.367814 0.000122936)
(-0.0164233 0.299099 0.000143375)
(-0.0183728 0.244094 0.000160394)
(-0.0200587 0.19951 0.000175113)
(-0.0214113 0.163015 0.000186921)
(-0.0225247 0.132955 0.000196641)
(-0.0233866 0.108068 0.000204166)
(-0.0240617 0.0874081 0.000210061)
(-0.0245633 0.0702204 0.00021444)
(-0.0249352 0.0559154 0.000217687)
(-0.0251968 0.0440119 0.000219972)
(-0.0253758 0.0341204 0.000221534)
(-0.0254875 0.0259176 0.00022251)
(-0.0255469 0.0191353 0.000223027)
(-0.0255622 0.0135476 0.00022316)
(-0.0255397 0.00896476 0.000222964)
(-0.0254824 0.00522578 0.000222463)
(-0.0253916 0.00219415 0.000221669)
(-0.0252676 -0.000247332 0.000220587)
(-0.0251109 -0.00219627 0.000219218)
(-0.024918 -0.00373872 0.000217533)
(-0.0246877 -0.00494588 0.000215521)
(-0.0244191 -0.00588159 0.000213176)
(-0.0241105 -0.00659431 0.000210481)
(-0.0237623 -0.00712862 0.000207442)
(-0.0233731 -0.00752119 0.000204044)
(-0.0229425 -0.00780307 0.000200284)
(-0.00205014 0.958006 1.78987e-05)
(-0.00480137 0.740449 4.19198e-05)
(-0.00751569 0.58319 6.56158e-05)
(-0.0101082 0.467722 8.82476e-05)
(-0.012352 0.379186 0.000107836)
(-0.0143997 0.309444 0.000125713)
(-0.016127 0.253411 0.000140792)
(-0.0176559 0.207849 0.00015414)
(-0.0189277 0.170431 0.000165243)
(-0.0200243 0.139526 0.000174817)
(-0.0209328 0.113874 0.000182748)
(-0.0217025 0.092532 0.000189468)
(-0.0223383 0.0747425 0.000195019)
(-0.0228693 0.0599111 0.000199655)
(-0.0233052 0.0475489 0.000203461)
(-0.0236625 0.0372589 0.00020658)
(-0.0239493 0.0287098 0.000209084)
(-0.0241748 0.0216255 0.000211051)
(-0.0243438 0.0157737 0.000212526)
(-0.0244611 0.0109583 0.000213549)
(-0.0245289 0.00701347 0.000214141)
(-0.0245497 0.00379877 0.000214322)
(-0.0245229 0.00119411 0.000214086)
(-0.0244491 -0.000897628 0.000213442)
(-0.024328 -0.00258108 0.000212384)
(-0.0241635 -0.00391965 0.000210947)
(-0.0239562 -0.00497472 0.000209136)
(-0.0237021 -0.00579529 0.000206917)
(-0.0234033 -0.00642849 0.000204308)
(-0.0230587 -0.00691234 0.000201299)
(-0.0226683 -0.00727883 0.000197891)
(-0.00223992 0.965934 1.95548e-05)
(-0.00519358 0.747997 4.53427e-05)
(-0.00793787 0.589884 6.93002e-05)
(-0.010529 0.473552 9.19204e-05)
(-0.0127127 0.384199 0.000110984)
(-0.0146563 0.313744 0.000127952)
(-0.0162635 0.257095 0.000141984)
(-0.0176458 0.211024 0.000154052)
(-0.0187757 0.17319 0.000163917)
(-0.0197267 0.141956 0.00017222)
(-0.0205069 0.116046 0.000179032)
(-0.0211628 0.0945066 0.000184758)
(-0.0217091 0.0765661 0.000189528)
(-0.0221735 0.0616186 0.000193582)
(-0.0225683 0.0491647 0.000197028)
(-0.0229072 0.0387989 0.000199986)
(-0.0231965 0.030183 0.000202511)
(-0.0234414 0.0230362 0.000204648)
(-0.023643 0.0171221 0.000206407)
(-0.0238018 0.0122429 0.000207792)
(-0.0239162 0.00823099 0.000208791)
(-0.0239857 0.00494488 0.000209396)
(-0.0240044 0.00226456 0.000209558)
(-0.0239858 8.86834e-05 0.000209396)
(-0.023917 -0.0016817 0.000208794)
(-0.02379 -0.00306958 0.000207684)
(-0.0236197 -0.00418889 0.000206197)
(-0.0234008 -0.00507686 0.000204285)
(-0.0231363 -0.00577927 0.000201975)
(-0.0228233 -0.00633266 0.000199243)
(-0.0224622 -0.00676788 0.00019609)
(-0.00153107 0.982734 1.33683e-05)
(-0.00351534 0.763545 3.06953e-05)
(-0.0053759 0.60402 4.69399e-05)
(-0.00723647 0.48657 6.31837e-05)
(-0.00889273 0.396055 7.76438e-05)
(-0.0104797 0.324566 9.14985e-05)
(-0.0119111 0.266926 0.000103995)
(-0.0132622 0.219966 0.000115791)
(-0.0144965 0.181318 0.000126566)
(-0.0156512 0.149353 0.000136647)
(-0.016716 0.12278 0.000145942)
(-0.0177053 0.100645 0.000154578)
(-0.0186144 0.0821616 0.000162514)
(-0.0194475 0.0667199 0.000169786)
(-0.0202017 0.0538127 0.00017637)
(-0.0208776 0.0430298 0.00018227)
(-0.0214738 0.0340288 0.000187474)
(-0.0219908 0.026526 0.000191987)
(-0.0224292 0.0202831 0.000195813)
(-0.022791 0.0151 0.000198971)
(-0.0230782 0.0108083 0.000201477)
(-0.0232943 0.00726435 0.000203363)
(-0.0234394 0.00434948 0.000204629)
(-0.0235251 0.00195668 0.000205379)
(-0.0234849 2.64688e-05 0.000205025)
(-0.0233906 -0.00158816 0.000204199)
(-0.023298 -0.00288511 0.000203391)
(-0.0231336 -0.00393727 0.000201956)
(-0.0229138 -0.00478806 0.000200037)
(-0.0226371 -0.00547738 0.000197621)
(-0.0223061 -0.00603699 0.000194731)
(-2.51324 -9.46328 -0.0219303)
(-1.41805 -7.97613 -0.0123788)
(-0.552 -6.3516 -0.00481905)
(-0.415933 -4.31809 -0.0036309)
(0.0374733 -1.5432 0.000325826)
(-0.0117799 -10.069 -0.000103167)
(-0.0584667 -8.16213 -0.000510442)
(0.00882905 -6.72572 7.70193e-05)
(0.0237689 -4.5649 0.000207487)
(0.043487 -1.76472 0.000379638)
(-1.30195 -9.29421 -0.0113626)
(-0.697368 -7.92244 -0.00608822)
(-0.294826 -6.57026 -0.00257374)
(-0.249807 -4.48927 -0.00218064)
(0.022003 -1.61369 0.000191464)
(-0.0383117 -9.87979 -0.000334354)
(-0.0171067 -8.22679 -0.000149281)
(-0.00663146 -6.92268 -5.78211e-05)
(0.0104246 -4.8088 9.10291e-05)
(0.0217936 -1.96151 0.000190093)
(-0.117347 -9.06875 -0.0010241)
(-0.0929955 -7.95105 -0.000811665)
(-0.0858515 -6.65242 -0.000749279)
(-0.0603791 -4.62169 -0.000527061)
(-1.54541e-05 -1.69426 -7.05542e-08)
(-0.0371885 -9.07042 -0.000324521)
(-0.0421835 -8.04071 -0.000368112)
(-0.0264267 -6.82123 -0.000230594)
(-0.00749901 -4.83772 -6.54164e-05)
(0.00762142 -1.94674 6.6258e-05)
(-0.0498333 -8.77971 -0.000434872)
(-0.0592556 -7.88404 -0.000517114)
(-0.0502641 -6.70216 -0.000438653)
(-0.027651 -4.72314 -0.000241355)
(-0.00310054 -1.7835 -2.69602e-05)
(-0.0393946 -8.67269 -0.000343767)
(-0.047877 -7.89254 -0.00041779)
(-0.0328069 -6.78219 -0.00028627)
(-0.0118092 -4.84525 -0.000103036)
(0.0036093 -1.91713 3.12434e-05)
(-0.0440735 -8.46444 -0.000384597)
(-0.0576171 -7.79393 -0.000502793)
(-0.0475191 -6.73892 -0.000414683)
(-0.0204707 -4.81163 -0.000178673)
(-0.00265316 -1.86434 -2.30466e-05)
(-0.0391793 -8.3068 -0.00034188)
(-0.0497708 -7.74561 -0.000434301)
(-0.0373726 -6.76122 -0.000326107)
(-0.00834485 -4.86076 -7.27967e-05)
(0.00374094 -1.88686 3.242e-05)
(-0.0444563 -8.14502 -0.000387931)
(-0.0609141 -7.69022 -0.00053155)
(-0.0548897 -6.78032 -0.000479003)
(-0.0128938 -4.90933 -0.000112551)
(0.0009063 -1.93905 8.15095e-06)
(-0.0401242 -7.92996 -0.00035012)
(-0.0541506 -7.57638 -0.000472506)
(-0.0485756 -6.74922 -0.000423873)
(0.00122961 -4.89405 1.07589e-05)
(0.0121134 -1.82998 0.000105577)
(-0.0507203 -7.80952 -0.00044259)
(-0.0765288 -7.55849 -0.000667809)
(-0.0840955 -6.84212 -0.000733905)
(-0.00920893 -5.05965 -8.04471e-05)
(0.0202548 -2.01067 0.000177441)
(-0.0515444 -7.48038 -0.000449777)
(-0.085448 -7.32193 -0.000745631)
(-0.105091 -6.72642 -0.000917111)
(-0.021571 -4.9893 -0.000188316)
(0.0430508 -1.70261 0.000375648)
(-0.0811566 -7.33549 -0.000708207)
(-0.148778 -7.2718 -0.00129834)
(-0.217 -6.86504 -0.00189386)
(-0.107227 -5.36934 -0.000936133)
(0.0482111 -2.13458 0.000421561)
(-0.121044 -6.68893 -0.00105631)
(-0.244581 -6.69082 -0.00213443)
(-0.414937 -6.46551 -0.00362128)
(-0.34487 -5.22597 -0.00301018)
(-0.116327 -1.59562 -0.0010198)
(-0.191658 -6.10056 -0.00167258)
(-0.369515 -6.14284 -0.00322479)
(-0.727017 -6.20831 -0.00634493)
(-0.714305 -5.67519 -0.00623459)
(-0.649843 -3.09685 -0.00567542)
(-0.321074 -4.772 -0.00280203)
(-0.749801 -4.73005 -0.00654369)
(-1.38857 -4.80566 -0.0121183)
(-1.95902 -4.54506 -0.017097)
(-2.51676 -3.22407 -0.0219607)
(-1.7775 -0.409285 -0.0155175)
(-1.0208 -0.227569 -0.00890974)
(-0.759312 -0.131305 -0.00662707)
(-0.452182 -0.0797439 -0.00394672)
(-0.341205 -0.0460287 -0.00297783)
(-0.213057 -0.0270924 -0.00185956)
(-0.161081 -0.0155816 -0.0014058)
(-0.106901 -0.00888688 -0.000933045)
(-0.0811202 -0.0051833 -0.00070799)
(-0.0574193 -0.00292502 -0.000501184)
(-0.0441175 -0.00177553 -0.000385068)
(-0.0330411 -0.00103706 -0.000288411)
(-0.0258973 -0.000670675 -0.000226051)
(-0.0202493 -0.000423294 -0.000176759)
(-0.0162294 -0.000292579 -0.000141668)
(-0.0130903 -0.000200776 -0.000114268)
(-0.0107136 -0.00014603 -9.35209e-05)
(-0.00884011 -0.000106616 -7.71674e-05)
(-0.00736662 -8.03759e-05 -6.43048e-05)
(-0.00618517 -6.11574e-05 -5.39916e-05)
(-0.00523184 -4.74287e-05 -4.56697e-05)
(-0.00445355 -3.71896e-05 -3.88758e-05)
(-0.00381313 -2.95569e-05 -3.32853e-05)
(-0.00328148 -2.3742e-05 -2.86444e-05)
(-0.00283679 -1.92775e-05 -2.47625e-05)
(-0.00246208 -1.58027e-05 -2.14917e-05)
(-0.230958 -2.54352 -0.00201558)
(-0.499684 -2.30781 -0.00436086)
(-0.953896 -2.14917 -0.00832482)
(-1.32764 -1.94651 -0.0115867)
(-1.82053 -1.64248 -0.015889)
(-1.53799 -0.940938 -0.0134249)
(-1.00835 -0.691828 -0.00880236)
(-0.847356 -0.418456 -0.0073966)
(-0.584687 -0.302737 -0.00510414)
(-0.481848 -0.190299 -0.00420616)
(-0.346503 -0.134197 -0.00302492)
(-0.279719 -0.0867079 -0.00244179)
(-0.208267 -0.0599657 -0.00181816)
(-0.166237 -0.0397219 -0.00145119)
(-0.127554 -0.0273516 -0.00111354)
(-0.101826 -0.0186196 -0.000888918)
(-0.0802015 -0.0129823 -0.000700153)
(-0.0646121 -0.00911122 -0.000564049)
(-0.0520513 -0.0065084 -0.0004544)
(-0.0425209 -0.00471212 -0.000371197)
(-0.034922 -0.00346238 -0.000304861)
(-0.0289621 -0.00257995 -0.00025283)
(-0.0241795 -0.001947 -0.00021108)
(-0.0203399 -0.00148753 -0.00017756)
(-0.0172182 -0.00114904 -0.000150308)
(-0.0146655 -0.000896975 -0.000128024)
(-0.0125596 -0.00070701 -0.000109639)
(-0.0108104 -0.000562476 -9.4369e-05)
(-0.00934678 -0.000451434 -8.1592e-05)
(-0.008114 -0.000365404 -7.08301e-05)
(-0.00706891 -0.000298209 -6.17069e-05)
(-0.115748 -2.31894 -0.00101013)
(-0.238774 -2.12116 -0.00208381)
(-0.423633 -1.97106 -0.00369712)
(-0.536738 -1.71586 -0.00468425)
(-0.715521 -1.40579 -0.0062447)
(-0.716259 -0.828596 -0.00625158)
(-0.641153 -0.658438 -0.0055962)
(-0.587785 -0.427624 -0.00513049)
(-0.483947 -0.334977 -0.00422429)
(-0.424878 -0.230598 -0.00370869)
(-0.342431 -0.176208 -0.00298914)
(-0.29153 -0.125013 -0.00254479)
(-0.234758 -0.0936324 -0.0020493)
(-0.195996 -0.0675585 -0.00171091)
(-0.158885 -0.0500913 -0.00138699)
(-0.131547 -0.036611 -0.00114833)
(-0.107661 -0.0271554 -0.000939837)
(-0.0891987 -0.0201143 -0.000778666)
(-0.0737845 -0.0150488 -0.000644112)
(-0.061528 -0.0113147 -0.000537115)
(-0.0514603 -0.00858131 -0.000449229)
(-0.0433117 -0.00655668 -0.000378093)
(-0.0366205 -0.00505166 -0.000319681)
(-0.0311322 -0.00392356 -0.00027177)
(-0.0265934 -0.00307219 -0.000232147)
(-0.0228259 -0.0024248 -0.000199258)
(-0.0196786 -0.00192889 -0.000171783)
(-0.017036 -0.00154628 -0.000148714)
(-0.0148042 -0.001249 -0.000129231)
(-0.0129092 -0.00101644 -0.000112688)
(-0.0112913 -0.000833336 -9.85655e-05)
(-0.109216 -1.34696 -0.000953126)
(-0.226087 -1.14548 -0.0019731)
(-0.398011 -1.03935 -0.00347352)
(-0.498484 -0.923613 -0.00435045)
(-0.625832 -0.817498 -0.00546199)
(-0.608762 -0.641361 -0.00531333)
(-0.550724 -0.545527 -0.00480686)
(-0.509804 -0.413844 -0.00444976)
(-0.432467 -0.339768 -0.00377485)
(-0.388171 -0.256343 -0.00338818)
(-0.325004 -0.204258 -0.00283692)
(-0.284174 -0.154233 -0.0024805)
(-0.237727 -0.120223 -0.00207513)
(-0.204016 -0.0909857 -0.00178085)
(-0.171015 -0.070029 -0.00149283)
(-0.145284 -0.0532008 -0.00126821)
(-0.122198 -0.0407924 -0.00106671)
(-0.103523 -0.0311811 -0.000903681)
(-0.0874942 -0.0239876 -0.000763769)
(-0.0742976 -0.0184944 -0.00064857)
(-0.0631789 -0.0143427 -0.000551514)
(-0.0539383 -0.0111757 -0.000470848)
(-0.0461856 -0.00876036 -0.000403172)
(-0.0396962 -0.00690713 -0.000346524)
(-0.034236 -0.00547994 -0.000298859)
(-0.0296325 -0.00437494 -0.000258672)
(-0.0257344 -0.00351512 -0.000224644)
(-0.022422 -0.00284253 -0.000195729)
(-0.0195952 -0.00231361 -0.000171052)
(-0.0171728 -0.00189547 -0.000149905)
(-0.0150878 -0.00156321 -0.000131705)
(-0.0580824 -1.18701 -0.000506874)
(-0.112888 -1.02113 -0.000985179)
(-0.18717 -0.927715 -0.00163344)
(-0.235872 -0.819631 -0.00205849)
(-0.294805 -0.727193 -0.00257285)
(-0.315167 -0.575758 -0.00275065)
(-0.324222 -0.494247 -0.00282971)
(-0.323098 -0.384702 -0.00281998)
(-0.303878 -0.32228 -0.00265228)
(-0.288813 -0.251986 -0.00252083)
(-0.260523 -0.206684 -0.00227396)
(-0.238743 -0.162414 -0.00208387)
(-0.210886 -0.130938 -0.00184076)
(-0.188188 -0.103061 -0.00164264)
(-0.164311 -0.0820831 -0.00143426)
(-0.144129 -0.0646069 -0.00125809)
(-0.125035 -0.0511163 -0.00109144)
(-0.108669 -0.0402628 -0.000948585)
(-0.0940246 -0.0318099 -0.000820756)
(-0.0814493 -0.0251282 -0.000710985)
(-0.0705003 -0.0199099 -0.000615413)
(-0.0611156 -0.0158126 -0.000533492)
(-0.0530391 -0.0126052 -0.000462991)
(-0.0461221 -0.0100868 -0.000402611)
(-0.0401874 -0.00810752 -0.000350805)
(-0.0350966 -0.00654727 -0.000306367)
(-0.030721 -0.00531389 -0.00026817)
(-0.0269533 -0.00433555 -0.000235281)
(-0.0237004 -0.00355669 -0.000206885)
(-0.0208842 -0.00293427 -0.000182301)
(-0.0184384 -0.00243493 -0.000160951)
(-0.0552471 -0.765363 -0.000482132)
(-0.10715 -0.62843 -0.000935113)
(-0.173548 -0.56205 -0.00151457)
(-0.2163 -0.508267 -0.0018877)
(-0.26403 -0.467417 -0.00230428)
(-0.280842 -0.409605 -0.00245107)
(-0.286543 -0.368356 -0.00250087)
(-0.284855 -0.31265 -0.00248618)
(-0.269273 -0.273152 -0.00235022)
(-0.256731 -0.227433 -0.00224077)
(-0.234701 -0.193484 -0.00204853)
(-0.217131 -0.159186 -0.00189519)
(-0.195211 -0.132544 -0.0017039)
(-0.176727 -0.108121 -0.00154257)
(-0.157285 -0.0886388 -0.00137289)
(-0.14032 -0.0718557 -0.00122481)
(-0.124038 -0.0583384 -0.00108271)
(-0.109669 -0.0471152 -0.000957282)
(-0.0965375 -0.0380739 -0.000842668)
(-0.0849582 -0.0307191 -0.000741597)
(-0.0746465 -0.0248115 -0.00065159)
(-0.065597 -0.0200548 -0.000572599)
(-0.0576429 -0.0162427 -0.000503169)
(-0.0506916 -0.0131852 -0.000442491)
(-0.0446175 -0.0107352 -0.00038947)
(-0.0393191 -0.00876978 -0.00034322)
(-0.0346958 -0.00719147 -0.000302863)
(-0.0306605 -0.00592172 -0.000267639)
(-0.0271342 -0.00489803 -0.000236856)
(-0.0240479 -0.00407066 -0.000209915)
(-0.0213414 -0.00340018 -0.000186291)
(-0.0382427 -0.634183 -0.000333734)
(-0.069822 -0.53756 -0.000609337)
(-0.103485 -0.488851 -0.000903108)
(-0.128605 -0.445316 -0.00112233)
(-0.154832 -0.411982 -0.00135123)
(-0.171551 -0.363874 -0.00149717)
(-0.184407 -0.328979 -0.00160939)
(-0.191917 -0.28313 -0.00167496)
(-0.192479 -0.249611 -0.00167989)
(-0.191477 -0.211781 -0.00167117)
(-0.184082 -0.182768 -0.00160666)
(-0.176728 -0.153703 -0.00154249)
(-0.165344 -0.130397 -0.00144316)
(-0.154436 -0.108861 -0.00134796)
(-0.141792 -0.0911422 -0.00123762)
(-0.129801 -0.0755883 -0.00113297)
(-0.117581 -0.062683 -0.00102632)
(-0.10617 -0.0517104 -0.00092672)
(-0.0952877 -0.042623 -0.000831742)
(-0.0853025 -0.0350475 -0.000744588)
(-0.0761211 -0.0288089 -0.000664449)
(-0.0678246 -0.0236701 -0.000592033)
(-0.0603496 -0.019461 -0.000526786)
(-0.0536694 -0.0160169 -0.000468476)
(-0.0477169 -0.0132055 -0.000416518)
(-0.0424326 -0.0109116 -0.000370393)
(-0.0377489 -0.00904071 -0.000329509)
(-0.0336031 -0.00751427 -0.000293321)
(-0.0299344 -0.00626785 -0.000261297)
(-0.026687 -0.00524881 -0.00023295)
(-0.0238104 -0.0044144 -0.00020784)
(-0.0358797 -0.394686 -0.000313113)
(-0.0662833 -0.338145 -0.000578456)
(-0.0970423 -0.312611 -0.000846885)
(-0.119965 -0.293673 -0.00104694)
(-0.142126 -0.280138 -0.00124035)
(-0.156623 -0.260761 -0.00136689)
(-0.166716 -0.244344 -0.00145499)
(-0.172646 -0.221599 -0.00150677)
(-0.172743 -0.202295 -0.00150763)
(-0.171478 -0.179357 -0.00149661)
(-0.165458 -0.159721 -0.00144409)
(-0.159271 -0.139134 -0.00139011)
(-0.15023 -0.121327 -0.00131121)
(-0.14138 -0.104216 -0.00123398)
(-0.131274 -0.0893812 -0.00114579)
(-0.121508 -0.0759161 -0.00106056)
(-0.111502 -0.0643098 -0.000973235)
(-0.101972 -0.054152 -0.000890056)
(-0.092743 -0.0454849 -0.00080951)
(-0.0840957 -0.0380744 -0.000734037)
(-0.0759906 -0.0318193 -0.000663296)
(-0.0685141 -0.0265513 -0.000598039)
(-0.0616463 -0.0221447 -0.000538095)
(-0.0553915 -0.018469 -0.0004835)
(-0.0497193 -0.015414 -0.00043399)
(-0.0446002 -0.0128799 -0.000389308)
(-0.039994 -0.0107815 -0.000349102)
(-0.0358599 -0.00904536 -0.000313016)
(-0.0321552 -0.00760951 -0.000280678)
(-0.0288383 -0.00642188 -0.000251726)
(-0.0258696 -0.00543911 -0.000225812)
(-0.0282611 -0.284204 -0.000246625)
(-0.0506903 -0.263224 -0.000442371)
(-0.0699959 -0.255559 -0.000610843)
(-0.0854763 -0.246831 -0.000745942)
(-0.0995169 -0.239522 -0.000868478)
(-0.11091 -0.225925 -0.000967916)
(-0.120106 -0.213597 -0.00104818)
(-0.127268 -0.195995 -0.0011107)
(-0.131274 -0.180413 -0.00114567)
(-0.133872 -0.162061 -0.00116836)
(-0.133293 -0.14584 -0.00116333)
(-0.13172 -0.128934 -0.00114962)
(-0.127722 -0.113931 -0.00111474)
(-0.123025 -0.0994504 -0.00107375)
(-0.11687 -0.0866052 -0.00102004)
(-0.110325 -0.0747943 -0.000962932)
(-0.103141 -0.0643878 -0.000900239)
(-0.0958889 -0.0551165 -0.000836946)
(-0.0885541 -0.0470346 -0.000772933)
(-0.0814138 -0.0399882 -0.000710615)
(-0.0745134 -0.0339178 -0.000650391)
(-0.0679728 -0.0287062 -0.000593304)
(-0.0618238 -0.0242639 -0.000539635)
(-0.0561058 -0.020492 -0.000489727)
(-0.0508236 -0.0173038 -0.000443622)
(-0.0459757 -0.0146172 -0.000401308)
(-0.0415468 -0.0123594 -0.00036265)
(-0.0375163 -0.0104657 -0.000327471)
(-0.0338587 -0.00887966 -0.000295545)
(-0.0305463 -0.0075525 -0.000266631)
(-0.0275504 -0.00644254 -0.000240481)
(-0.0260334 -0.123223 -0.000227184)
(-0.047564 -0.139017 -0.000415088)
(-0.0658101 -0.151894 -0.000574315)
(-0.0804528 -0.158518 -0.000702103)
(-0.0929335 -0.16256 -0.000811026)
(-0.103061 -0.161342 -0.000899416)
(-0.110695 -0.158579 -0.000966046)
(-0.116596 -0.151672 -0.00101756)
(-0.119677 -0.144193 -0.00104446)
(-0.121543 -0.134079 -0.00106076)
(-0.120921 -0.124057 -0.00105534)
(-0.119446 -0.112846 -0.00104247)
(-0.116189 -0.102125 -0.00101406)
(-0.112341 -0.0912719 -0.00098049)
(-0.107423 -0.0811402 -0.000937571)
(-0.102144 -0.0714842 -0.00089151)
(-0.0963467 -0.0626605 -0.000840918)
(-0.0904121 -0.0545727 -0.000789126)
(-0.0843377 -0.0473246 -0.000736116)
(-0.0783218 -0.0408545 -0.000683614)
(-0.0724106 -0.0351541 -0.000632024)
(-0.0667048 -0.0301602 -0.000582226)
(-0.0612462 -0.0258215 -0.000534585)
(-0.0560818 -0.0220721 -0.000489509)
(-0.0512324 -0.0188498 -0.000447184)
(-0.0467125 -0.0160922 -0.000407734)
(-0.0425234 -0.013741 -0.00037117)
(-0.03866 -0.0117423 -0.000337449)
(-0.0351106 -0.0100473 -0.000306469)
(-0.0318597 -0.00861247 -0.000278092)
(-0.0288887 -0.00739964 -0.000252161)
(-0.0210032 -0.0317281 -0.000183285)
(-0.0385403 -0.0750628 -0.000336334)
(-0.0524648 -0.103332 -0.000457845)
(-0.063819 -0.119336 -0.000556933)
(-0.0730242 -0.1293 -0.000637268)
(-0.0811308 -0.132735 -0.000708017)
(-0.0875593 -0.133366 -0.000764124)
(-0.0931616 -0.129859 -0.000813022)
(-0.0970189 -0.125093 -0.000846694)
(-0.100049 -0.117923 -0.000873145)
(-0.10136 -0.110361 -0.000884604)
(-0.101828 -0.101704 -0.000888695)
(-0.100838 -0.0931524 -0.000880063)
(-0.0990758 -0.0843747 -0.000864695)
(-0.09625 -0.0759882 -0.000840043)
(-0.0928286 -0.0678745 -0.00081019)
(-0.0887517 -0.0603082 -0.000774616)
(-0.0843147 -0.0532537 -0.000735897)
(-0.0795668 -0.0468086 -0.000694464)
(-0.0746883 -0.0409517 -0.000651889)
(-0.0697538 -0.0356958 -0.000608825)
(-0.06487 -0.03101 -0.000566202)
(-0.0600974 -0.0268685 -0.000524549)
(-0.0554953 -0.0232303 -0.000484383)
(-0.0511 -0.0200543 -0.000446022)
(-0.0469393 -0.0172957 -0.000409707)
(-0.0430279 -0.0149104 -0.000375569)
(-0.0393732 -0.012856 -0.00034367)
(-0.0359749 -0.0110921 -0.000314009)
(-0.0328276 -0.00958188 -0.000286537)
(-0.0299219 -0.0082917 -0.000261176)
(-0.019588 0.0808976 -0.000170935)
(-0.0364366 0.0115547 -0.000317974)
(-0.0496777 -0.0326337 -0.000433523)
(-0.0604632 -0.0599554 -0.000527648)
(-0.0689022 -0.078121 -0.000601296)
(-0.0762571 -0.0889272 -0.000665485)
(-0.0818199 -0.0955293 -0.000714037)
(-0.086586 -0.0979432 -0.000755636)
(-0.0897214 -0.0981138 -0.000783007)
(-0.0921131 -0.0957539 -0.000803886)
(-0.0930832 -0.0921903 -0.00081236)
(-0.0933497 -0.0872227 -0.000814693)
(-0.0924967 -0.0817054 -0.000807257)
(-0.0910285 -0.0755821 -0.000794451)
(-0.0887562 -0.0693518 -0.000774627)
(-0.0859999 -0.0630434 -0.000750578)
(-0.0827201 -0.0569203 -0.00072196)
(-0.0791136 -0.0510297 -0.00069049)
(-0.0752146 -0.0454934 -0.000656466)
(-0.071149 -0.0403409 -0.000620987)
(-0.0669752 -0.0356148 -0.000584563)
(-0.0627774 -0.0313182 -0.000547928)
(-0.05861 -0.0274509 -0.000511559)
(-0.0545285 -0.0239962 -0.000475937)
(-0.0505722 -0.0209325 -0.000441408)
(-0.0467737 -0.0182319 -0.000408257)
(-0.0431553 -0.0158642 -0.000376676)
(-0.0397322 -0.0137982 -0.000346799)
(-0.0365122 -0.0120028 -0.000318695)
(-0.0334978 -0.010448 -0.000292384)
(-0.0306871 -0.00910565 -0.000267852)
(-0.016519 0.160002 -0.000144151)
(-0.0308738 0.0680064 -0.000269426)
(-0.0419246 0.0101311 -0.000365859)
(-0.0510419 -0.0256859 -0.000445424)
(-0.0580292 -0.0493965 -0.000506402)
(-0.0642897 -0.0643274 -0.000561039)
(-0.0691169 -0.0740079 -0.000603168)
(-0.0734862 -0.0791241 -0.000641303)
(-0.0766831 -0.0815205 -0.000669208)
(-0.0793819 -0.0813224 -0.000692766)
(-0.0810314 -0.079654 -0.000707169)
(-0.0820938 -0.0765582 -0.000716447)
(-0.082239 -0.0727194 -0.000717722)
(-0.0817787 -0.0682 -0.000713713)
(-0.0805715 -0.0633966 -0.000703184)
(-0.0788302 -0.0583865 -0.000687994)
(-0.0765397 -0.053388 -0.00066801)
(-0.0738504 -0.0484702 -0.000644545)
(-0.0708083 -0.0437463 -0.000617999)
(-0.0675227 -0.0392626 -0.000589328)
(-0.0640573 -0.0350708 -0.000559088)
(-0.0604919 -0.0311916 -0.000527973)
(-0.056884 -0.02764 -0.000496487)
(-0.0532898 -0.0244158 -0.00046512)
(-0.0497525 -0.0215125 -0.000434248)
(-0.0463086 -0.018916 -0.000404191)
(-0.0429854 -0.0166084 -0.000375188)
(-0.0398037 -0.0145688 -0.000347419)
(-0.0367774 -0.0127749 -0.000321005)
(-0.0339148 -0.0112039 -0.000296021)
(-0.0312198 -0.00983323 -0.000272499)
(-0.0150674 0.242973 -0.000131484)
(-0.0287192 0.132443 -0.000250622)
(-0.0394548 0.062696 -0.000344305)
(-0.0482992 0.0183994 -0.000421489)
(-0.0549315 -0.0116683 -0.000479368)
(-0.0607503 -0.0319347 -0.000530151)
(-0.0651038 -0.0459594 -0.000568146)
(-0.0689589 -0.0550176 -0.000601793)
(-0.0716895 -0.0607835 -0.000625627)
(-0.0739422 -0.0637212 -0.000645291)
(-0.0752795 -0.064773 -0.000656968)
(-0.0761153 -0.0641701 -0.000664267)
(-0.0762117 -0.062485 -0.000665114)
(-0.075821 -0.0598847 -0.00066171)
(-0.0748455 -0.0567218 -0.000653203)
(-0.0734398 -0.0531338 -0.00064094)
(-0.0715912 -0.0493348 -0.000624813)
(-0.0694015 -0.0454311 -0.000605707)
(-0.0669005 -0.0415476 -0.000583885)
(-0.064164 -0.0377561 -0.000560006)
(-0.061239 -0.0341241 -0.000534482)
(-0.0581863 -0.0306914 -0.000507843)
(-0.0550539 -0.0274885 -0.000480507)
(-0.0518901 -0.0245304 -0.000452896)
(-0.048735 -0.0218241 -0.000425362)
(-0.0456244 -0.0193679 -0.000398215)
(-0.042587 -0.0171547 -0.000371706)
(-0.0396462 -0.0151733 -0.00034604)
(-0.0368194 -0.0134095 -0.000321369)
(-0.0341191 -0.0118473 -0.000297801)
(-0.0315533 -0.0104701 -0.000275407)
(-0.0131489 0.309368 -0.000114741)
(-0.0252645 0.181961 -0.000220471)
(-0.0347175 0.101064 -0.000302961)
(-0.0425024 0.0492076 -0.000370897)
(-0.0483108 0.013918 -0.000421586)
(-0.0534932 -0.010163 -0.000466814)
(-0.0574326 -0.0270455 -0.000501194)
(-0.061009 -0.0384692 -0.000532408)
(-0.0636756 -0.046191 -0.000555683)
(-0.0659852 -0.0509004 -0.000575843)
(-0.0675621 -0.0535158 -0.000589609)
(-0.0687222 -0.0543892 -0.000599738)
(-0.0692595 -0.0540493 -0.000604433)
(-0.0693503 -0.0527185 -0.000605231)
(-0.0689098 -0.0507136 -0.000601393)
(-0.0680464 -0.0481922 -0.000593863)
(-0.0667522 -0.0453478 -0.000582574)
(-0.0651058 -0.0422943 -0.000568209)
(-0.0631373 -0.0391502 -0.000551034)
(-0.0609113 -0.0359938 -0.000531611)
(-0.0584729 -0.0328961 -0.000510334)
(-0.0558764 -0.0299056 -0.000487676)
(-0.053167 -0.0270609 -0.000464032)
(-0.0503897 -0.0243874 -0.000439796)
(-0.0475831 -0.0219015 -0.000415303)
(-0.0447821 -0.0196114 -0.000390858)
(-0.0420158 -0.017519 -0.000366716)
(-0.0393088 -0.0156212 -0.000343092)
(-0.0366808 -0.0139113 -0.000320156)
(-0.0341468 -0.0123797 -0.000298039)
(-0.0317176 -0.0110152 -0.000276838)
(-0.0118679 0.373864 -0.000103562)
(-0.0232195 0.232819 -0.000202624)
(-0.032313 0.142585 -0.000281976)
(-0.039886 0.0840037 -0.000348064)
(-0.0455754 0.0436839 -0.000397715)
(-0.0505663 0.0154843 -0.000441271)
(-0.0542859 -0.00480525 -0.000473733)
(-0.057574 -0.0192111 -0.00050243)
(-0.0599706 -0.0294868 -0.000523349)
(-0.0620021 -0.0364877 -0.00054108)
(-0.0633634 -0.0411096 -0.000552965)
(-0.0643509 -0.0437969 -0.000561587)
(-0.0648091 -0.0450566 -0.000565589)
(-0.0648949 -0.0451611 -0.000566343)
(-0.0645469 -0.0444182 -0.00056331)
(-0.0638511 -0.0430141 -0.000557243)
(-0.0628 -0.0411443 -0.000548075)
(-0.0614492 -0.0389404 -0.00053629)
(-0.0598178 -0.036528 -0.000522056)
(-0.0579511 -0.0339979 -0.000505769)
(-0.0558816 -0.0314298 -0.000487712)
(-0.0536506 -0.0288822 -0.000468245)
(-0.0512944 -0.0264027 -0.000447684)
(-0.0488505 -0.0240257 -0.000426356)
(-0.0463526 -0.0217762 -0.000404558)
(-0.0438324 -0.0196706 -0.000382565)
(-0.0413178 -0.0177185 -0.00036062)
(-0.0388329 -0.0159243 -0.000338934)
(-0.0363979 -0.0142875 -0.000317683)
(-0.0340293 -0.0128047 -0.000297011)
(-0.0317398 -0.0114697 -0.000277029)
(-0.01055 0.428648 -9.20608e-05)
(-0.020851 0.275447 -0.000181953)
(-0.0291575 0.176605 -0.000254438)
(-0.0360912 0.111815 -0.000314946)
(-0.0412932 0.0669257 -0.000360342)
(-0.0458592 0.0352116 -0.000400189)
(-0.0493001 0.0122123 -0.000430219)
(-0.0523871 -0.00437761 -0.000457161)
(-0.05471 -0.0164417 -0.000477435)
(-0.0567285 -0.0249989 -0.000495053)
(-0.0581727 -0.0309826 -0.00050766)
(-0.0592919 -0.0349127 -0.000517431)
(-0.059948 -0.0373001 -0.000523161)
(-0.0602646 -0.038451 -0.000525929)
(-0.0601864 -0.0386675 -0.000525251)
(-0.0597794 -0.0381482 -0.000521703)
(-0.0590371 -0.0370822 -0.00051523)
(-0.0580043 -0.0356052 -0.00050622)
(-0.0566989 -0.0338401 -0.000494831)
(-0.0551594 -0.0318807 -0.000481399)
(-0.0534154 -0.0298079 -0.000466182)
(-0.0515028 -0.027685 -0.000449494)
(-0.0494541 -0.025564 -0.000431617)
(-0.0473026 -0.0234851 -0.000412843)
(-0.0450791 -0.0214794 -0.000393439)
(-0.0428126 -0.0195695 -0.00037366)
(-0.0405291 -0.0177715 -0.000353732)
(-0.038252 -0.0160957 -0.00033386)
(-0.0360013 -0.0145473 -0.000314219)
(-0.033794 -0.0131281 -0.000294954)
(-0.0316437 -0.0118365 -0.000276187)
(-0.00957012 0.480468 -8.35094e-05)
(-0.0191873 0.317207 -0.000167434)
(-0.0271068 0.211026 -0.000236541)
(-0.0337917 0.140747 -0.000294877)
(-0.0388659 0.091644 -0.000339158)
(-0.0433036 0.0565195 -0.000377886)
(-0.0466487 0.0307269 -0.000407079)
(-0.049594 0.0117389 -0.000432784)
(-0.0517803 -0.00238949 -0.000451866)
(-0.0536407 -0.0127697 -0.000468104)
(-0.054956 -0.0203487 -0.000479586)
(-0.0559642 -0.0257021 -0.000488388)
(-0.0565584 -0.0293502 -0.000493577)
(-0.0568556 -0.0316313 -0.000496174)
(-0.0568148 -0.0328539 -0.000495822)
(-0.056494 -0.0332346 -0.000493026)
(-0.0558878 -0.0329684 -0.00048774)
(-0.0550307 -0.0322018 -0.000480264)
(-0.0539346 -0.0310631 -0.000470702)
(-0.0526276 -0.0296534 -0.000459298)
(-0.0511313 -0.0280589 -0.000446244)
(-0.0494733 -0.0263485 -0.000431777)
(-0.0476795 -0.0245794 -0.000416125)
(-0.0457774 -0.0227971 -0.000399527)
(-0.0437932 -0.0210381 -0.000382212)
(-0.0417525 -0.0193305 -0.000364404)
(-0.0396787 -0.0176956 -0.000346307)
(-0.0375937 -0.0161488 -0.000328112)
(-0.0355166 -0.0147003 -0.000309985)
(-0.033464 -0.0133564 -0.000292071)
(-0.0314497 -0.01212 -0.000274492)
(-0.00861441 0.526097 -7.5169e-05)
(-0.0174583 0.353922 -0.000152344)
(-0.0248247 0.241047 -0.000216624)
(-0.0310781 0.165713 -0.000271195)
(-0.035852 0.112728 -0.000312855)
(-0.0400266 0.0745236 -0.000349287)
(-0.0431973 0.0462716 -0.000376958)
(-0.0459979 0.0252601 -0.000401399)
(-0.0481143 0.00945965 -0.000419871)
(-0.0499392 -0.00234542 -0.000435799)
(-0.0512786 -0.0111546 -0.00044749)
(-0.0523387 -0.0176046 -0.000456744)
(-0.0530235 -0.0222369 -0.000462724)
(-0.053433 -0.0254165 -0.000466301)
(-0.0535306 -0.0274589 -0.000467157)
(-0.0533652 -0.0285916 -0.000465717)
(-0.0529326 -0.0290111 -0.000461945)
(-0.0522624 -0.0288681 -0.0004561)
(-0.0513657 -0.0282916 -0.000448278)
(-0.0502674 -0.0273849 -0.000438696)
(-0.0489868 -0.0262357 -0.000427523)
(-0.0475479 -0.0249156 -0.000414969)
(-0.0459734 -0.0234846 -0.000401231)
(-0.0442874 -0.0219919 -0.000386519)
(-0.0425131 -0.0204778 -0.000371036)
(-0.0406731 -0.0189745 -0.00035498)
(-0.0387887 -0.0175076 -0.000338536)
(-0.0368799 -0.0160968 -0.000321878)
(-0.0349646 -0.0147565 -0.000305164)
(-0.0330587 -0.0134971 -0.000288531)
(-0.0311759 -0.012325 -0.0002721)
(-0.00782315 0.568694 -6.82639e-05)
(-0.0160805 0.389083 -0.00014032)
(-0.0230933 0.270433 -0.000201514)
(-0.0291072 0.190605 -0.000253994)
(-0.0337555 0.134065 -0.000294559)
(-0.0378176 0.0929475 -0.000330008)
(-0.0409215 0.0622879 -0.000357096)
(-0.0436387 0.0392307 -0.00038081)
(-0.0456907 0.0216841 -0.000398719)
(-0.0474356 0.00835227 -0.000413948)
(-0.0487086 -0.00179417 -0.00042506)
(-0.0497061 -0.00942986 -0.000433768)
(-0.0503543 -0.0151117 -0.000439428)
(-0.0507494 -0.0192288 -0.000442879)
(-0.0508653 -0.0221082 -0.000443893)
(-0.0507478 -0.023992 -0.000442871)
(-0.0503947 -0.0250844 -0.000439793)
(-0.0498314 -0.0255447 -0.00043488)
(-0.0490662 -0.0255072 -0.000428206)
(-0.0481188 -0.0250804 -0.000419941)
(-0.0470041 -0.024356 -0.000410216)
(-0.0457412 -0.0234095 -0.000399197)
(-0.0443485 -0.0223043 -0.000387046)
(-0.0428461 -0.0210932 -0.000373937)
(-0.0412536 -0.0198198 -0.00036004)
(-0.0395906 -0.01852 -0.000345529)
(-0.0378761 -0.0172231 -0.000330568)
(-0.0361279 -0.0159523 -0.000315312)
(-0.0343624 -0.0147259 -0.000299906)
(-0.0325946 -0.0135575 -0.000284477)
(-0.0308374 -0.0124571 -0.000269143)
(-0.00707491 0.606837 -6.17341e-05)
(-0.0147235 0.420792 -0.000128477)
(-0.0213192 0.296962 -0.000186031)
(-0.0270174 0.213027 -0.000235757)
(-0.0314634 0.153208 -0.000274555)
(-0.035353 0.10941 -0.000308498)
(-0.0383509 0.0765554 -0.000334661)
(-0.0409755 0.0516636 -0.000357567)
(-0.0429806 0.032577 -0.000375067)
(-0.0446924 0.0179264 -0.000390007)
(-0.0459674 0.00664307 -0.000401136)
(-0.0469831 -0.00199131 -0.000410002)
(-0.0476738 -0.00855913 -0.000416033)
(-0.0481249 -0.0134742 -0.000419972)
(-0.0483139 -0.0170754 -0.000421624)
(-0.0482818 -0.0196162 -0.000421348)
(-0.0480283 -0.0213062 -0.000419138)
(-0.0475763 -0.0223098 -0.000415197)
(-0.0469347 -0.022764 -0.0004096)
(-0.0461212 -0.0227803 -0.000402504)
(-0.0451498 -0.0224523 -0.00039403)
(-0.0440374 -0.0218579 -0.000384325)
(-0.0428004 -0.0210629 -0.000373532)
(-0.0414564 -0.0201225 -0.000361804)
(-0.0400224 -0.0190831 -0.000349292)
(-0.0385159 -0.0179835 -0.000336147)
(-0.0369534 -0.016856 -0.000322513)
(-0.0353511 -0.015727 -0.00030853)
(-0.0337238 -0.0146178 -0.000294329)
(-0.032085 -0.0135451 -0.000280028)
(-0.030447 -0.0125217 -0.000265733)
(-0.00644043 0.642204 -5.61972e-05)
(-0.013584 0.450812 -0.000118533)
(-0.0198586 0.322503 -0.000173285)
(-0.0253334 0.234907 -0.00022106)
(-0.0296589 0.172089 -0.000258806)
(-0.0334487 0.125782 -0.000291879)
(-0.0363938 0.0908218 -0.000317581)
(-0.0389607 0.064132 -0.000339983)
(-0.0409293 0.0435053 -0.000357164)
(-0.0425978 0.0275157 -0.000371726)
(-0.0438424 0.0150645 -0.00038259)
(-0.0448282 0.00539956 -0.000391195)
(-0.0455025 -0.00208008 -0.000397082)
(-0.045948 -0.00780736 -0.000400972)
(-0.0461497 -0.0121331 -0.000402735)
(-0.0461476 -0.0153234 -0.00040272)
(-0.0459435 -0.0175962 -0.000400941)
(-0.0455589 -0.0191236 -0.000397588)
(-0.0450018 -0.0200483 -0.000392729)
(-0.0442877 -0.0204865 -0.0003865)
(-0.0434284 -0.0205353 -0.000379003)
(-0.0424382 -0.020276 -0.000370365)
(-0.0413311 -0.0197771 -0.000360706)
(-0.0401219 -0.0190966 -0.000350155)
(-0.0388254 -0.0182835 -0.000338843)
(-0.0374567 -0.0173793 -0.0003269)
(-0.0360302 -0.016419 -0.000314452)
(-0.0345601 -0.0154316 -0.000301624)
(-0.0330597 -0.014441 -0.000288531)
(-0.0315411 -0.0134668 -0.000275279)
(-0.0300157 -0.0125243 -0.000261967)
(-0.00585953 0.674248 -5.11278e-05)
(-0.012509 0.478285 -0.000109151)
(-0.0184419 0.346002 -0.000160921)
(-0.0236641 0.255082 -0.000206491)
(-0.0278342 0.189506 -0.000242882)
(-0.0314963 0.140877 -0.000274841)
(-0.0343694 0.103968 -0.000299914)
(-0.0368735 0.0756218 -0.000321767)
(-0.0388124 0.0535855 -0.000338689)
(-0.0404576 0.0363808 -0.000353048)
(-0.0417 0.0228771 -0.000363892)
(-0.0426908 0.0122891 -0.00037254)
(-0.0433851 0.00399467 -0.000378601)
(-0.0438589 -0.00245913 -0.000382739)
(-0.0441002 -0.0074367 -0.000384847)
(-0.0441463 -0.0112154 -0.000385252)
(-0.0440006 -0.0140206 -0.000383983)
(-0.0436837 -0.0160301 -0.000381221)
(-0.0432044 -0.0173908 -0.000377041)
(-0.0425776 -0.0182222 -0.000371574)
(-0.0418148 -0.0186244 -0.000364919)
(-0.0409291 -0.018681 -0.000357192)
(-0.0399334 -0.0184629 -0.000348505)
(-0.0388408 -0.0180304 -0.000338972)
(-0.0376645 -0.0174348 -0.000328708)
(-0.0364175 -0.0167199 -0.000317828)
(-0.0351128 -0.0159229 -0.000306443)
(-0.0337627 -0.0150753 -0.000294662)
(-0.0323788 -0.0142036 -0.000282586)
(-0.0309721 -0.0133294 -0.000270311)
(-0.0295526 -0.0124702 -0.000257924)
(-0.00535343 0.703945 -4.67113e-05)
(-0.0115737 0.504192 -0.000100989)
(-0.017217 0.368463 -0.000150231)
(-0.0222315 0.274575 -0.000193989)
(-0.0262831 0.206477 -0.000229346)
(-0.0298519 0.155682 -0.000260489)
(-0.0326765 0.11692 -0.000285139)
(-0.0351348 0.0869735 -0.000306593)
(-0.0370497 0.0635548 -0.000323305)
(-0.038669 0.0451447 -0.000337437)
(-0.039897 0.030588 -0.000348156)
(-0.0408742 0.0190729 -0.000356685)
(-0.0415641 0.0099601 -0.000362708)
(-0.042039 0.00277922 -0.000366855)
(-0.0422916 -0.00284594 -0.000369062)
(-0.0423587 -0.00720362 -0.00036965)
(-0.0422459 -0.0105273 -0.000368668)
(-0.0419733 -0.0130022 -0.000366292)
(-0.0415501 -0.0147807 -0.000362602)
(-0.0409904 -0.0159872 -0.00035772)
(-0.0403049 -0.0167254 -0.000351739)
(-0.0395056 -0.0170822 -0.000344767)
(-0.038604 -0.0171312 -0.000336901)
(-0.0376118 -0.0169353 -0.000328244)
(-0.0365405 -0.016548 -0.000318896)
(-0.0354015 -0.0160155 -0.000308959)
(-0.0342061 -0.0153772 -0.000298528)
(-0.0329649 -0.0146668 -0.000287698)
(-0.0316882 -0.0139127 -0.000276557)
(-0.0303855 -0.0131387 -0.000265189)
(-0.0290656 -0.0123644 -0.000253671)
(-0.00490046 0.731052 -4.27583e-05)
(-0.0107163 0.52811 -9.35062e-05)
(-0.016072 0.389344 -0.000140239)
(-0.0208725 0.292773 -0.000182129)
(-0.0247929 0.222358 -0.00021634)
(-0.0282578 0.169556 -0.000246577)
(-0.0310249 0.12907 -0.000270725)
(-0.033435 0.0976309 -0.000291758)
(-0.0353274 0.0729249 -0.000308274)
(-0.0369282 0.0533952 -0.000322245)
(-0.0381524 0.037863 -0.00033293)
(-0.0391291 0.025491 -0.000341455)
(-0.0398278 0.0156222 -0.000347554)
(-0.0403159 0.00776967 -0.000351817)
(-0.0405895 0.00154532 -0.000354206)
(-0.0406835 -0.00334957 -0.000355029)
(-0.0406051 -0.00715613 -0.000354347)
(-0.0403744 -0.010066 -0.000352336)
(-0.0400012 -0.0122363 -0.000349082)
(-0.0394997 -0.0137953 -0.000344708)
(-0.0388806 -0.01485 -0.000339307)
(-0.0381557 -0.0154902 -0.000332983)
(-0.0373355 -0.0157922 -0.000325828)
(-0.036431 -0.015821 -0.000317936)
(-0.0354524 -0.0156325 -0.000309398)
(-0.0344099 -0.015275 -0.000300302)
(-0.0333131 -0.01479 -0.000290732)
(-0.0321713 -0.014213 -0.00028077)
(-0.0309934 -0.0135746 -0.000270491)
(-0.0297875 -0.0129003 -0.000259968)
(-0.0285612 -0.0122115 -0.000249267)
(-0.00450375 0.756274 -3.92964e-05)
(-0.00995653 0.55069 -8.68755e-05)
(-0.0150502 0.409285 -0.000131322)
(-0.0196559 0.310311 -0.000171512)
(-0.0234574 0.237775 -0.000204685)
(-0.0268317 0.183101 -0.000234132)
(-0.0295483 0.140979 -0.000257839)
(-0.0319149 0.108106 -0.000278492)
(-0.0337867 0.0821452 -0.000294827)
(-0.0353685 0.0615142 -0.000308633)
(-0.036585 0.0450151 -0.00031925)
(-0.0375555 0.0317904 -0.000327721)
(-0.0382548 0.0211686 -0.000333826)
(-0.038747 0.0126484 -0.000338123)
(-0.039031 0.00583104 -0.000340603)
(-0.039141 0.000407816 -0.000341566)
(-0.0390858 -0.00387011 -0.000341087)
(-0.0388859 -0.00720129 -0.000339344)
(-0.0385516 -0.00974837 -0.000336429)
(-0.0380972 -0.0116445 -0.000332466)
(-0.0375335 -0.0130007 -0.00032755)
(-0.0368719 -0.0139103 -0.000321778)
(-0.0361224 -0.0144524 -0.000315239)
(-0.0352949 -0.0146947 -0.00030802)
(-0.0343989 -0.0146956 -0.000300202)
(-0.0334431 -0.0145055 -0.000291863)
(-0.032436 -0.0141679 -0.000283075)
(-0.0313854 -0.0137202 -0.000273909)
(-0.0302989 -0.0131948 -0.000264428)
(-0.0291834 -0.0126189 -0.000254694)
(-0.0280451 -0.0120155 -0.000244761)
(-0.00415629 0.779439 -3.62643e-05)
(-0.00927914 0.571639 -8.0964e-05)
(-0.014127 0.427906 -0.000123265)
(-0.0185469 0.326761 -0.000161834)
(-0.0222308 0.252277 -0.000193981)
(-0.0255124 0.195868 -0.000222618)
(-0.0281761 0.152223 -0.000245863)
(-0.0305021 0.118008 -0.000266162)
(-0.0323516 0.0908739 -0.000282303)
(-0.0339127 0.0692123 -0.000295928)
(-0.0351206 0.0518088 -0.00030647)
(-0.0360845 0.0377867 -0.000314883)
(-0.0367837 0.0264604 -0.000320987)
(-0.0372786 0.0173152 -0.000325308)
(-0.0375708 0.00994185 -0.00032786)
(-0.0376937 0.00402252 -0.000328935)
(-0.0376577 -0.000698795 -0.000328622)
(-0.0374832 -0.00442687 -0.000327102)
(-0.0371816 -0.00732935 -0.000324472)
(-0.0367674 -0.0095437 -0.000320859)
(-0.0362515 -0.0111846 -0.000316359)
(-0.0356452 -0.0123487 -0.00031107)
(-0.0349581 -0.0131178 -0.000305076)
(-0.0341995 -0.0135624 -0.000298458)
(-0.0333779 -0.0137432 -0.000291289)
(-0.032501 -0.0137127 -0.000283639)
(-0.0315762 -0.0135163 -0.000275569)
(-0.0306099 -0.0131935 -0.000267139)
(-0.0296085 -0.0127781 -0.000258401)
(-0.0285776 -0.0122989 -0.000249405)
(-0.0275225 -0.0117801 -0.000240198)
(-0.00383925 0.801177 -3.34976e-05)
(-0.0086555 0.591537 -7.55216e-05)
(-0.0132682 0.445771 -0.00011577)
(-0.0175058 0.342673 -0.000152748)
(-0.0210699 0.2664 -0.000183849)
(-0.0242575 0.208367 -0.000211666)
(-0.0268652 0.163271 -0.000234422)
(-0.0291469 0.127763 -0.000254335)
(-0.0309735 0.0994833 -0.000270276)
(-0.0325167 0.0768052 -0.000283743)
(-0.0337179 0.0585029 -0.000294228)
(-0.034678 0.0436845 -0.000302608)
(-0.0353796 0.0316539 -0.000308732)
(-0.0358794 0.0218845 -0.000313096)
(-0.036181 0.0139581 -0.000315729)
(-0.0363169 0.00754832 -0.000316918)
(-0.0362988 0.00239177 -0.000316762)
(-0.0361474 -0.00172285 -0.000315443)
(-0.0358751 -0.00496883 -0.000313069)
(-0.0354967 -0.00748862 -0.000309768)
(-0.0350236 -0.0094013 -0.000305642)
(-0.034467 -0.0108072 -0.000300786)
(-0.0338364 -0.0117917 -0.000295285)
(-0.0331406 -0.012428 -0.000289215)
(-0.0323873 -0.0127795 -0.000282643)
(-0.0315834 -0.0129008 -0.000275629)
(-0.0307348 -0.0128397 -0.000268225)
(-0.0298473 -0.012637 -0.000260481)
(-0.0289256 -0.0123283 -0.000252439)
(-0.0279744 -0.0119436 -0.000244139)
(-0.0269978 -0.0115086 -0.000235618)
(-0.00356877 0.821146 -3.11373e-05)
(-0.00811723 0.609991 -7.08243e-05)
(-0.0125239 0.46243 -0.000109275)
(-0.0166021 0.357562 -0.000144862)
(-0.0200614 0.279644 -0.000175048)
(-0.0231666 0.220108 -0.000202145)
(-0.0257233 0.173664 -0.000224457)
(-0.0279621 0.136951 -0.000243995)
(-0.0297619 0.107604 -0.000259702)
(-0.0312805 0.08398 -0.000272955)
(-0.0324649 0.0648412 -0.000283292)
(-0.0334092 0.049282 -0.000291534)
(-0.0340997 0.0365954 -0.000297562)
(-0.0345911 0.0262441 -0.000301852)
(-0.0348892 0.0178011 -0.000304455)
(-0.0350265 0.0109321 -0.000305655)
(-0.0350161 0.00536716 -0.000305567)
(-0.0348791 0.000889241 -0.000304373)
(-0.0346286 -0.00267996 -0.000302189)
(-0.0342797 -0.00548737 -0.000299146)
(-0.0338437 -0.007656 -0.000295343)
(-0.0333318 -0.00928977 -0.000290878)
(-0.032753 -0.0104772 -0.000285828)
(-0.0321153 -0.0112945 -0.000280266)
(-0.0314257 -0.0118075 -0.000274249)
(-0.03069 -0.0120732 -0.000267831)
(-0.0299132 -0.0121411 -0.000261053)
(-0.0290997 -0.0120539 -0.000253955)
(-0.0282534 -0.0118484 -0.000246571)
(-0.0273776 -0.0115562 -0.000238929)
(-0.0264755 -0.0112039 -0.000231058)
(-0.00331081 0.84014 -2.88862e-05)
(-0.00759424 0.627727 -6.62603e-05)
(-0.0117852 0.478595 -0.000102828)
(-0.0156886 0.372129 -0.00013689)
(-0.0190246 0.29269 -0.000166)
(-0.0220307 0.231737 -0.000192233)
(-0.0245232 0.183998 -0.000213983)
(-0.0267117 0.14611 -0.000233082)
(-0.0284828 0.115706 -0.000248538)
(-0.0299809 0.0911329 -0.000261613)
(-0.0311572 0.0711483 -0.000271879)
(-0.032098 0.0548362 -0.000280091)
(-0.0327916 0.0414817 -0.000286145)
(-0.0332889 0.030539 -0.000290487)
(-0.033597 0.0215738 -0.000293177)
(-0.0337472 0.0142441 -0.00029449)
(-0.0337536 0.00827348 -0.000294547)
(-0.0336376 0.00343827 -0.000293537)
(-0.0334132 -0.000445572 -0.000291581)
(-0.033096 -0.00353036 -0.000288814)
(-0.0326979 -0.00594391 -0.000285342)
(-0.0322301 -0.00779443 -0.000281262)
(-0.0317016 -0.00917428 -0.000276652)
(-0.0311201 -0.0101629 -0.000271578)
(-0.0304915 -0.0108289 -0.000266095)
(-0.0298211 -0.0112317 -0.000260246)
(-0.0291127 -0.0114228 -0.000254065)
(-0.0283698 -0.0114465 -0.000247583)
(-0.0275951 -0.0113411 -0.000240824)
(-0.026791 -0.0111391 -0.000233808)
(-0.0259598 -0.0108683 -0.000226555)
(-0.00310652 0.857467 -2.71035e-05)
(-0.00717673 0.644036 -6.26169e-05)
(-0.0111986 0.493506 -9.77097e-05)
(-0.0149692 0.385583 -0.000130611)
(-0.0182144 0.304744 -0.00015893)
(-0.0211469 0.242483 -0.00018452)
(-0.0235893 0.193551 -0.000205833)
(-0.0257326 0.154582 -0.000224538)
(-0.0274689 0.123211 -0.00023969)
(-0.0289321 0.0977742 -0.00025246)
(-0.0300779 0.0770212 -0.000262461)
(-0.0309884 0.0600264 -0.000270407)
(-0.0316555 0.0460665 -0.00027623)
(-0.0321297 0.034587 -0.00028037)
(-0.0324206 0.0251463 -0.00028291)
(-0.0325604 0.0173955 -0.000284132)
(-0.0325647 0.0110523 -0.000284171)
(-0.0324552 0.00588771 -0.000283217)
(-0.0322464 0.0017126 -0.000281397)
(-0.0319538 -0.0016298 -0.000278845)
(-0.0315889 -0.00427148 -0.000275662)
(-0.0311622 -0.00632445 -0.00027194)
(-0.0306818 -0.00788449 -0.00026775)
(-0.0301544 -0.00903407 -0.000263149)
(-0.0295851 -0.00984451 -0.000258183)
(-0.0289779 -0.0103774 -0.000252885)
(-0.0283355 -0.0106861 -0.000247281)
(-0.0276604 -0.0108165 -0.000241391)
(-0.0269542 -0.0108081 -0.00023523)
(-0.0262186 -0.0106944 -0.000228811)
(-0.0254549 -0.0105038 -0.000222148)
(-0.00288602 0.87436 -2.51794e-05)
(-0.00671863 0.660069 -5.86192e-05)
(-0.0105345 0.508313 -9.19142e-05)
(-0.0141289 0.399069 -0.000123278)
(-0.0172403 0.316925 -0.000150429)
(-0.0200617 0.253413 -0.00017505)
(-0.0224259 0.20331 -0.000195681)
(-0.0245082 0.163259 -0.000213852)
(-0.0262068 0.130899 -0.000228676)
(-0.0276447 0.104564 -0.000241225)
(-0.0287801 0.083004 -0.000251134)
(-0.0296881 0.0652868 -0.000259059)
(-0.0303612 0.0506852 -0.000264934)
(-0.0308459 0.0386387 -0.000269166)
(-0.0311522 0.0286998 -0.00027184)
(-0.0313107 0.0205132 -0.000273225)
(-0.0313376 0.0137898 -0.000273461)
(-0.0312545 0.00829412 -0.000272738)
(-0.0310768 0.00383075 -0.000271189)
(-0.0308201 0.000236897 -0.00026895)
(-0.0304964 -0.00262488 -0.000266127)
(-0.0301161 -0.0048715 -0.00026281)
(-0.0296872 -0.00660298 -0.000259068)
(-0.0292158 -0.00790539 -0.000254957)
(-0.0287064 -0.00885308 -0.000250512)
(-0.0281619 -0.00951007 -0.000245762)
(-0.0275843 -0.00993161 -0.000240723)
(-0.026975 -0.010165 -0.000235408)
(-0.0263349 -0.0102508 -0.000229824)
(-0.0256649 -0.0102235 -0.000223977)
(-0.0249655 -0.0101124 -0.000217876)
(-0.00274401 0.889396 -2.39403e-05)
(-0.00641693 0.67445 -5.59865e-05)
(-0.0101036 0.521588 -8.81539e-05)
(-0.0135957 0.411125 -0.000118626)
(-0.0166344 0.327777 -0.000145142)
(-0.0193937 0.26312 -0.00016922)
(-0.0217088 0.211961 -0.000189422)
(-0.0237407 0.170946 -0.000207154)
(-0.0253918 0.137717 -0.000221563)
(-0.0267778 0.110604 -0.000233659)
(-0.0278615 0.0883495 -0.000243118)
(-0.0287167 0.0700164 -0.000250582)
(-0.029341 0.0548695 -0.000256031)
(-0.0297823 0.0423412 -0.000259883)
(-0.0300544 0.0319775 -0.000262259)
(-0.0301895 0.0234166 -0.000263439)
(-0.0302052 0.016364 -0.000263578)
(-0.0301236 0.0105788 -0.000262868)
(-0.0299598 0.0058604 -0.000261439)
(-0.0297283 0.00204159 -0.000259421)
(-0.0294399 -0.00101931 -0.000256905)
(-0.0291033 -0.00344293 -0.000253969)
(-0.0287249 -0.00533274 -0.000250669)
(-0.0283094 -0.00677766 -0.000247044)
(-0.0278597 -0.00785462 -0.000243121)
(-0.0273774 -0.00862955 -0.000238915)
(-0.0268635 -0.00915936 -0.000234431)
(-0.0263182 -0.00949236 -0.000229675)
(-0.025742 -0.00967016 -0.000224647)
(-0.0251347 -0.00972795 -0.000219349)
(-0.0244966 -0.00969551 -0.000213782)
(-0.00254932 0.904798 -2.22413e-05)
(-0.00599307 0.689235 -5.22876e-05)
(-0.00946222 0.535396 -8.25569e-05)
(-0.0127579 0.423821 -0.000111314)
(-0.0156356 0.339332 -0.000136425)
(-0.0182577 0.27355 -0.000159306)
(-0.0204696 0.221312 -0.000178608)
(-0.0224211 0.179279 -0.000195637)
(-0.0240207 0.145104 -0.000209597)
(-0.0253748 0.117125 -0.000221414)
(-0.0264477 0.0940845 -0.000230778)
(-0.0273062 0.0750465 -0.000238271)
(-0.027947 0.0592739 -0.000243865)
(-0.0284135 0.0461955 -0.000247937)
(-0.0287181 0.0353522 -0.000250597)
(-0.0288907 0.0263761 -0.000252104)
(-0.0289483 0.0189659 -0.000252608)
(-0.0289121 0.012873 -0.000252293)
(-0.0287969 0.0078901 -0.00025129)
(-0.0286173 0.00384286 -0.000249723)
(-0.0283836 0.000583444 -0.000247686)
(-0.0281047 -0.00201416 -0.000245254)
(-0.0277864 -0.00405821 -0.000242477)
(-0.027433 -0.0056412 -0.000239394)
(-0.0270465 -0.00684333 -0.000236024)
(-0.0266281 -0.00773267 -0.000232374)
(-0.0261778 -0.00836793 -0.000228446)
(-0.0256955 -0.00879843 -0.000224238)
(-0.0251809 -0.00906674 -0.000219749)
(-0.0246336 -0.0092087 -0.000214975)
(-0.0240534 -0.00925461 -0.000209913)
(-0.00247988 0.91776 -2.16355e-05)
(-0.00582904 0.701755 -5.08564e-05)
(-0.00921731 0.546997 -8.04199e-05)
(-0.0124507 0.434372 -0.000108634)
(-0.0152791 0.348831 -0.000133314)
(-0.0178526 0.282043 -0.000155771)
(-0.0200142 0.228872 -0.000174634)
(-0.0219043 0.18599 -0.000191128)
(-0.0234348 0.151053 -0.000204485)
(-0.0247085 0.122394 -0.0002156)
(-0.0256976 0.0987536 -0.000224232)
(-0.0264707 0.0791877 -0.00023098)
(-0.0270325 0.0629529 -0.000235884)
(-0.02743 0.0494708 -0.000239354)
(-0.027681 0.0382752 -0.000241545)
(-0.0278174 0.0289916 -0.000242736)
(-0.0278576 0.0213122 -0.000243088)
(-0.0278221 0.014983 -0.00024278)
(-0.0277244 0.00979124 -0.000241928)
(-0.0275762 0.00555825 -0.000240636)
(-0.0273853 0.00213237 -0.000238972)
(-0.0271577 -0.000615821 -0.000236987)
(-0.0268964 -0.00279666 -0.000234708)
(-0.0266036 -0.00450529 -0.000232155)
(-0.0262796 -0.00582386 -0.000229329)
(-0.025924 -0.00682163 -0.000226228)
(-0.0255359 -0.0075585 -0.000222842)
(-0.0251142 -0.00808406 -0.000219164)
(-0.0246585 -0.00844148 -0.00021519)
(-0.024168 -0.00866698 -0.00021091)
(-0.0236422 -0.00879118 -0.000206323)
(-0.00228007 0.932389 -1.98919e-05)
(-0.00537859 0.715837 -4.69254e-05)
(-0.00850461 0.560248 -7.42004e-05)
(-0.0114883 0.446652 -0.000100235)
(-0.0140983 0.360077 -0.000123009)
(-0.0164817 0.292244 -0.000143807)
(-0.0184952 0.238044 -0.000161378)
(-0.0202722 0.194177 -0.000176884)
(-0.0217317 0.158313 -0.00018962)
(-0.0229679 0.128797 -0.000200409)
(-0.0239546 0.104377 -0.00020902)
(-0.0247518 0.0841134 -0.000215978)
(-0.0253613 0.0672613 -0.000221298)
(-0.0258228 0.0532401 -0.000225327)
(-0.0261501 0.0415782 -0.000228183)
(-0.0263696 0.0318943 -0.0002301)
(-0.0264969 0.0238727 -0.000231212)
(-0.0265493 0.0172512 -0.000231671)
(-0.0265386 0.0118092 -0.000231579)
(-0.0264755 0.00736061 -0.000231029)
(-0.026367 0.00374734 -0.000230084)
(-0.0262184 0.00083457 -0.000228789)
(-0.0260327 -0.00149262 -0.00022717)
(-0.0258127 -0.00333341 -0.000225251)
(-0.0255581 -0.00477342 -0.000223031)
(-0.0252687 -0.00588307 -0.000220507)
(-0.0249434 -0.00672395 -0.000217671)
(-0.0245812 -0.00734597 -0.000214512)
(-0.024182 -0.00779345 -0.00021103)
(-0.0237449 -0.00810322 -0.000207216)
(-0.0232693 -0.00830644 -0.000203068)
(-0.00230528 0.943177 -2.01121e-05)
(-0.00540684 0.726292 -4.71724e-05)
(-0.00851892 0.569869 -7.43258e-05)
(-0.011496 0.455329 -0.000100303)
(-0.0140821 0.367814 -0.000122869)
(-0.0164233 0.299099 -0.000143299)
(-0.0183728 0.244094 -0.00016031)
(-0.0200587 0.19951 -0.000175023)
(-0.0214113 0.163015 -0.000186826)
(-0.0225247 0.132955 -0.000196542)
(-0.0233866 0.108068 -0.000204064)
(-0.0240617 0.0874081 -0.000209956)
(-0.0245633 0.0702204 -0.000214333)
(-0.0249352 0.0559154 -0.000217579)
(-0.0251968 0.0440119 -0.000219863)
(-0.0253758 0.0341204 -0.000221426)
(-0.0254875 0.0259176 -0.000222402)
(-0.0255469 0.0191353 -0.000222921)
(-0.0255622 0.0135476 -0.000223055)
(-0.0255397 0.00896476 -0.000222861)
(-0.0254824 0.00522578 -0.000222362)
(-0.0253916 0.00219415 -0.000221571)
(-0.0252676 -0.000247332 -0.000220491)
(-0.0251109 -0.00219627 -0.000219125)
(-0.024918 -0.00373872 -0.000217443)
(-0.0246877 -0.00494588 -0.000215435)
(-0.0244191 -0.00588159 -0.000213093)
(-0.0241105 -0.00659431 -0.000210402)
(-0.0237623 -0.00712862 -0.000207366)
(-0.0233732 -0.00752119 -0.000203971)
(-0.0229425 -0.00780307 -0.000200215)
(-0.00205014 0.958006 -1.78855e-05)
(-0.00480137 0.740449 -4.18885e-05)
(-0.00751569 0.58319 -6.55706e-05)
(-0.0101082 0.467722 -8.8191e-05)
(-0.012352 0.379186 -0.00010777)
(-0.0143997 0.309444 -0.000125638)
(-0.016127 0.253411 -0.00014071)
(-0.0176559 0.207849 -0.000154051)
(-0.0189277 0.170431 -0.000165149)
(-0.0200243 0.139526 -0.000174719)
(-0.0209328 0.113874 -0.000182647)
(-0.0217025 0.092532 -0.000189365)
(-0.0223383 0.0747425 -0.000194913)
(-0.0228693 0.0599111 -0.000199548)
(-0.0233052 0.0475489 -0.000203353)
(-0.0236625 0.0372589 -0.000206472)
(-0.0239494 0.0287098 -0.000208977)
(-0.0241748 0.0216255 -0.000210945)
(-0.0243438 0.0157737 -0.000212422)
(-0.0244611 0.0109583 -0.000213446)
(-0.0245289 0.00701347 -0.00021404)
(-0.0245497 0.00379877 -0.000214223)
(-0.0245229 0.00119411 -0.000213991)
(-0.0244491 -0.000897628 -0.000213349)
(-0.024328 -0.00258108 -0.000212294)
(-0.0241635 -0.00391965 -0.000210861)
(-0.0239562 -0.00497472 -0.000209053)
(-0.0237021 -0.00579529 -0.000206838)
(-0.0234033 -0.00642849 -0.000204233)
(-0.0230587 -0.00691234 -0.000201226)
(-0.0226683 -0.00727883 -0.000197821)
(-0.00223992 0.965934 -1.95419e-05)
(-0.00519358 0.747997 -4.5312e-05)
(-0.00793787 0.589884 -6.92559e-05)
(-0.010529 0.473552 -9.18649e-05)
(-0.0127127 0.384199 -0.000110919)
(-0.0146563 0.313744 -0.000127879)
(-0.0162635 0.257095 -0.000141903)
(-0.0176458 0.211024 -0.000153965)
(-0.0187757 0.17319 -0.000163824)
(-0.0197267 0.141956 -0.000172123)
(-0.0205069 0.116046 -0.000178932)
(-0.0211628 0.0945066 -0.000184655)
(-0.0217091 0.0765661 -0.000189423)
(-0.0221735 0.0616186 -0.000193476)
(-0.0225683 0.0491647 -0.000196921)
(-0.0229072 0.0387989 -0.000199879)
(-0.0231965 0.030183 -0.000202404)
(-0.0234414 0.0230362 -0.000204542)
(-0.023643 0.0171221 -0.000206303)
(-0.0238018 0.0122429 -0.00020769)
(-0.0239162 0.00823099 -0.00020869)
(-0.0239857 0.00494488 -0.000209298)
(-0.0240044 0.00226456 -0.000209462)
(-0.0239858 8.86836e-05 -0.000209303)
(-0.023917 -0.0016817 -0.000208704)
(-0.02379 -0.00306958 -0.000207598)
(-0.0236197 -0.00418889 -0.000206114)
(-0.0234008 -0.00507686 -0.000204206)
(-0.0231363 -0.00577927 -0.000201899)
(-0.0228233 -0.00633266 -0.00019917)
(-0.0224622 -0.00676788 -0.000196021)
(-0.00153107 0.982734 -1.33558e-05)
(-0.00351534 0.763545 -3.06655e-05)
(-0.0053759 0.60402 -4.68966e-05)
(-0.00723646 0.48657 -6.31291e-05)
(-0.00889273 0.396055 -7.75796e-05)
(-0.0104797 0.324566 -9.14258e-05)
(-0.0119111 0.266926 -0.000103915)
(-0.0132622 0.219966 -0.000115704)
(-0.0144965 0.181318 -0.000126474)
(-0.0156513 0.149353 -0.000136551)
(-0.016716 0.12278 -0.000145842)
(-0.0177053 0.100645 -0.000154476)
(-0.0186144 0.0821616 -0.00016241)
(-0.0194475 0.0667199 -0.000169681)
(-0.0202017 0.0538127 -0.000176264)
(-0.0208776 0.0430298 -0.000182163)
(-0.0214738 0.0340288 -0.000187367)
(-0.0219908 0.026526 -0.000191881)
(-0.0224292 0.0202831 -0.000195709)
(-0.022791 0.0151 -0.000198868)
(-0.0230782 0.0108083 -0.000201377)
(-0.0232943 0.00726435 -0.000203265)
(-0.0234394 0.00434948 -0.000204534)
(-0.0235251 0.00195668 -0.000205286)
(-0.0234849 2.64685e-05 -0.000204936)
(-0.0233906 -0.00158816 -0.000204112)
(-0.0232981 -0.00288511 -0.000203308)
(-0.0231336 -0.00393727 -0.000201877)
(-0.0229138 -0.00478806 -0.000199961)
(-0.0226371 -0.00547738 -0.000197548)
(-0.0223061 -0.00603699 -0.000194662)
)
;

boundaryField
{
    inlet
    {
        type            zeroGradient;
    }
    outlet
    {
        type            pressureInletOutletVelocity;
        value           nonuniform List<vector> 0();
    }
    walls
    {
        type            noSlip;
    }
    side1
    {
        type            cyclic;
    }
    side2
    {
        type            cyclic;
    }
    procBoundary5to4
    {
        type            processor;
        value           nonuniform List<vector> 
90
(
(0.216189 -9.36802 -0.00188744)
(-0.627514 -7.59731 0.0054773)
(-0.394059 -6.04819 0.00344065)
(-0.00499296 -4.01753 4.41473e-05)
(-0.0223742 -1.36414 0.000196257)
(-0.00214417 -1.3074e-05 1.87186e-05)
(-0.00617742 -0.000245335 5.39305e-05)
(-0.00990275 -0.000688265 8.64536e-05)
(-0.0132855 -0.00129783 0.000115985)
(-0.016307 -0.00203272 0.000142364)
(-0.0189626 -0.00285528 0.000165546)
(-0.0212589 -0.00372992 0.000185593)
(-0.0232116 -0.00462519 0.000202639)
(-0.0248426 -0.00551432 0.000216877)
(-0.0261779 -0.00637544 0.000228534)
(-0.0272456 -0.00719149 0.000237853)
(-0.0280743 -0.00794976 0.000245087)
(-0.0286921 -0.00864142 0.00025048)
(-0.0291259 -0.00926094 0.000254266)
(-0.0294005 -0.00980552 0.000256663)
(-0.0295387 -0.0102745 0.000257868)
(-0.0295608 -0.0106689 0.000258061)
(-0.0294851 -0.0109909 0.0002574)
(-0.0293275 -0.0112438 0.000256024)
(-0.0291019 -0.011431 0.000254053)
(-0.0288202 -0.0115568 0.000251595)
(-0.028493 -0.0116251 0.000248738)
(-0.0281291 -0.01164 0.000245561)
(-0.0277362 -0.0116056 0.000242131)
(-0.0273212 -0.0115255 0.000238508)
(-0.02689 -0.0114032 0.000234744)
(-0.0264479 -0.0112419 0.000230884)
(-0.0259997 -0.0110446 0.000226971)
(-0.02555 -0.0108137 0.000223046)
(-0.0251034 -0.0105515 0.000219148)
(-0.0246644 -0.0102603 0.000215315)
(-0.0242375 -0.0099417 0.000211588)
(-0.0238277 -0.0095976 0.000208011)
(-0.0234401 -0.00922963 0.000204627)
(-0.0230805 -0.00883949 0.000201488)
(-0.0227548 -0.00842884 0.000198645)
(-0.0224699 -0.00799992 0.000196158)
(-0.0222322 -0.00755419 0.000194083)
(-0.022053 -0.00711048 0.000192517)
(-0.0219223 -0.00649351 0.00019138)
(0.216189 -9.36802 0.00188633)
(-0.627514 -7.59731 -0.00547555)
(-0.39406 -6.04819 -0.00344033)
(-0.00499334 -4.01753 -4.40589e-05)
(-0.0223745 -1.36414 -0.000196238)
(-0.00214417 -1.3074e-05 -1.87166e-05)
(-0.00617742 -0.000245335 -5.39247e-05)
(-0.00990275 -0.000688265 -8.64439e-05)
(-0.0132855 -0.00129783 -0.000115972)
(-0.016307 -0.00203272 -0.000142346)
(-0.0189626 -0.00285528 -0.000165525)
(-0.0212589 -0.00372992 -0.000185568)
(-0.0232116 -0.00462519 -0.000202611)
(-0.0248426 -0.00551432 -0.000216846)
(-0.0261779 -0.00637544 -0.000228499)
(-0.0272456 -0.00719149 -0.000237816)
(-0.0280743 -0.00794976 -0.000245047)
(-0.0286921 -0.00864142 -0.000250437)
(-0.0291259 -0.00926094 -0.000254221)
(-0.0294005 -0.00980552 -0.000256615)
(-0.0295387 -0.0102745 -0.000257819)
(-0.0295608 -0.0106689 -0.00025801)
(-0.0294851 -0.0109909 -0.000257347)
(-0.0293275 -0.0112438 -0.000255969)
(-0.0291019 -0.011431 -0.000253998)
(-0.0288202 -0.0115568 -0.000251537)
(-0.028493 -0.0116251 -0.000248679)
(-0.0281291 -0.01164 -0.000245501)
(-0.0277362 -0.0116056 -0.000242071)
(-0.0273212 -0.0115255 -0.000238447)
(-0.02689 -0.0114032 -0.000234682)
(-0.0264479 -0.0112419 -0.000230822)
(-0.0259997 -0.0110446 -0.000226909)
(-0.02555 -0.0108137 -0.000222983)
(-0.0251034 -0.0105515 -0.000219084)
(-0.0246644 -0.0102603 -0.000215251)
(-0.0242375 -0.0099417 -0.000211524)
(-0.0238277 -0.0095976 -0.000207946)
(-0.0234401 -0.00922963 -0.000204563)
(-0.0230805 -0.00883949 -0.000201423)
(-0.0227548 -0.00842884 -0.00019858)
(-0.0224699 -0.00799992 -0.000196093)
(-0.0222322 -0.00755419 -0.000194018)
(-0.022053 -0.00711048 -0.000192452)
(-0.0219223 -0.00649351 -0.000191315)
)
;
    }
}


// ************************************************************************* //
