/*--------------------------------*- C++ -*----------------------------------*\
| =========                 |                                                 |
| \\      /  F ield         | OpenFOAM: The Open Source CFD Toolbox           |
|  \\    /   O peration     | Version:  v2012                                 |
|   \\  /    A nd           | Website:  www.openfoam.com                      |
|    \\/     M anipulation  |                                                 |
\*---------------------------------------------------------------------------*/
FoamFile
{
    version     2.0;
    format      ascii;
    class       volScalarField;
    location    "0.7";
    object      p_rgh;
}
// * * * * * * * * * * * * * * * * * * * * * * * * * * * * * * * * * * * * * //

dimensions      [1 -1 -2 0 0 0 0];


internalField   nonuniform List<scalar> 
3338
(
3.5e+06
3.5e+06
3.5e+06
3.5e+06
3.5e+06
3.5e+06
3.5e+06
3.5e+06
3.5e+06
3.5e+06
3.5e+06
3.5e+06
3.5e+06
3.5e+06
3.5e+06
3.5e+06
3.5e+06
3.5e+06
3.5e+06
3.5e+06
3.5e+06
3.49999e+06
3.49999e+06
3.49999e+06
3.49999e+06
3.49999e+06
3.49999e+06
3.49999e+06
3.49999e+06
3.49999e+06
3.49999e+06
3.49999e+06
3.49999e+06
3.5e+06
3.5e+06
3.5e+06
3.5e+06
3.5e+06
3.5e+06
3.5e+06
3.5e+06
3.5e+06
3.49999e+06
3.49999e+06
3.49999e+06
3.49999e+06
3.49999e+06
3.49999e+06
3.49999e+06
3.49999e+06
3.49999e+06
3.49999e+06
3.49999e+06
3.49999e+06
3.49999e+06
3.49999e+06
3.49999e+06
3.49999e+06
3.49999e+06
3.49999e+06
3.49999e+06
3.49999e+06
3.49999e+06
3.49998e+06
3.49998e+06
3.49998e+06
3.49998e+06
3.49998e+06
3.49998e+06
3.49998e+06
3.49998e+06
3.49998e+06
3.49998e+06
3.49998e+06
3.49998e+06
3.49998e+06
3.49998e+06
3.49998e+06
3.49998e+06
3.49998e+06
3.49998e+06
3.49998e+06
3.49999e+06
3.49999e+06
3.49997e+06
3.49997e+06
3.49997e+06
3.49998e+06
3.49998e+06
3.49998e+06
3.49998e+06
3.49998e+06
3.49998e+06
3.49998e+06
3.49998e+06
3.49998e+06
3.49998e+06
3.49998e+06
3.49998e+06
3.49998e+06
3.49998e+06
3.49998e+06
3.49998e+06
3.49998e+06
3.49998e+06
3.49997e+06
3.49997e+06
3.49997e+06
3.49997e+06
3.49997e+06
3.49997e+06
3.49997e+06
3.49997e+06
3.49997e+06
3.49997e+06
3.49997e+06
3.49997e+06
3.49997e+06
3.49997e+06
3.49997e+06
3.49997e+06
3.49997e+06
3.49997e+06
3.49997e+06
3.49997e+06
3.49997e+06
3.49996e+06
3.49996e+06
3.49996e+06
3.49996e+06
3.49996e+06
3.49996e+06
3.49997e+06
3.49997e+06
3.49997e+06
3.49997e+06
3.49997e+06
3.49997e+06
3.49997e+06
3.49997e+06
3.49997e+06
3.49997e+06
3.49997e+06
3.49997e+06
3.49997e+06
3.49997e+06
3.49997e+06
3.49996e+06
3.49996e+06
3.49996e+06
3.49996e+06
3.49996e+06
3.49996e+06
3.49996e+06
3.49996e+06
3.49996e+06
3.49996e+06
3.49996e+06
3.49996e+06
3.49996e+06
3.49996e+06
3.49996e+06
3.49996e+06
3.49996e+06
3.49996e+06
3.49996e+06
3.49996e+06
3.49996e+06
3.49995e+06
3.49995e+06
3.49995e+06
3.49995e+06
3.49995e+06
3.49995e+06
3.49995e+06
3.49995e+06
3.49995e+06
3.49996e+06
3.49996e+06
3.49996e+06
3.49996e+06
3.49996e+06
3.49996e+06
3.49996e+06
3.49996e+06
3.49996e+06
3.49996e+06
3.49996e+06
3.49996e+06
3.49995e+06
3.49995e+06
3.49995e+06
3.49995e+06
3.49995e+06
3.49995e+06
3.49995e+06
3.49995e+06
3.49995e+06
3.49995e+06
3.49995e+06
3.49995e+06
3.49995e+06
3.49995e+06
3.49995e+06
3.49995e+06
3.49995e+06
3.49995e+06
3.49995e+06
3.49995e+06
3.49995e+06
3.49994e+06
3.49994e+06
3.49994e+06
3.49994e+06
3.49994e+06
3.49994e+06
3.49994e+06
3.49994e+06
3.49994e+06
3.49994e+06
3.49994e+06
3.49994e+06
3.49995e+06
3.49995e+06
3.49995e+06
3.49995e+06
3.49995e+06
3.49995e+06
3.49995e+06
3.49995e+06
3.49995e+06
3.49993e+06
3.49993e+06
3.49994e+06
3.49994e+06
3.49994e+06
3.49994e+06
3.49994e+06
3.49994e+06
3.49994e+06
3.49994e+06
3.49994e+06
3.49994e+06
3.49994e+06
3.49994e+06
3.49994e+06
3.49994e+06
3.49994e+06
3.49994e+06
3.49994e+06
3.49994e+06
3.49994e+06
3.49993e+06
3.49993e+06
3.49993e+06
3.49993e+06
3.49993e+06
3.49993e+06
3.49993e+06
3.49993e+06
3.49993e+06
3.49993e+06
3.49993e+06
3.49993e+06
3.49993e+06
3.49994e+06
3.49994e+06
3.49994e+06
3.49994e+06
3.49994e+06
3.49994e+06
3.49994e+06
3.49994e+06
3.49992e+06
3.49992e+06
3.49992e+06
3.49992e+06
3.49992e+06
3.49993e+06
3.49993e+06
3.49993e+06
3.49993e+06
3.49993e+06
3.49993e+06
3.49993e+06
3.49993e+06
3.49993e+06
3.49993e+06
3.49993e+06
3.49993e+06
3.49993e+06
3.49993e+06
3.49993e+06
3.49993e+06
3.49992e+06
3.49992e+06
3.49992e+06
3.49992e+06
3.49992e+06
3.49992e+06
3.49992e+06
3.49992e+06
3.49992e+06
3.49992e+06
3.49992e+06
3.49992e+06
3.49992e+06
3.49992e+06
3.49992e+06
3.49993e+06
3.49993e+06
3.49993e+06
3.49993e+06
3.49993e+06
3.49993e+06
3.49991e+06
3.49991e+06
3.49991e+06
3.49991e+06
3.49991e+06
3.49991e+06
3.49991e+06
3.49991e+06
3.49992e+06
3.49992e+06
3.49992e+06
3.49992e+06
3.49992e+06
3.49992e+06
3.49992e+06
3.49992e+06
3.49992e+06
3.49992e+06
3.49992e+06
3.49992e+06
3.49992e+06
3.49991e+06
3.49991e+06
3.49991e+06
3.49991e+06
3.49991e+06
3.49991e+06
3.49991e+06
3.49991e+06
3.49991e+06
3.49991e+06
3.49991e+06
3.49991e+06
3.49991e+06
3.49991e+06
3.49991e+06
3.49991e+06
3.49992e+06
3.49992e+06
3.49992e+06
3.49992e+06
3.49992e+06
3.4999e+06
3.4999e+06
3.4999e+06
3.4999e+06
3.4999e+06
3.4999e+06
3.4999e+06
3.4999e+06
3.4999e+06
3.4999e+06
3.49991e+06
3.49991e+06
3.49991e+06
3.49991e+06
3.49991e+06
3.49991e+06
3.49991e+06
3.49991e+06
3.49991e+06
3.49991e+06
3.49991e+06
3.49989e+06
3.49989e+06
3.49989e+06
3.4999e+06
3.4999e+06
3.4999e+06
3.4999e+06
3.4999e+06
3.4999e+06
3.4999e+06
3.4999e+06
3.4999e+06
3.4999e+06
3.4999e+06
3.4999e+06
3.4999e+06
3.4999e+06
3.49991e+06
3.49991e+06
3.49991e+06
3.49991e+06
3.49989e+06
3.49989e+06
3.49989e+06
3.49989e+06
3.49989e+06
3.49989e+06
3.49989e+06
3.49989e+06
3.49989e+06
3.49989e+06
3.49989e+06
3.4999e+06
3.4999e+06
3.4999e+06
3.4999e+06
3.4999e+06
3.4999e+06
3.4999e+06
3.4999e+06
3.4999e+06
3.4999e+06
3.49988e+06
3.49988e+06
3.49988e+06
3.49988e+06
3.49988e+06
3.49988e+06
3.49989e+06
3.49989e+06
3.49989e+06
3.49989e+06
3.49989e+06
3.49989e+06
3.49989e+06
3.49989e+06
3.49989e+06
3.49989e+06
3.49989e+06
3.49989e+06
3.4999e+06
3.4999e+06
3.4999e+06
3.49988e+06
3.49988e+06
3.49988e+06
3.49988e+06
3.49988e+06
3.49988e+06
3.49988e+06
3.49988e+06
3.49988e+06
3.49988e+06
3.49988e+06
3.49988e+06
3.49988e+06
3.49989e+06
3.49989e+06
3.49989e+06
3.49989e+06
3.49989e+06
3.49989e+06
3.49989e+06
3.49989e+06
3.49987e+06
3.49987e+06
3.49987e+06
3.49987e+06
3.49987e+06
3.49987e+06
3.49987e+06
3.49987e+06
3.49988e+06
3.49988e+06
3.49988e+06
3.49988e+06
3.49988e+06
3.49988e+06
3.49988e+06
3.49988e+06
3.49988e+06
3.49988e+06
3.49988e+06
3.49989e+06
3.49989e+06
3.49986e+06
3.49986e+06
3.49986e+06
3.49987e+06
3.49987e+06
3.49987e+06
3.49987e+06
3.49987e+06
3.49987e+06
3.49987e+06
3.49987e+06
3.49987e+06
3.49987e+06
3.49987e+06
3.49988e+06
3.49988e+06
3.49988e+06
3.49988e+06
3.49988e+06
3.49988e+06
3.49988e+06
3.49986e+06
3.49986e+06
3.49986e+06
3.49986e+06
3.49986e+06
3.49986e+06
3.49986e+06
3.49986e+06
3.49986e+06
3.49986e+06
3.49987e+06
3.49987e+06
3.49987e+06
3.49987e+06
3.49987e+06
3.49987e+06
3.49987e+06
3.49987e+06
3.49987e+06
3.49988e+06
3.49988e+06
3.49985e+06
3.49985e+06
3.49985e+06
3.49985e+06
3.49985e+06
3.49985e+06
3.49986e+06
3.49986e+06
3.49986e+06
3.49986e+06
3.49986e+06
3.49986e+06
3.49986e+06
3.49986e+06
3.49986e+06
3.49987e+06
3.49987e+06
3.49987e+06
3.49987e+06
3.49987e+06
3.49987e+06
3.49984e+06
3.49985e+06
3.49985e+06
3.49985e+06
3.49985e+06
3.49985e+06
3.49985e+06
3.49985e+06
3.49985e+06
3.49985e+06
3.49985e+06
3.49986e+06
3.49986e+06
3.49986e+06
3.49986e+06
3.49986e+06
3.49986e+06
3.49986e+06
3.49986e+06
3.49986e+06
3.49987e+06
3.49984e+06
3.49984e+06
3.49984e+06
3.49984e+06
3.49984e+06
3.49984e+06
3.49984e+06
3.49985e+06
3.49985e+06
3.49985e+06
3.49985e+06
3.49985e+06
3.49985e+06
3.49985e+06
3.49985e+06
3.49985e+06
3.49986e+06
3.49986e+06
3.49986e+06
3.49986e+06
3.49986e+06
3.49983e+06
3.49983e+06
3.49983e+06
3.49983e+06
3.49984e+06
3.49984e+06
3.49984e+06
3.49984e+06
3.49984e+06
3.49984e+06
3.49984e+06
3.49984e+06
3.49985e+06
3.49985e+06
3.49985e+06
3.49985e+06
3.49985e+06
3.49985e+06
3.49985e+06
3.49985e+06
3.49985e+06
3.49983e+06
3.49983e+06
3.49983e+06
3.49983e+06
3.49983e+06
3.49983e+06
3.49983e+06
3.49983e+06
3.49983e+06
3.49984e+06
3.49984e+06
3.49984e+06
3.49984e+06
3.49984e+06
3.49984e+06
3.49984e+06
3.49985e+06
3.49985e+06
3.49985e+06
3.49985e+06
3.49985e+06
3.49982e+06
3.49982e+06
3.49982e+06
3.49982e+06
3.49982e+06
3.49982e+06
3.49983e+06
3.49983e+06
3.49983e+06
3.49983e+06
3.49983e+06
3.49983e+06
3.49983e+06
3.49984e+06
3.49984e+06
3.49984e+06
3.49984e+06
3.49984e+06
3.49984e+06
3.49984e+06
3.49984e+06
3.49981e+06
3.49981e+06
3.49981e+06
3.49982e+06
3.49982e+06
3.49982e+06
3.49982e+06
3.49982e+06
3.49982e+06
3.49982e+06
3.49983e+06
3.49983e+06
3.49983e+06
3.49983e+06
3.49983e+06
3.49983e+06
3.49983e+06
3.49984e+06
3.49984e+06
3.49984e+06
3.49984e+06
3.49981e+06
3.49981e+06
3.49981e+06
3.49981e+06
3.49981e+06
3.49981e+06
3.49981e+06
3.49981e+06
3.49982e+06
3.49982e+06
3.49982e+06
3.49982e+06
3.49982e+06
3.49982e+06
3.49983e+06
3.49983e+06
3.49983e+06
3.49983e+06
3.49983e+06
3.49983e+06
3.49983e+06
3.4998e+06
3.4998e+06
3.4998e+06
3.4998e+06
3.4998e+06
3.49981e+06
3.49981e+06
3.49981e+06
3.49981e+06
3.49981e+06
3.49981e+06
3.49982e+06
3.49982e+06
3.49982e+06
3.49982e+06
3.49982e+06
3.49982e+06
3.49983e+06
3.49983e+06
3.49983e+06
3.49983e+06
3.49979e+06
3.49979e+06
3.49979e+06
3.4998e+06
3.4998e+06
3.4998e+06
3.4998e+06
3.4998e+06
3.4998e+06
3.49981e+06
3.49981e+06
3.49981e+06
3.49981e+06
3.49981e+06
3.49981e+06
3.49982e+06
3.49982e+06
3.49982e+06
3.49982e+06
3.49982e+06
3.49982e+06
3.49979e+06
3.49979e+06
3.49979e+06
3.49979e+06
3.49979e+06
3.49979e+06
3.49979e+06
3.4998e+06
3.4998e+06
3.4998e+06
3.4998e+06
3.4998e+06
3.49981e+06
3.49981e+06
3.49981e+06
3.49981e+06
3.49981e+06
3.49981e+06
3.49982e+06
3.49982e+06
3.49982e+06
3.49978e+06
3.49978e+06
3.49978e+06
3.49978e+06
3.49978e+06
3.49979e+06
3.49979e+06
3.49979e+06
3.49979e+06
3.49979e+06
3.4998e+06
3.4998e+06
3.4998e+06
3.4998e+06
3.4998e+06
3.49981e+06
3.49981e+06
3.49981e+06
3.49981e+06
3.49981e+06
3.49981e+06
3.49977e+06
3.49977e+06
3.49977e+06
3.49978e+06
3.49978e+06
3.49978e+06
3.49978e+06
3.49978e+06
3.49979e+06
3.49979e+06
3.49979e+06
3.49979e+06
3.49979e+06
3.4998e+06
3.4998e+06
3.4998e+06
3.4998e+06
3.4998e+06
3.49981e+06
3.49981e+06
3.49981e+06
3.49976e+06
3.49977e+06
3.49977e+06
3.49977e+06
3.49977e+06
3.49977e+06
3.49978e+06
3.49978e+06
3.49978e+06
3.49978e+06
3.49978e+06
3.49979e+06
3.49979e+06
3.49979e+06
3.49979e+06
3.49979e+06
3.4998e+06
3.4998e+06
3.4998e+06
3.4998e+06
3.4998e+06
3.49976e+06
3.49976e+06
3.49976e+06
3.49976e+06
3.49976e+06
3.49977e+06
3.49977e+06
3.49977e+06
3.49977e+06
3.49978e+06
3.49978e+06
3.49978e+06
3.49978e+06
3.49978e+06
3.49979e+06
3.49979e+06
3.49979e+06
3.49979e+06
3.49979e+06
3.4998e+06
3.4998e+06
3.49975e+06
3.49975e+06
3.49975e+06
3.49976e+06
3.49976e+06
3.49976e+06
3.49976e+06
3.49976e+06
3.49977e+06
3.49977e+06
3.49977e+06
3.49977e+06
3.49978e+06
3.49978e+06
3.49978e+06
3.49978e+06
3.49979e+06
3.49979e+06
3.49979e+06
3.49979e+06
3.49979e+06
3.49974e+06
3.49974e+06
3.49975e+06
3.49975e+06
3.49975e+06
3.49975e+06
3.49976e+06
3.49976e+06
3.49976e+06
3.49976e+06
3.49977e+06
3.49977e+06
3.49977e+06
3.49977e+06
3.49978e+06
3.49978e+06
3.49978e+06
3.49978e+06
3.49978e+06
3.49979e+06
3.49979e+06
3.49973e+06
3.49974e+06
3.49974e+06
3.49974e+06
3.49974e+06
3.49975e+06
3.49975e+06
3.49975e+06
3.49975e+06
3.49976e+06
3.49976e+06
3.49976e+06
3.49976e+06
3.49977e+06
3.49977e+06
3.49977e+06
3.49977e+06
3.49978e+06
3.49978e+06
3.49978e+06
3.49978e+06
3.49973e+06
3.49973e+06
3.49973e+06
3.49973e+06
3.49974e+06
3.49974e+06
3.49974e+06
3.49974e+06
3.49975e+06
3.49975e+06
3.49975e+06
3.49976e+06
3.49976e+06
3.49976e+06
3.49976e+06
3.49977e+06
3.49977e+06
3.49977e+06
3.49977e+06
3.49977e+06
3.49978e+06
3.49972e+06
3.49972e+06
3.49972e+06
3.49973e+06
3.49973e+06
3.49973e+06
3.49974e+06
3.49974e+06
3.49974e+06
3.49974e+06
3.49975e+06
3.49975e+06
3.49975e+06
3.49976e+06
3.49976e+06
3.49976e+06
3.49976e+06
3.49977e+06
3.49977e+06
3.49977e+06
3.49977e+06
3.49971e+06
3.49971e+06
3.49972e+06
3.49972e+06
3.49972e+06
3.49973e+06
3.49973e+06
3.49973e+06
3.49973e+06
3.49974e+06
3.49974e+06
3.49974e+06
3.49975e+06
3.49975e+06
3.49975e+06
3.49976e+06
3.49976e+06
3.49976e+06
3.49976e+06
3.49976e+06
3.49977e+06
3.49971e+06
3.49971e+06
3.49971e+06
3.49972e+06
3.49972e+06
3.49972e+06
3.49972e+06
3.49973e+06
3.49973e+06
3.49973e+06
3.49974e+06
3.49974e+06
3.49974e+06
3.49975e+06
3.49975e+06
3.49975e+06
3.49975e+06
3.49976e+06
3.49976e+06
3.49976e+06
3.4997e+06
3.4997e+06
3.4997e+06
3.49971e+06
3.49971e+06
3.49971e+06
3.49972e+06
3.49972e+06
3.49972e+06
3.49973e+06
3.49973e+06
3.49973e+06
3.49974e+06
3.49974e+06
3.49974e+06
3.49975e+06
3.49975e+06
3.49975e+06
3.49975e+06
3.49976e+06
3.49969e+06
3.4997e+06
3.4997e+06
3.4997e+06
3.49971e+06
3.49971e+06
3.49971e+06
3.49972e+06
3.49972e+06
3.49973e+06
3.49973e+06
3.49973e+06
3.49974e+06
3.49974e+06
3.49974e+06
3.49974e+06
3.49975e+06
3.49975e+06
3.49975e+06
3.49969e+06
3.49969e+06
3.49969e+06
3.4997e+06
3.4997e+06
3.4997e+06
3.49971e+06
3.49971e+06
3.49972e+06
3.49972e+06
3.49972e+06
3.49973e+06
3.49973e+06
3.49973e+06
3.49974e+06
3.49974e+06
3.49974e+06
3.49974e+06
3.49975e+06
3.49968e+06
3.49968e+06
3.49969e+06
3.49969e+06
3.49969e+06
3.4997e+06
3.4997e+06
3.49971e+06
3.49971e+06
3.49971e+06
3.49972e+06
3.49972e+06
3.49972e+06
3.49973e+06
3.49973e+06
3.49973e+06
3.49974e+06
3.49974e+06
3.49974e+06
3.49967e+06
3.49967e+06
3.49968e+06
3.49968e+06
3.49969e+06
3.49969e+06
3.49969e+06
3.4997e+06
3.4997e+06
3.49971e+06
3.49971e+06
3.49971e+06
3.49972e+06
3.49972e+06
3.49972e+06
3.49973e+06
3.49973e+06
3.49973e+06
3.49973e+06
3.49966e+06
3.49967e+06
3.49967e+06
3.49967e+06
3.49968e+06
3.49968e+06
3.49969e+06
3.49969e+06
3.4997e+06
3.4997e+06
3.4997e+06
3.49971e+06
3.49971e+06
3.49972e+06
3.49972e+06
3.49972e+06
3.49972e+06
3.49973e+06
3.49973e+06
3.49965e+06
3.49966e+06
3.49966e+06
3.49967e+06
3.49967e+06
3.49968e+06
3.49968e+06
3.49969e+06
3.49969e+06
3.49969e+06
3.4997e+06
3.4997e+06
3.49971e+06
3.49971e+06
3.49971e+06
3.49972e+06
3.49972e+06
3.49972e+06
3.49972e+06
3.49964e+06
3.49965e+06
3.49965e+06
3.49966e+06
3.49966e+06
3.49967e+06
3.49967e+06
3.49968e+06
3.49968e+06
3.49969e+06
3.49969e+06
3.4997e+06
3.4997e+06
3.4997e+06
3.49971e+06
3.49971e+06
3.49971e+06
3.49972e+06
3.49972e+06
3.49964e+06
3.49964e+06
3.49965e+06
3.49965e+06
3.49966e+06
3.49966e+06
3.49967e+06
3.49967e+06
3.49968e+06
3.49968e+06
3.49969e+06
3.49969e+06
3.49969e+06
3.4997e+06
3.4997e+06
3.49971e+06
3.49971e+06
3.49971e+06
3.49971e+06
3.49963e+06
3.49963e+06
3.49964e+06
3.49964e+06
3.49965e+06
3.49965e+06
3.49966e+06
3.49966e+06
3.49967e+06
3.49967e+06
3.49968e+06
3.49968e+06
3.49969e+06
3.49969e+06
3.4997e+06
3.4997e+06
3.4997e+06
3.49971e+06
3.49971e+06
3.49962e+06
3.49962e+06
3.49963e+06
3.49964e+06
3.49964e+06
3.49965e+06
3.49965e+06
3.49966e+06
3.49966e+06
3.49967e+06
3.49967e+06
3.49968e+06
3.49968e+06
3.49969e+06
3.49969e+06
3.49969e+06
3.4997e+06
3.4997e+06
3.4997e+06
3.49961e+06
3.49962e+06
3.49962e+06
3.49963e+06
3.49963e+06
3.49964e+06
3.49965e+06
3.49965e+06
3.49966e+06
3.49966e+06
3.49967e+06
3.49967e+06
3.49968e+06
3.49968e+06
3.49968e+06
3.49969e+06
3.49969e+06
3.4997e+06
3.4997e+06
3.4996e+06
3.49961e+06
3.49961e+06
3.49962e+06
3.49963e+06
3.49963e+06
3.49964e+06
3.49964e+06
3.49965e+06
3.49966e+06
3.49966e+06
3.49967e+06
3.49967e+06
3.49968e+06
3.49968e+06
3.49968e+06
3.49969e+06
3.49969e+06
3.49969e+06
3.49959e+06
3.4996e+06
3.4996e+06
3.49961e+06
3.49962e+06
3.49962e+06
3.49963e+06
3.49964e+06
3.49964e+06
3.49965e+06
3.49965e+06
3.49966e+06
3.49966e+06
3.49967e+06
3.49967e+06
3.49968e+06
3.49968e+06
3.49968e+06
3.49969e+06
3.49958e+06
3.49959e+06
3.4996e+06
3.4996e+06
3.49961e+06
3.49962e+06
3.49962e+06
3.49963e+06
3.49964e+06
3.49964e+06
3.49965e+06
3.49965e+06
3.49966e+06
3.49966e+06
3.49967e+06
3.49967e+06
3.49968e+06
3.49968e+06
3.49968e+06
3.49957e+06
3.49958e+06
3.49959e+06
3.49959e+06
3.4996e+06
3.49961e+06
3.49962e+06
3.49962e+06
3.49963e+06
3.49964e+06
3.49964e+06
3.49965e+06
3.49965e+06
3.49966e+06
3.49966e+06
3.49967e+06
3.49967e+06
3.49967e+06
3.49968e+06
3.49956e+06
3.49957e+06
3.49958e+06
3.49959e+06
3.49959e+06
3.4996e+06
3.49961e+06
3.49962e+06
3.49962e+06
3.49963e+06
3.49964e+06
3.49964e+06
3.49965e+06
3.49965e+06
3.49966e+06
3.49966e+06
3.49967e+06
3.49967e+06
3.49967e+06
3.49955e+06
3.49956e+06
3.49957e+06
3.49958e+06
3.49959e+06
3.49959e+06
3.4996e+06
3.49961e+06
3.49962e+06
3.49962e+06
3.49963e+06
3.49964e+06
3.49964e+06
3.49965e+06
3.49965e+06
3.49966e+06
3.49966e+06
3.49966e+06
3.49967e+06
3.49954e+06
3.49955e+06
3.49956e+06
3.49957e+06
3.49958e+06
3.49959e+06
3.49959e+06
3.4996e+06
3.49961e+06
3.49962e+06
3.49962e+06
3.49963e+06
3.49963e+06
3.49964e+06
3.49965e+06
3.49965e+06
3.49965e+06
3.49966e+06
3.49966e+06
3.49953e+06
3.49954e+06
3.49955e+06
3.49956e+06
3.49957e+06
3.49958e+06
3.49959e+06
3.49959e+06
3.4996e+06
3.49961e+06
3.49962e+06
3.49962e+06
3.49963e+06
3.49963e+06
3.49964e+06
3.49965e+06
3.49965e+06
3.49965e+06
3.49966e+06
3.49952e+06
3.49953e+06
3.49954e+06
3.49955e+06
3.49956e+06
3.49957e+06
3.49958e+06
3.49959e+06
3.49959e+06
3.4996e+06
3.49961e+06
3.49962e+06
3.49962e+06
3.49963e+06
3.49963e+06
3.49964e+06
3.49964e+06
3.49965e+06
3.49965e+06
3.49951e+06
3.49952e+06
3.49953e+06
3.49954e+06
3.49955e+06
3.49956e+06
3.49957e+06
3.49958e+06
3.49959e+06
3.4996e+06
3.4996e+06
3.49961e+06
3.49962e+06
3.49962e+06
3.49963e+06
3.49963e+06
3.49964e+06
3.49964e+06
3.49965e+06
3.4995e+06
3.49951e+06
3.49952e+06
3.49953e+06
3.49954e+06
3.49955e+06
3.49956e+06
3.49957e+06
3.49958e+06
3.49959e+06
3.4996e+06
3.4996e+06
3.49961e+06
3.49962e+06
3.49962e+06
3.49963e+06
3.49963e+06
3.49964e+06
3.49964e+06
3.49949e+06
3.4995e+06
3.49951e+06
3.49953e+06
3.49954e+06
3.49955e+06
3.49956e+06
3.49956e+06
3.49957e+06
3.49958e+06
3.49959e+06
3.4996e+06
3.49961e+06
3.49961e+06
3.49962e+06
3.49962e+06
3.49963e+06
3.49963e+06
3.49964e+06
3.49948e+06
3.49949e+06
3.49951e+06
3.49952e+06
3.49953e+06
3.49954e+06
3.49955e+06
3.49956e+06
3.49957e+06
3.49958e+06
3.49958e+06
3.49959e+06
3.4996e+06
3.49961e+06
3.49961e+06
3.49962e+06
3.49962e+06
3.49963e+06
3.49963e+06
3.49947e+06
3.49948e+06
3.4995e+06
3.49951e+06
3.49952e+06
3.49953e+06
3.49954e+06
3.49955e+06
3.49956e+06
3.49957e+06
3.49958e+06
3.49959e+06
3.49959e+06
3.4996e+06
3.49961e+06
3.49961e+06
3.49962e+06
3.49962e+06
3.49963e+06
3.49946e+06
3.49947e+06
3.49949e+06
3.4995e+06
3.49951e+06
3.49952e+06
3.49953e+06
3.49954e+06
3.49955e+06
3.49956e+06
3.49957e+06
3.49958e+06
3.49959e+06
3.49959e+06
3.4996e+06
3.49961e+06
3.49961e+06
3.49962e+06
3.49962e+06
3.49945e+06
3.49946e+06
3.49948e+06
3.49949e+06
3.4995e+06
3.49951e+06
3.49952e+06
3.49953e+06
3.49955e+06
3.49956e+06
3.49956e+06
3.49957e+06
3.49958e+06
3.49959e+06
3.4996e+06
3.4996e+06
3.49961e+06
3.49961e+06
3.49962e+06
3.49944e+06
3.49945e+06
3.49947e+06
3.49948e+06
3.49949e+06
3.4995e+06
3.49952e+06
3.49953e+06
3.49954e+06
3.49955e+06
3.49956e+06
3.49957e+06
3.49958e+06
3.49958e+06
3.49959e+06
3.4996e+06
3.4996e+06
3.49961e+06
3.49961e+06
3.49943e+06
3.49944e+06
3.49946e+06
3.49947e+06
3.49948e+06
3.4995e+06
3.49951e+06
3.49952e+06
3.49953e+06
3.49954e+06
3.49955e+06
3.49956e+06
3.49957e+06
3.49958e+06
3.49959e+06
3.49959e+06
3.4996e+06
3.4996e+06
3.49961e+06
3.49942e+06
3.49943e+06
3.49945e+06
3.49946e+06
3.49947e+06
3.49949e+06
3.4995e+06
3.49951e+06
3.49952e+06
3.49954e+06
3.49955e+06
3.49956e+06
3.49956e+06
3.49957e+06
3.49958e+06
3.49959e+06
3.49959e+06
3.4996e+06
3.4996e+06
3.4994e+06
3.49942e+06
3.49944e+06
3.49945e+06
3.49946e+06
3.49948e+06
3.49949e+06
3.4995e+06
3.49952e+06
3.49953e+06
3.49954e+06
3.49955e+06
3.49956e+06
3.49957e+06
3.49957e+06
3.49958e+06
3.49959e+06
3.49959e+06
3.4996e+06
3.49939e+06
3.49941e+06
3.49942e+06
3.49944e+06
3.49945e+06
3.49947e+06
3.49948e+06
3.4995e+06
3.49951e+06
3.49952e+06
3.49953e+06
3.49954e+06
3.49955e+06
3.49956e+06
3.49957e+06
3.49958e+06
3.49958e+06
3.49959e+06
3.49959e+06
3.49938e+06
3.4994e+06
3.49941e+06
3.49943e+06
3.49945e+06
3.49946e+06
3.49947e+06
3.49949e+06
3.4995e+06
3.49951e+06
3.49953e+06
3.49954e+06
3.49955e+06
3.49956e+06
3.49956e+06
3.49957e+06
3.49958e+06
3.49958e+06
3.49959e+06
3.49937e+06
3.49939e+06
3.4994e+06
3.49942e+06
3.49944e+06
3.49945e+06
3.49947e+06
3.49948e+06
3.49949e+06
3.49951e+06
3.49952e+06
3.49953e+06
3.49954e+06
3.49955e+06
3.49956e+06
3.49957e+06
3.49957e+06
3.49958e+06
3.49958e+06
3.49936e+06
3.49937e+06
3.49939e+06
3.49941e+06
3.49943e+06
3.49944e+06
3.49946e+06
3.49947e+06
3.49949e+06
3.4995e+06
3.49934e+06
3.49936e+06
3.49938e+06
3.4994e+06
3.49942e+06
3.49943e+06
3.49945e+06
3.5e+06
3.5e+06
3.5e+06
3.5e+06
3.5e+06
3.5e+06
3.5e+06
3.5e+06
3.5e+06
3.5e+06
3.5e+06
3.5e+06
3.5e+06
3.5e+06
3.5e+06
3.5e+06
3.5e+06
3.5e+06
3.5e+06
3.5e+06
3.5e+06
3.49999e+06
3.49999e+06
3.49999e+06
3.49999e+06
3.49999e+06
3.49999e+06
3.49999e+06
3.49999e+06
3.49999e+06
3.49999e+06
3.49999e+06
3.49999e+06
3.5e+06
3.5e+06
3.5e+06
3.5e+06
3.5e+06
3.5e+06
3.5e+06
3.5e+06
3.5e+06
3.49999e+06
3.49999e+06
3.49999e+06
3.49999e+06
3.49999e+06
3.49999e+06
3.49999e+06
3.49999e+06
3.49999e+06
3.49999e+06
3.49999e+06
3.49999e+06
3.49999e+06
3.49999e+06
3.49999e+06
3.49999e+06
3.49999e+06
3.49999e+06
3.49999e+06
3.49999e+06
3.49999e+06
3.49998e+06
3.49998e+06
3.49998e+06
3.49998e+06
3.49998e+06
3.49998e+06
3.49998e+06
3.49998e+06
3.49998e+06
3.49998e+06
3.49998e+06
3.49998e+06
3.49998e+06
3.49998e+06
3.49998e+06
3.49998e+06
3.49998e+06
3.49998e+06
3.49998e+06
3.49999e+06
3.49999e+06
3.49997e+06
3.49997e+06
3.49997e+06
3.49998e+06
3.49998e+06
3.49998e+06
3.49998e+06
3.49998e+06
3.49998e+06
3.49998e+06
3.49998e+06
3.49998e+06
3.49998e+06
3.49998e+06
3.49998e+06
3.49998e+06
3.49998e+06
3.49998e+06
3.49998e+06
3.49998e+06
3.49998e+06
3.49997e+06
3.49997e+06
3.49997e+06
3.49997e+06
3.49997e+06
3.49997e+06
3.49997e+06
3.49997e+06
3.49997e+06
3.49997e+06
3.49997e+06
3.49997e+06
3.49997e+06
3.49997e+06
3.49997e+06
3.49997e+06
3.49997e+06
3.49997e+06
3.49997e+06
3.49997e+06
3.49997e+06
3.49996e+06
3.49996e+06
3.49996e+06
3.49996e+06
3.49996e+06
3.49996e+06
3.49997e+06
3.49997e+06
3.49997e+06
3.49997e+06
3.49997e+06
3.49997e+06
3.49997e+06
3.49997e+06
3.49997e+06
3.49997e+06
3.49997e+06
3.49997e+06
3.49997e+06
3.49997e+06
3.49997e+06
3.49996e+06
3.49996e+06
3.49996e+06
3.49996e+06
3.49996e+06
3.49996e+06
3.49996e+06
3.49996e+06
3.49996e+06
3.49996e+06
3.49996e+06
3.49996e+06
3.49996e+06
3.49996e+06
3.49996e+06
3.49996e+06
3.49996e+06
3.49996e+06
3.49996e+06
3.49996e+06
3.49996e+06
3.49995e+06
3.49995e+06
3.49995e+06
3.49995e+06
3.49995e+06
3.49995e+06
3.49995e+06
3.49995e+06
3.49995e+06
3.49996e+06
3.49996e+06
3.49996e+06
3.49996e+06
3.49996e+06
3.49996e+06
3.49996e+06
3.49996e+06
3.49996e+06
3.49996e+06
3.49996e+06
3.49996e+06
3.49995e+06
3.49995e+06
3.49995e+06
3.49995e+06
3.49995e+06
3.49995e+06
3.49995e+06
3.49995e+06
3.49995e+06
3.49995e+06
3.49995e+06
3.49995e+06
3.49995e+06
3.49995e+06
3.49995e+06
3.49995e+06
3.49995e+06
3.49995e+06
3.49995e+06
3.49995e+06
3.49995e+06
3.49994e+06
3.49994e+06
3.49994e+06
3.49994e+06
3.49994e+06
3.49994e+06
3.49994e+06
3.49994e+06
3.49994e+06
3.49994e+06
3.49994e+06
3.49994e+06
3.49995e+06
3.49995e+06
3.49995e+06
3.49995e+06
3.49995e+06
3.49995e+06
3.49995e+06
3.49995e+06
3.49995e+06
3.49993e+06
3.49993e+06
3.49994e+06
3.49994e+06
3.49994e+06
3.49994e+06
3.49994e+06
3.49994e+06
3.49994e+06
3.49994e+06
3.49994e+06
3.49994e+06
3.49994e+06
3.49994e+06
3.49994e+06
3.49994e+06
3.49994e+06
3.49994e+06
3.49994e+06
3.49994e+06
3.49994e+06
3.49993e+06
3.49993e+06
3.49993e+06
3.49993e+06
3.49993e+06
3.49993e+06
3.49993e+06
3.49993e+06
3.49993e+06
3.49993e+06
3.49993e+06
3.49993e+06
3.49993e+06
3.49994e+06
3.49994e+06
3.49994e+06
3.49994e+06
3.49994e+06
3.49994e+06
3.49994e+06
3.49994e+06
3.49992e+06
3.49992e+06
3.49992e+06
3.49992e+06
3.49992e+06
3.49993e+06
3.49993e+06
3.49993e+06
3.49993e+06
3.49993e+06
3.49993e+06
3.49993e+06
3.49993e+06
3.49993e+06
3.49993e+06
3.49993e+06
3.49993e+06
3.49993e+06
3.49993e+06
3.49993e+06
3.49993e+06
3.49992e+06
3.49992e+06
3.49992e+06
3.49992e+06
3.49992e+06
3.49992e+06
3.49992e+06
3.49992e+06
3.49992e+06
3.49992e+06
3.49992e+06
3.49992e+06
3.49992e+06
3.49992e+06
3.49992e+06
3.49993e+06
3.49993e+06
3.49993e+06
3.49993e+06
3.49993e+06
3.49993e+06
3.49991e+06
3.49991e+06
3.49991e+06
3.49991e+06
3.49991e+06
3.49991e+06
3.49991e+06
3.49991e+06
3.49992e+06
3.49992e+06
3.49992e+06
3.49992e+06
3.49992e+06
3.49992e+06
3.49992e+06
3.49992e+06
3.49992e+06
3.49992e+06
3.49992e+06
3.49992e+06
3.49992e+06
3.49991e+06
3.49991e+06
3.49991e+06
3.49991e+06
3.49991e+06
3.49991e+06
3.49991e+06
3.49991e+06
3.49991e+06
3.49991e+06
3.49991e+06
3.49991e+06
3.49991e+06
3.49991e+06
3.49991e+06
3.49991e+06
3.49992e+06
3.49992e+06
3.49992e+06
3.49992e+06
3.49992e+06
3.4999e+06
3.4999e+06
3.4999e+06
3.4999e+06
3.4999e+06
3.4999e+06
3.4999e+06
3.4999e+06
3.4999e+06
3.4999e+06
3.49991e+06
3.49991e+06
3.49991e+06
3.49991e+06
3.49991e+06
3.49991e+06
3.49991e+06
3.49991e+06
3.49991e+06
3.49991e+06
3.49991e+06
3.49989e+06
3.49989e+06
3.49989e+06
3.4999e+06
3.4999e+06
3.4999e+06
3.4999e+06
3.4999e+06
3.4999e+06
3.4999e+06
3.4999e+06
3.4999e+06
3.4999e+06
3.4999e+06
3.4999e+06
3.4999e+06
3.4999e+06
3.49991e+06
3.49991e+06
3.49991e+06
3.49991e+06
3.49989e+06
3.49989e+06
3.49989e+06
3.49989e+06
3.49989e+06
3.49989e+06
3.49989e+06
3.49989e+06
3.49989e+06
3.49989e+06
3.49989e+06
3.4999e+06
3.4999e+06
3.4999e+06
3.4999e+06
3.4999e+06
3.4999e+06
3.4999e+06
3.4999e+06
3.4999e+06
3.4999e+06
3.49988e+06
3.49988e+06
3.49988e+06
3.49988e+06
3.49988e+06
3.49988e+06
3.49989e+06
3.49989e+06
3.49989e+06
3.49989e+06
3.49989e+06
3.49989e+06
3.49989e+06
3.49989e+06
3.49989e+06
3.49989e+06
3.49989e+06
3.49989e+06
3.4999e+06
3.4999e+06
3.4999e+06
3.49988e+06
3.49988e+06
3.49988e+06
3.49988e+06
3.49988e+06
3.49988e+06
3.49988e+06
3.49988e+06
3.49988e+06
3.49988e+06
3.49988e+06
3.49988e+06
3.49988e+06
3.49989e+06
3.49989e+06
3.49989e+06
3.49989e+06
3.49989e+06
3.49989e+06
3.49989e+06
3.49989e+06
3.49987e+06
3.49987e+06
3.49987e+06
3.49987e+06
3.49987e+06
3.49987e+06
3.49987e+06
3.49987e+06
3.49988e+06
3.49988e+06
3.49988e+06
3.49988e+06
3.49988e+06
3.49988e+06
3.49988e+06
3.49988e+06
3.49988e+06
3.49988e+06
3.49988e+06
3.49989e+06
3.49989e+06
3.49986e+06
3.49986e+06
3.49986e+06
3.49987e+06
3.49987e+06
3.49987e+06
3.49987e+06
3.49987e+06
3.49987e+06
3.49987e+06
3.49987e+06
3.49987e+06
3.49987e+06
3.49987e+06
3.49988e+06
3.49988e+06
3.49988e+06
3.49988e+06
3.49988e+06
3.49988e+06
3.49988e+06
3.49986e+06
3.49986e+06
3.49986e+06
3.49986e+06
3.49986e+06
3.49986e+06
3.49986e+06
3.49986e+06
3.49986e+06
3.49986e+06
3.49987e+06
3.49987e+06
3.49987e+06
3.49987e+06
3.49987e+06
3.49987e+06
3.49987e+06
3.49987e+06
3.49987e+06
3.49988e+06
3.49988e+06
3.49985e+06
3.49985e+06
3.49985e+06
3.49985e+06
3.49985e+06
3.49985e+06
3.49986e+06
3.49986e+06
3.49986e+06
3.49986e+06
3.49986e+06
3.49986e+06
3.49986e+06
3.49986e+06
3.49986e+06
3.49987e+06
3.49987e+06
3.49987e+06
3.49987e+06
3.49987e+06
3.49987e+06
3.49984e+06
3.49985e+06
3.49985e+06
3.49985e+06
3.49985e+06
3.49985e+06
3.49985e+06
3.49985e+06
3.49985e+06
3.49985e+06
3.49985e+06
3.49986e+06
3.49986e+06
3.49986e+06
3.49986e+06
3.49986e+06
3.49986e+06
3.49986e+06
3.49986e+06
3.49986e+06
3.49987e+06
3.49984e+06
3.49984e+06
3.49984e+06
3.49984e+06
3.49984e+06
3.49984e+06
3.49984e+06
3.49985e+06
3.49985e+06
3.49985e+06
3.49985e+06
3.49985e+06
3.49985e+06
3.49985e+06
3.49985e+06
3.49985e+06
3.49986e+06
3.49986e+06
3.49986e+06
3.49986e+06
3.49986e+06
3.49983e+06
3.49983e+06
3.49983e+06
3.49983e+06
3.49984e+06
3.49984e+06
3.49984e+06
3.49984e+06
3.49984e+06
3.49984e+06
3.49984e+06
3.49984e+06
3.49985e+06
3.49985e+06
3.49985e+06
3.49985e+06
3.49985e+06
3.49985e+06
3.49985e+06
3.49985e+06
3.49985e+06
3.49983e+06
3.49983e+06
3.49983e+06
3.49983e+06
3.49983e+06
3.49983e+06
3.49983e+06
3.49983e+06
3.49983e+06
3.49984e+06
3.49984e+06
3.49984e+06
3.49984e+06
3.49984e+06
3.49984e+06
3.49984e+06
3.49985e+06
3.49985e+06
3.49985e+06
3.49985e+06
3.49985e+06
3.49982e+06
3.49982e+06
3.49982e+06
3.49982e+06
3.49982e+06
3.49982e+06
3.49983e+06
3.49983e+06
3.49983e+06
3.49983e+06
3.49983e+06
3.49983e+06
3.49983e+06
3.49984e+06
3.49984e+06
3.49984e+06
3.49984e+06
3.49984e+06
3.49984e+06
3.49984e+06
3.49984e+06
3.49981e+06
3.49981e+06
3.49981e+06
3.49982e+06
3.49982e+06
3.49982e+06
3.49982e+06
3.49982e+06
3.49982e+06
3.49982e+06
3.49983e+06
3.49983e+06
3.49983e+06
3.49983e+06
3.49983e+06
3.49983e+06
3.49983e+06
3.49984e+06
3.49984e+06
3.49984e+06
3.49984e+06
3.49981e+06
3.49981e+06
3.49981e+06
3.49981e+06
3.49981e+06
3.49981e+06
3.49981e+06
3.49981e+06
3.49982e+06
3.49982e+06
3.49982e+06
3.49982e+06
3.49982e+06
3.49982e+06
3.49983e+06
3.49983e+06
3.49983e+06
3.49983e+06
3.49983e+06
3.49983e+06
3.49983e+06
3.4998e+06
3.4998e+06
3.4998e+06
3.4998e+06
3.4998e+06
3.49981e+06
3.49981e+06
3.49981e+06
3.49981e+06
3.49981e+06
3.49981e+06
3.49982e+06
3.49982e+06
3.49982e+06
3.49982e+06
3.49982e+06
3.49982e+06
3.49983e+06
3.49983e+06
3.49983e+06
3.49983e+06
3.49979e+06
3.49979e+06
3.49979e+06
3.4998e+06
3.4998e+06
3.4998e+06
3.4998e+06
3.4998e+06
3.4998e+06
3.49981e+06
3.49981e+06
3.49981e+06
3.49981e+06
3.49981e+06
3.49981e+06
3.49982e+06
3.49982e+06
3.49982e+06
3.49982e+06
3.49982e+06
3.49982e+06
3.49979e+06
3.49979e+06
3.49979e+06
3.49979e+06
3.49979e+06
3.49979e+06
3.49979e+06
3.4998e+06
3.4998e+06
3.4998e+06
3.4998e+06
3.4998e+06
3.49981e+06
3.49981e+06
3.49981e+06
3.49981e+06
3.49981e+06
3.49981e+06
3.49982e+06
3.49982e+06
3.49982e+06
3.49978e+06
3.49978e+06
3.49978e+06
3.49978e+06
3.49978e+06
3.49979e+06
3.49979e+06
3.49979e+06
3.49979e+06
3.49979e+06
3.4998e+06
3.4998e+06
3.4998e+06
3.4998e+06
3.4998e+06
3.49981e+06
3.49981e+06
3.49981e+06
3.49981e+06
3.49981e+06
3.49981e+06
3.49977e+06
3.49977e+06
3.49977e+06
3.49978e+06
3.49978e+06
3.49978e+06
3.49978e+06
3.49978e+06
3.49979e+06
3.49979e+06
3.49979e+06
3.49979e+06
3.49979e+06
3.4998e+06
3.4998e+06
3.4998e+06
3.4998e+06
3.4998e+06
3.49981e+06
3.49981e+06
3.49981e+06
3.49976e+06
3.49977e+06
3.49977e+06
3.49977e+06
3.49977e+06
3.49977e+06
3.49978e+06
3.49978e+06
3.49978e+06
3.49978e+06
3.49978e+06
3.49979e+06
3.49979e+06
3.49979e+06
3.49979e+06
3.49979e+06
3.4998e+06
3.4998e+06
3.4998e+06
3.4998e+06
3.4998e+06
3.49976e+06
3.49976e+06
3.49976e+06
3.49976e+06
3.49976e+06
3.49977e+06
3.49977e+06
3.49977e+06
3.49977e+06
3.49978e+06
3.49978e+06
3.49978e+06
3.49978e+06
3.49978e+06
3.49979e+06
3.49979e+06
3.49979e+06
3.49979e+06
3.49979e+06
3.4998e+06
3.4998e+06
3.49975e+06
3.49975e+06
3.49975e+06
3.49976e+06
3.49976e+06
3.49976e+06
3.49976e+06
3.49976e+06
3.49977e+06
3.49977e+06
3.49977e+06
3.49977e+06
3.49978e+06
3.49978e+06
3.49978e+06
3.49978e+06
3.49979e+06
3.49979e+06
3.49979e+06
3.49979e+06
3.49979e+06
3.49974e+06
3.49974e+06
3.49975e+06
3.49975e+06
3.49975e+06
3.49975e+06
3.49976e+06
3.49976e+06
3.49976e+06
3.49976e+06
3.49977e+06
3.49977e+06
3.49977e+06
3.49977e+06
3.49978e+06
3.49978e+06
3.49978e+06
3.49978e+06
3.49978e+06
3.49979e+06
3.49979e+06
3.49973e+06
3.49974e+06
3.49974e+06
3.49974e+06
3.49974e+06
3.49975e+06
3.49975e+06
3.49975e+06
3.49975e+06
3.49976e+06
3.49976e+06
3.49976e+06
3.49976e+06
3.49977e+06
3.49977e+06
3.49977e+06
3.49977e+06
3.49978e+06
3.49978e+06
3.49978e+06
3.49978e+06
3.49973e+06
3.49973e+06
3.49973e+06
3.49973e+06
3.49974e+06
3.49974e+06
3.49974e+06
3.49974e+06
3.49975e+06
3.49975e+06
3.49975e+06
3.49976e+06
3.49976e+06
3.49976e+06
3.49976e+06
3.49977e+06
3.49977e+06
3.49977e+06
3.49977e+06
3.49977e+06
3.49978e+06
3.49972e+06
3.49972e+06
3.49972e+06
3.49973e+06
3.49973e+06
3.49973e+06
3.49974e+06
3.49974e+06
3.49974e+06
3.49974e+06
3.49975e+06
3.49975e+06
3.49975e+06
3.49976e+06
3.49976e+06
3.49976e+06
3.49976e+06
3.49977e+06
3.49977e+06
3.49977e+06
3.49977e+06
3.49971e+06
3.49971e+06
3.49972e+06
3.49972e+06
3.49972e+06
3.49973e+06
3.49973e+06
3.49973e+06
3.49973e+06
3.49974e+06
3.49974e+06
3.49974e+06
3.49975e+06
3.49975e+06
3.49975e+06
3.49976e+06
3.49976e+06
3.49976e+06
3.49976e+06
3.49976e+06
3.49977e+06
3.49971e+06
3.49971e+06
3.49971e+06
3.49972e+06
3.49972e+06
3.49972e+06
3.49972e+06
3.49973e+06
3.49973e+06
3.49973e+06
3.49974e+06
3.49974e+06
3.49974e+06
3.49975e+06
3.49975e+06
3.49975e+06
3.49975e+06
3.49976e+06
3.49976e+06
3.49976e+06
3.4997e+06
3.4997e+06
3.4997e+06
3.49971e+06
3.49971e+06
3.49971e+06
3.49972e+06
3.49972e+06
3.49972e+06
3.49973e+06
3.49973e+06
3.49973e+06
3.49974e+06
3.49974e+06
3.49974e+06
3.49975e+06
3.49975e+06
3.49975e+06
3.49975e+06
3.49976e+06
3.49969e+06
3.4997e+06
3.4997e+06
3.4997e+06
3.49971e+06
3.49971e+06
3.49971e+06
3.49972e+06
3.49972e+06
3.49973e+06
3.49973e+06
3.49973e+06
3.49974e+06
3.49974e+06
3.49974e+06
3.49974e+06
3.49975e+06
3.49975e+06
3.49975e+06
3.49969e+06
3.49969e+06
3.49969e+06
3.4997e+06
3.4997e+06
3.4997e+06
3.49971e+06
3.49971e+06
3.49972e+06
3.49972e+06
3.49972e+06
3.49973e+06
3.49973e+06
3.49973e+06
3.49974e+06
3.49974e+06
3.49974e+06
3.49974e+06
3.49975e+06
3.49968e+06
3.49968e+06
3.49969e+06
3.49969e+06
3.49969e+06
3.4997e+06
3.4997e+06
3.49971e+06
3.49971e+06
3.49971e+06
3.49972e+06
3.49972e+06
3.49972e+06
3.49973e+06
3.49973e+06
3.49973e+06
3.49974e+06
3.49974e+06
3.49974e+06
3.49967e+06
3.49967e+06
3.49968e+06
3.49968e+06
3.49969e+06
3.49969e+06
3.49969e+06
3.4997e+06
3.4997e+06
3.49971e+06
3.49971e+06
3.49971e+06
3.49972e+06
3.49972e+06
3.49972e+06
3.49973e+06
3.49973e+06
3.49973e+06
3.49973e+06
3.49966e+06
3.49967e+06
3.49967e+06
3.49967e+06
3.49968e+06
3.49968e+06
3.49969e+06
3.49969e+06
3.4997e+06
3.4997e+06
3.4997e+06
3.49971e+06
3.49971e+06
3.49972e+06
3.49972e+06
3.49972e+06
3.49972e+06
3.49973e+06
3.49973e+06
3.49965e+06
3.49966e+06
3.49966e+06
3.49967e+06
3.49967e+06
3.49968e+06
3.49968e+06
3.49969e+06
3.49969e+06
3.49969e+06
3.4997e+06
3.4997e+06
3.49971e+06
3.49971e+06
3.49971e+06
3.49972e+06
3.49972e+06
3.49972e+06
3.49972e+06
3.49964e+06
3.49965e+06
3.49965e+06
3.49966e+06
3.49966e+06
3.49967e+06
3.49967e+06
3.49968e+06
3.49968e+06
3.49969e+06
3.49969e+06
3.4997e+06
3.4997e+06
3.4997e+06
3.49971e+06
3.49971e+06
3.49971e+06
3.49972e+06
3.49972e+06
3.49964e+06
3.49964e+06
3.49965e+06
3.49965e+06
3.49966e+06
3.49966e+06
3.49967e+06
3.49967e+06
3.49968e+06
3.49968e+06
3.49969e+06
3.49969e+06
3.49969e+06
3.4997e+06
3.4997e+06
3.49971e+06
3.49971e+06
3.49971e+06
3.49971e+06
3.49963e+06
3.49963e+06
3.49964e+06
3.49964e+06
3.49965e+06
3.49965e+06
3.49966e+06
3.49966e+06
3.49967e+06
3.49967e+06
3.49968e+06
3.49968e+06
3.49969e+06
3.49969e+06
3.4997e+06
3.4997e+06
3.4997e+06
3.49971e+06
3.49971e+06
3.49962e+06
3.49962e+06
3.49963e+06
3.49964e+06
3.49964e+06
3.49965e+06
3.49965e+06
3.49966e+06
3.49966e+06
3.49967e+06
3.49967e+06
3.49968e+06
3.49968e+06
3.49969e+06
3.49969e+06
3.49969e+06
3.4997e+06
3.4997e+06
3.4997e+06
3.49961e+06
3.49962e+06
3.49962e+06
3.49963e+06
3.49963e+06
3.49964e+06
3.49965e+06
3.49965e+06
3.49966e+06
3.49966e+06
3.49967e+06
3.49967e+06
3.49968e+06
3.49968e+06
3.49968e+06
3.49969e+06
3.49969e+06
3.4997e+06
3.4997e+06
3.4996e+06
3.49961e+06
3.49961e+06
3.49962e+06
3.49963e+06
3.49963e+06
3.49964e+06
3.49964e+06
3.49965e+06
3.49966e+06
3.49966e+06
3.49967e+06
3.49967e+06
3.49968e+06
3.49968e+06
3.49968e+06
3.49969e+06
3.49969e+06
3.49969e+06
3.49959e+06
3.4996e+06
3.4996e+06
3.49961e+06
3.49962e+06
3.49962e+06
3.49963e+06
3.49964e+06
3.49964e+06
3.49965e+06
3.49965e+06
3.49966e+06
3.49966e+06
3.49967e+06
3.49967e+06
3.49968e+06
3.49968e+06
3.49968e+06
3.49969e+06
3.49958e+06
3.49959e+06
3.4996e+06
3.4996e+06
3.49961e+06
3.49962e+06
3.49962e+06
3.49963e+06
3.49964e+06
3.49964e+06
3.49965e+06
3.49965e+06
3.49966e+06
3.49966e+06
3.49967e+06
3.49967e+06
3.49968e+06
3.49968e+06
3.49968e+06
3.49957e+06
3.49958e+06
3.49959e+06
3.49959e+06
3.4996e+06
3.49961e+06
3.49962e+06
3.49962e+06
3.49963e+06
3.49964e+06
3.49964e+06
3.49965e+06
3.49965e+06
3.49966e+06
3.49966e+06
3.49967e+06
3.49967e+06
3.49967e+06
3.49968e+06
3.49956e+06
3.49957e+06
3.49958e+06
3.49959e+06
3.49959e+06
3.4996e+06
3.49961e+06
3.49962e+06
3.49962e+06
3.49963e+06
3.49964e+06
3.49964e+06
3.49965e+06
3.49965e+06
3.49966e+06
3.49966e+06
3.49967e+06
3.49967e+06
3.49967e+06
3.49955e+06
3.49956e+06
3.49957e+06
3.49958e+06
3.49959e+06
3.49959e+06
3.4996e+06
3.49961e+06
3.49962e+06
3.49962e+06
3.49963e+06
3.49964e+06
3.49964e+06
3.49965e+06
3.49965e+06
3.49966e+06
3.49966e+06
3.49966e+06
3.49967e+06
3.49954e+06
3.49955e+06
3.49956e+06
3.49957e+06
3.49958e+06
3.49959e+06
3.49959e+06
3.4996e+06
3.49961e+06
3.49962e+06
3.49962e+06
3.49963e+06
3.49963e+06
3.49964e+06
3.49965e+06
3.49965e+06
3.49965e+06
3.49966e+06
3.49966e+06
3.49953e+06
3.49954e+06
3.49955e+06
3.49956e+06
3.49957e+06
3.49958e+06
3.49959e+06
3.49959e+06
3.4996e+06
3.49961e+06
3.49962e+06
3.49962e+06
3.49963e+06
3.49963e+06
3.49964e+06
3.49965e+06
3.49965e+06
3.49965e+06
3.49966e+06
3.49952e+06
3.49953e+06
3.49954e+06
3.49955e+06
3.49956e+06
3.49957e+06
3.49958e+06
3.49959e+06
3.49959e+06
3.4996e+06
3.49961e+06
3.49962e+06
3.49962e+06
3.49963e+06
3.49963e+06
3.49964e+06
3.49964e+06
3.49965e+06
3.49965e+06
3.49951e+06
3.49952e+06
3.49953e+06
3.49954e+06
3.49955e+06
3.49956e+06
3.49957e+06
3.49958e+06
3.49959e+06
3.4996e+06
3.4996e+06
3.49961e+06
3.49962e+06
3.49962e+06
3.49963e+06
3.49963e+06
3.49964e+06
3.49964e+06
3.49965e+06
3.4995e+06
3.49951e+06
3.49952e+06
3.49953e+06
3.49954e+06
3.49955e+06
3.49956e+06
3.49957e+06
3.49958e+06
3.49959e+06
3.4996e+06
3.4996e+06
3.49961e+06
3.49962e+06
3.49962e+06
3.49963e+06
3.49963e+06
3.49964e+06
3.49964e+06
3.49949e+06
3.4995e+06
3.49951e+06
3.49953e+06
3.49954e+06
3.49955e+06
3.49956e+06
3.49956e+06
3.49957e+06
3.49958e+06
3.49959e+06
3.4996e+06
3.49961e+06
3.49961e+06
3.49962e+06
3.49962e+06
3.49963e+06
3.49963e+06
3.49964e+06
3.49948e+06
3.49949e+06
3.49951e+06
3.49952e+06
3.49953e+06
3.49954e+06
3.49955e+06
3.49956e+06
3.49957e+06
3.49958e+06
3.49958e+06
3.49959e+06
3.4996e+06
3.49961e+06
3.49961e+06
3.49962e+06
3.49962e+06
3.49963e+06
3.49963e+06
3.49947e+06
3.49948e+06
3.4995e+06
3.49951e+06
3.49952e+06
3.49953e+06
3.49954e+06
3.49955e+06
3.49956e+06
3.49957e+06
3.49958e+06
3.49959e+06
3.49959e+06
3.4996e+06
3.49961e+06
3.49961e+06
3.49962e+06
3.49962e+06
3.49963e+06
3.49946e+06
3.49947e+06
3.49949e+06
3.4995e+06
3.49951e+06
3.49952e+06
3.49953e+06
3.49954e+06
3.49955e+06
3.49956e+06
3.49957e+06
3.49958e+06
3.49959e+06
3.49959e+06
3.4996e+06
3.49961e+06
3.49961e+06
3.49962e+06
3.49962e+06
3.49945e+06
3.49946e+06
3.49948e+06
3.49949e+06
3.4995e+06
3.49951e+06
3.49952e+06
3.49953e+06
3.49955e+06
3.49956e+06
3.49956e+06
3.49957e+06
3.49958e+06
3.49959e+06
3.4996e+06
3.4996e+06
3.49961e+06
3.49961e+06
3.49962e+06
3.49944e+06
3.49945e+06
3.49947e+06
3.49948e+06
3.49949e+06
3.4995e+06
3.49952e+06
3.49953e+06
3.49954e+06
3.49955e+06
3.49956e+06
3.49957e+06
3.49958e+06
3.49958e+06
3.49959e+06
3.4996e+06
3.4996e+06
3.49961e+06
3.49961e+06
3.49943e+06
3.49944e+06
3.49946e+06
3.49947e+06
3.49948e+06
3.4995e+06
3.49951e+06
3.49952e+06
3.49953e+06
3.49954e+06
3.49955e+06
3.49956e+06
3.49957e+06
3.49958e+06
3.49959e+06
3.49959e+06
3.4996e+06
3.4996e+06
3.49961e+06
3.49942e+06
3.49943e+06
3.49945e+06
3.49946e+06
3.49947e+06
3.49949e+06
3.4995e+06
3.49951e+06
3.49952e+06
3.49954e+06
3.49955e+06
3.49956e+06
3.49956e+06
3.49957e+06
3.49958e+06
3.49959e+06
3.49959e+06
3.4996e+06
3.4996e+06
3.4994e+06
3.49942e+06
3.49944e+06
3.49945e+06
3.49946e+06
3.49948e+06
3.49949e+06
3.4995e+06
3.49952e+06
3.49953e+06
3.49954e+06
3.49955e+06
3.49956e+06
3.49957e+06
3.49957e+06
3.49958e+06
3.49959e+06
3.49959e+06
3.4996e+06
3.49939e+06
3.49941e+06
3.49942e+06
3.49944e+06
3.49945e+06
3.49947e+06
3.49948e+06
3.4995e+06
3.49951e+06
3.49952e+06
3.49953e+06
3.49954e+06
3.49955e+06
3.49956e+06
3.49957e+06
3.49958e+06
3.49958e+06
3.49959e+06
3.49959e+06
3.49938e+06
3.4994e+06
3.49941e+06
3.49943e+06
3.49945e+06
3.49946e+06
3.49947e+06
3.49949e+06
3.4995e+06
3.49951e+06
3.49953e+06
3.49954e+06
3.49955e+06
3.49956e+06
3.49956e+06
3.49957e+06
3.49958e+06
3.49958e+06
3.49959e+06
3.49937e+06
3.49939e+06
3.4994e+06
3.49942e+06
3.49944e+06
3.49945e+06
3.49947e+06
3.49948e+06
3.49949e+06
3.49951e+06
3.49952e+06
3.49953e+06
3.49954e+06
3.49955e+06
3.49956e+06
3.49957e+06
3.49957e+06
3.49958e+06
3.49958e+06
3.49936e+06
3.49937e+06
3.49939e+06
3.49941e+06
3.49943e+06
3.49944e+06
3.49946e+06
3.49947e+06
3.49949e+06
3.4995e+06
3.49934e+06
3.49936e+06
3.49938e+06
3.4994e+06
3.49942e+06
3.49943e+06
3.49945e+06
)
;

boundaryField
{
    inlet
    {
        type            fixedValue;
        value           nonuniform List<scalar> 0();
    }
    outlet
    {
        type            fixedValue;
        value           uniform 3.5e+06;
    }
    walls
    {
        type            fixedFluxPressure;
        gradient        uniform 0;
        value           nonuniform List<scalar> 
164
(
3.5e+06
3.5e+06
3.49999e+06
3.49999e+06
3.49998e+06
3.49997e+06
3.49997e+06
3.49996e+06
3.49996e+06
3.49995e+06
3.49995e+06
3.49994e+06
3.49994e+06
3.49993e+06
3.49993e+06
3.49992e+06
3.49992e+06
3.49991e+06
3.49991e+06
3.4999e+06
3.4999e+06
3.49989e+06
3.49989e+06
3.49988e+06
3.49988e+06
3.49987e+06
3.49987e+06
3.49986e+06
3.49985e+06
3.49985e+06
3.49984e+06
3.49984e+06
3.49983e+06
3.49983e+06
3.49982e+06
3.49982e+06
3.49981e+06
3.49981e+06
3.4998e+06
3.4998e+06
3.49979e+06
3.49979e+06
3.49978e+06
3.49978e+06
3.49977e+06
3.49977e+06
3.49976e+06
3.49976e+06
3.49975e+06
3.49975e+06
3.49974e+06
3.49973e+06
3.49973e+06
3.49972e+06
3.49972e+06
3.49971e+06
3.49971e+06
3.4997e+06
3.4997e+06
3.49969e+06
3.49969e+06
3.49968e+06
3.49968e+06
3.49967e+06
3.49967e+06
3.49966e+06
3.49966e+06
3.49965e+06
3.49965e+06
3.49964e+06
3.49964e+06
3.49963e+06
3.49963e+06
3.49962e+06
3.49962e+06
3.49961e+06
3.49961e+06
3.4996e+06
3.4996e+06
3.49959e+06
3.49959e+06
3.49958e+06
3.5e+06
3.5e+06
3.49999e+06
3.49999e+06
3.49998e+06
3.49997e+06
3.49997e+06
3.49996e+06
3.49996e+06
3.49995e+06
3.49995e+06
3.49994e+06
3.49994e+06
3.49993e+06
3.49993e+06
3.49992e+06
3.49992e+06
3.49991e+06
3.49991e+06
3.4999e+06
3.4999e+06
3.49989e+06
3.49989e+06
3.49988e+06
3.49988e+06
3.49987e+06
3.49987e+06
3.49986e+06
3.49985e+06
3.49985e+06
3.49984e+06
3.49984e+06
3.49983e+06
3.49983e+06
3.49982e+06
3.49982e+06
3.49981e+06
3.49981e+06
3.4998e+06
3.4998e+06
3.49979e+06
3.49979e+06
3.49978e+06
3.49978e+06
3.49977e+06
3.49977e+06
3.49976e+06
3.49976e+06
3.49975e+06
3.49975e+06
3.49974e+06
3.49973e+06
3.49973e+06
3.49972e+06
3.49972e+06
3.49971e+06
3.49971e+06
3.4997e+06
3.4997e+06
3.49969e+06
3.49969e+06
3.49968e+06
3.49968e+06
3.49967e+06
3.49967e+06
3.49966e+06
3.49966e+06
3.49965e+06
3.49965e+06
3.49964e+06
3.49964e+06
3.49963e+06
3.49963e+06
3.49962e+06
3.49962e+06
3.49961e+06
3.49961e+06
3.4996e+06
3.4996e+06
3.49959e+06
3.49959e+06
3.49958e+06
)
;
    }
    side1
    {
        type            cyclic;
    }
    side2
    {
        type            cyclic;
    }
    procBoundary3to0
    {
        type            processor;
        value           nonuniform List<scalar> 
42
(
3.49951e+06
3.49953e+06
3.49954e+06
3.49955e+06
3.49955e+06
3.49956e+06
3.49957e+06
3.49957e+06
3.49958e+06
3.49947e+06
3.49948e+06
3.49951e+06
3.49949e+06
3.49933e+06
3.49935e+06
3.49937e+06
3.49939e+06
3.49941e+06
3.49942e+06
3.49947e+06
3.49944e+06
3.49951e+06
3.49953e+06
3.49954e+06
3.49955e+06
3.49955e+06
3.49956e+06
3.49957e+06
3.49957e+06
3.49958e+06
3.49947e+06
3.49948e+06
3.49951e+06
3.49949e+06
3.49933e+06
3.49935e+06
3.49937e+06
3.49939e+06
3.49941e+06
3.49942e+06
3.49947e+06
3.49944e+06
)
;
    }
    procBoundary3to4
    {
        type            processor;
        value           nonuniform List<scalar> 
88
(
3.49973e+06
3.49973e+06
3.49972e+06
3.49971e+06
3.4997e+06
3.4997e+06
3.4997e+06
3.49969e+06
3.49969e+06
3.49968e+06
3.49967e+06
3.49967e+06
3.49966e+06
3.49965e+06
3.49964e+06
3.49963e+06
3.49962e+06
3.49961e+06
3.4996e+06
3.49959e+06
3.49959e+06
3.49958e+06
3.49957e+06
3.49956e+06
3.49955e+06
3.49954e+06
3.49953e+06
3.49952e+06
3.4995e+06
3.49949e+06
3.49948e+06
3.49947e+06
3.49946e+06
3.49945e+06
3.49944e+06
3.49943e+06
3.49941e+06
3.4994e+06
3.49939e+06
3.49938e+06
3.49936e+06
3.49935e+06
3.49934e+06
3.49932e+06
3.49973e+06
3.49973e+06
3.49972e+06
3.49971e+06
3.4997e+06
3.4997e+06
3.4997e+06
3.49969e+06
3.49969e+06
3.49968e+06
3.49967e+06
3.49967e+06
3.49966e+06
3.49965e+06
3.49964e+06
3.49963e+06
3.49962e+06
3.49961e+06
3.4996e+06
3.49959e+06
3.49959e+06
3.49958e+06
3.49957e+06
3.49956e+06
3.49955e+06
3.49954e+06
3.49953e+06
3.49952e+06
3.4995e+06
3.49949e+06
3.49948e+06
3.49947e+06
3.49946e+06
3.49945e+06
3.49944e+06
3.49943e+06
3.49941e+06
3.4994e+06
3.49939e+06
3.49938e+06
3.49936e+06
3.49935e+06
3.49934e+06
3.49932e+06
)
;
    }
    procBoundary3to5
    {
        type            processor;
        value           nonuniform List<scalar> 
84
(
3.5e+06
3.49999e+06
3.49999e+06
3.49998e+06
3.49997e+06
3.49997e+06
3.49996e+06
3.49996e+06
3.49995e+06
3.49995e+06
3.49994e+06
3.49993e+06
3.49993e+06
3.49992e+06
3.49992e+06
3.49991e+06
3.49991e+06
3.4999e+06
3.49989e+06
3.49989e+06
3.49988e+06
3.49988e+06
3.49987e+06
3.49986e+06
3.49986e+06
3.49985e+06
3.49984e+06
3.49984e+06
3.49983e+06
3.49982e+06
3.49982e+06
3.49981e+06
3.4998e+06
3.4998e+06
3.49979e+06
3.49978e+06
3.49978e+06
3.49977e+06
3.49976e+06
3.49976e+06
3.49975e+06
3.49974e+06
3.5e+06
3.49999e+06
3.49999e+06
3.49998e+06
3.49997e+06
3.49997e+06
3.49996e+06
3.49996e+06
3.49995e+06
3.49995e+06
3.49994e+06
3.49993e+06
3.49993e+06
3.49992e+06
3.49992e+06
3.49991e+06
3.49991e+06
3.4999e+06
3.49989e+06
3.49989e+06
3.49988e+06
3.49988e+06
3.49987e+06
3.49986e+06
3.49986e+06
3.49985e+06
3.49984e+06
3.49984e+06
3.49983e+06
3.49982e+06
3.49982e+06
3.49981e+06
3.4998e+06
3.4998e+06
3.49979e+06
3.49978e+06
3.49978e+06
3.49977e+06
3.49976e+06
3.49976e+06
3.49975e+06
3.49974e+06
)
;
    }
}


// ************************************************************************* //
