/*--------------------------------*- C++ -*----------------------------------*\
| =========                 |                                                 |
| \\      /  F ield         | OpenFOAM: The Open Source CFD Toolbox           |
|  \\    /   O peration     | Version:  v2012                                 |
|   \\  /    A nd           | Website:  www.openfoam.com                      |
|    \\/     M anipulation  |                                                 |
\*---------------------------------------------------------------------------*/
FoamFile
{
    version     2.0;
    format      ascii;
    class       volScalarField;
    location    "0.35";
    object      p_rgh;
}
// * * * * * * * * * * * * * * * * * * * * * * * * * * * * * * * * * * * * * //

dimensions      [1 -1 -2 0 0 0 0];


internalField   nonuniform List<scalar> 
2625
(
3.09862e+06
3.10065e+06
3.09906e+06
3.09982e+06
3.09983e+06
3.09977e+06
3.09995e+06
3.09997e+06
3.09997e+06
3.10006e+06
3.10001e+06
3.10006e+06
3.10002e+06
3.10003e+06
3.10001e+06
3.10001e+06
3.1e+06
3.1e+06
3.09999e+06
3.09999e+06
3.09999e+06
3.09999e+06
3.09999e+06
3.09999e+06
3.09999e+06
3.09999e+06
3.09999e+06
3.1e+06
3.1e+06
3.1e+06
3.1e+06
3.1e+06
3.1e+06
3.1e+06
3.1e+06
3.1e+06
3.10248e+06
3.09676e+06
3.10243e+06
3.09911e+06
3.10091e+06
3.1e+06
3.10019e+06
3.10014e+06
3.09996e+06
3.10007e+06
3.09992e+06
3.10001e+06
3.09994e+06
3.1e+06
3.09997e+06
3.1e+06
3.09999e+06
3.1e+06
3.1e+06
3.1e+06
3.1e+06
3.1e+06
3.1e+06
3.1e+06
3.1e+06
3.1e+06
3.1e+06
3.1e+06
3.1e+06
3.1e+06
3.1e+06
3.1e+06
3.1e+06
3.1e+06
3.1e+06
3.1e+06
3.10263e+06
3.0956e+06
3.10213e+06
3.09731e+06
3.1009e+06
3.09876e+06
3.10006e+06
3.09972e+06
3.09983e+06
3.10006e+06
3.09989e+06
3.10009e+06
3.09996e+06
3.10005e+06
3.09999e+06
3.10002e+06
3.1e+06
3.1e+06
3.1e+06
3.1e+06
3.1e+06
3.1e+06
3.1e+06
3.1e+06
3.1e+06
3.1e+06
3.1e+06
3.1e+06
3.1e+06
3.1e+06
3.1e+06
3.1e+06
3.1e+06
3.1e+06
3.1e+06
3.1e+06
3.10694e+06
3.09681e+06
3.10435e+06
3.09854e+06
3.1022e+06
3.0998e+06
3.10083e+06
3.10026e+06
3.10018e+06
3.10024e+06
3.09997e+06
3.10011e+06
3.09994e+06
3.10004e+06
3.09996e+06
3.10001e+06
3.09998e+06
3.1e+06
3.09999e+06
3.1e+06
3.1e+06
3.1e+06
3.1e+06
3.1e+06
3.1e+06
3.1e+06
3.1e+06
3.1e+06
3.1e+06
3.1e+06
3.1e+06
3.1e+06
3.1e+06
3.1e+06
3.1e+06
3.1e+06
3.10358e+06
3.09558e+06
3.10166e+06
3.09706e+06
3.1004e+06
3.09836e+06
3.09985e+06
3.0993e+06
3.09976e+06
3.09983e+06
3.09981e+06
3.10003e+06
3.0999e+06
3.10005e+06
3.09996e+06
3.10003e+06
3.09999e+06
3.10001e+06
3.1e+06
3.1e+06
3.1e+06
3.1e+06
3.1e+06
3.1e+06
3.1e+06
3.1e+06
3.1e+06
3.1e+06
3.1e+06
3.1e+06
3.1e+06
3.1e+06
3.1e+06
3.1e+06
3.1e+06
3.1e+06
3.10479e+06
3.09763e+06
3.10403e+06
3.09905e+06
3.10254e+06
3.09989e+06
3.1013e+06
3.10028e+06
3.10055e+06
3.10024e+06
3.10015e+06
3.10015e+06
3.09999e+06
3.10008e+06
3.09997e+06
3.10003e+06
3.09998e+06
3.1e+06
3.09999e+06
3.1e+06
3.09999e+06
3.1e+06
3.1e+06
3.1e+06
3.1e+06
3.1e+06
3.1e+06
3.1e+06
3.1e+06
3.1e+06
3.1e+06
3.1e+06
3.1e+06
3.1e+06
3.1e+06
3.1e+06
3.09905e+06
3.09879e+06
3.09921e+06
3.09873e+06
3.09962e+06
3.09849e+06
3.10019e+06
3.0987e+06
3.10025e+06
3.09934e+06
3.10001e+06
3.09986e+06
3.09991e+06
3.10002e+06
3.09994e+06
3.10002e+06
3.09998e+06
3.10001e+06
3.09999e+06
3.1e+06
3.1e+06
3.1e+06
3.1e+06
3.1e+06
3.1e+06
3.1e+06
3.1e+06
3.1e+06
3.1e+06
3.1e+06
3.1e+06
3.1e+06
3.1e+06
3.1e+06
3.1e+06
3.1e+06
3.09841e+06
3.1032e+06
3.09948e+06
3.10111e+06
3.10113e+06
3.09978e+06
3.10153e+06
3.09953e+06
3.10108e+06
3.09975e+06
3.10046e+06
3.10001e+06
3.10008e+06
3.10008e+06
3.09998e+06
3.10004e+06
3.09999e+06
3.10001e+06
3.09999e+06
3.1e+06
3.09999e+06
3.1e+06
3.1e+06
3.1e+06
3.1e+06
3.1e+06
3.1e+06
3.1e+06
3.1e+06
3.1e+06
3.1e+06
3.1e+06
3.1e+06
3.1e+06
3.1e+06
3.1e+06
3.10145e+06
3.10028e+06
3.1001e+06
3.10034e+06
3.09995e+06
3.09937e+06
3.10076e+06
3.0988e+06
3.1008e+06
3.09919e+06
3.1003e+06
3.09975e+06
3.09998e+06
3.09999e+06
3.09994e+06
3.10001e+06
3.09997e+06
3.1e+06
3.09999e+06
3.1e+06
3.09999e+06
3.1e+06
3.1e+06
3.1e+06
3.1e+06
3.1e+06
3.1e+06
3.1e+06
3.1e+06
3.1e+06
3.1e+06
3.1e+06
3.1e+06
3.1e+06
3.1e+06
3.1e+06
3.09146e+06
3.11268e+06
3.09208e+06
3.10411e+06
3.09766e+06
3.09992e+06
3.10047e+06
3.09885e+06
3.10094e+06
3.09924e+06
3.1005e+06
3.09982e+06
3.10012e+06
3.10004e+06
3.10001e+06
3.10004e+06
3.1e+06
3.10001e+06
3.1e+06
3.1e+06
3.1e+06
3.1e+06
3.1e+06
3.1e+06
3.1e+06
3.1e+06
3.1e+06
3.1e+06
3.1e+06
3.1e+06
3.1e+06
3.1e+06
3.1e+06
3.1e+06
3.1e+06
3.1e+06
3.09078e+06
3.11712e+06
3.09114e+06
3.10912e+06
3.09659e+06
3.10332e+06
3.10028e+06
3.10011e+06
3.10117e+06
3.09945e+06
3.10063e+06
3.09973e+06
3.10012e+06
3.09994e+06
3.09998e+06
3.09999e+06
3.09998e+06
3.1e+06
3.09999e+06
3.1e+06
3.09999e+06
3.1e+06
3.1e+06
3.1e+06
3.1e+06
3.1e+06
3.1e+06
3.1e+06
3.1e+06
3.1e+06
3.1e+06
3.1e+06
3.1e+06
3.1e+06
3.1e+06
3.1e+06
3.07569e+06
3.11376e+06
3.08474e+06
3.10625e+06
3.09306e+06
3.10067e+06
3.09821e+06
3.09864e+06
3.10013e+06
3.0989e+06
3.10029e+06
3.09962e+06
3.10012e+06
3.09996e+06
3.10004e+06
3.10002e+06
3.10002e+06
3.10001e+06
3.1e+06
3.1e+06
3.1e+06
3.1e+06
3.1e+06
3.1e+06
3.1e+06
3.1e+06
3.1e+06
3.1e+06
3.1e+06
3.1e+06
3.1e+06
3.1e+06
3.1e+06
3.1e+06
3.1e+06
3.1e+06
3.08241e+06
3.11546e+06
3.09203e+06
3.1101e+06
3.09788e+06
3.1046e+06
3.1008e+06
3.10133e+06
3.1013e+06
3.10007e+06
3.10076e+06
3.09988e+06
3.10024e+06
3.09993e+06
3.10004e+06
3.09996e+06
3.1e+06
3.09998e+06
3.09999e+06
3.09999e+06
3.09999e+06
3.1e+06
3.1e+06
3.1e+06
3.1e+06
3.1e+06
3.1e+06
3.1e+06
3.1e+06
3.1e+06
3.1e+06
3.1e+06
3.1e+06
3.1e+06
3.1e+06
3.1e+06
3.0826e+06
3.11072e+06
3.08578e+06
3.1044e+06
3.09234e+06
3.1002e+06
3.09707e+06
3.09859e+06
3.09927e+06
3.09894e+06
3.09989e+06
3.09958e+06
3.10003e+06
3.09989e+06
3.10006e+06
3.09998e+06
3.10003e+06
3.1e+06
3.10001e+06
3.1e+06
3.1e+06
3.1e+06
3.1e+06
3.1e+06
3.1e+06
3.1e+06
3.1e+06
3.1e+06
3.1e+06
3.1e+06
3.1e+06
3.1e+06
3.1e+06
3.1e+06
3.1e+06
3.1e+06
3.10384e+06
3.10621e+06
3.1014e+06
3.10467e+06
3.10097e+06
3.10384e+06
3.10038e+06
3.10264e+06
3.10016e+06
3.10117e+06
3.10021e+06
3.10026e+06
3.10017e+06
3.09997e+06
3.10008e+06
3.09994e+06
3.10002e+06
3.09997e+06
3.1e+06
3.09999e+06
3.1e+06
3.1e+06
3.1e+06
3.1e+06
3.1e+06
3.1e+06
3.1e+06
3.1e+06
3.1e+06
3.1e+06
3.1e+06
3.1e+06
3.1e+06
3.1e+06
3.10001e+06
3.10001e+06
3.0983e+06
3.09601e+06
3.09756e+06
3.09856e+06
3.09631e+06
3.09987e+06
3.09685e+06
3.10018e+06
3.09813e+06
3.10012e+06
3.09926e+06
3.09996e+06
3.09988e+06
3.09991e+06
3.10006e+06
3.09994e+06
3.10004e+06
3.09998e+06
3.10001e+06
3.09999e+06
3.1e+06
3.1e+06
3.1e+06
3.1e+06
3.1e+06
3.1e+06
3.1e+06
3.1e+06
3.1e+06
3.1e+06
3.1e+06
3.1e+06
3.1e+06
3.10001e+06
3.10001e+06
3.10001e+06
3.09652e+06
3.09973e+06
3.10075e+06
3.10098e+06
3.10058e+06
3.10214e+06
3.09921e+06
3.10239e+06
3.099e+06
3.10141e+06
3.09961e+06
3.1004e+06
3.10002e+06
3.09999e+06
3.10009e+06
3.09994e+06
3.10004e+06
3.09997e+06
3.10001e+06
3.09999e+06
3.1e+06
3.1e+06
3.1e+06
3.1e+06
3.1e+06
3.1e+06
3.1e+06
3.1e+06
3.1e+06
3.1e+06
3.1e+06
3.1e+06
3.10001e+06
3.10001e+06
3.10001e+06
3.10001e+06
3.1121e+06
3.0828e+06
3.10922e+06
3.09418e+06
3.1019e+06
3.09996e+06
3.09851e+06
3.10157e+06
3.0983e+06
3.10109e+06
3.09921e+06
3.1003e+06
3.09987e+06
3.09995e+06
3.10005e+06
3.09993e+06
3.10004e+06
3.09997e+06
3.10001e+06
3.09999e+06
3.1e+06
3.1e+06
3.1e+06
3.1e+06
3.1e+06
3.1e+06
3.1e+06
3.1e+06
3.1e+06
3.1e+06
3.1e+06
3.10001e+06
3.10001e+06
3.10001e+06
3.10001e+06
3.10001e+06
3.11194e+06
3.07845e+06
3.11178e+06
3.08914e+06
3.10449e+06
3.09671e+06
3.09947e+06
3.10051e+06
3.09832e+06
3.10097e+06
3.0991e+06
3.10037e+06
3.09983e+06
3.10001e+06
3.10006e+06
3.09995e+06
3.10004e+06
3.09997e+06
3.10001e+06
3.09999e+06
3.1e+06
3.1e+06
3.1e+06
3.1e+06
3.1e+06
3.1e+06
3.1e+06
3.1e+06
3.1e+06
3.1e+06
3.10001e+06
3.10001e+06
3.10001e+06
3.10001e+06
3.10001e+06
3.10001e+06
3.13047e+06
3.08157e+06
3.11893e+06
3.09177e+06
3.10809e+06
3.09938e+06
3.10153e+06
3.10207e+06
3.09941e+06
3.10161e+06
3.09952e+06
3.10055e+06
3.0999e+06
3.10003e+06
3.10003e+06
3.09994e+06
3.10002e+06
3.09997e+06
3.1e+06
3.09999e+06
3.1e+06
3.1e+06
3.1e+06
3.1e+06
3.1e+06
3.1e+06
3.1e+06
3.1e+06
3.1e+06
3.10001e+06
3.10001e+06
3.10001e+06
3.10001e+06
3.10001e+06
3.10001e+06
3.10001e+06
3.12543e+06
3.0816e+06
3.11082e+06
3.08771e+06
3.1027e+06
3.09498e+06
3.0986e+06
3.099e+06
3.09804e+06
3.10022e+06
3.09893e+06
3.10019e+06
3.09972e+06
3.10003e+06
3.1e+06
3.09998e+06
3.10003e+06
3.09999e+06
3.10001e+06
3.09999e+06
3.1e+06
3.1e+06
3.1e+06
3.1e+06
3.1e+06
3.1e+06
3.1e+06
3.1e+06
3.10001e+06
3.10001e+06
3.10001e+06
3.10001e+06
3.10001e+06
3.10001e+06
3.10001e+06
3.10001e+06
3.12387e+06
3.08675e+06
3.11782e+06
3.09451e+06
3.10889e+06
3.10036e+06
3.10287e+06
3.10231e+06
3.10038e+06
3.10158e+06
3.09994e+06
3.10057e+06
3.09998e+06
3.10008e+06
3.1e+06
3.09997e+06
3.09999e+06
3.09998e+06
3.09999e+06
3.09999e+06
3.1e+06
3.1e+06
3.1e+06
3.1e+06
3.1e+06
3.1e+06
3.1e+06
3.10001e+06
3.10001e+06
3.10001e+06
3.10001e+06
3.10001e+06
3.10001e+06
3.10001e+06
3.10001e+06
3.10001e+06
3.09641e+06
3.09174e+06
3.09845e+06
3.09439e+06
3.0984e+06
3.09601e+06
3.09873e+06
3.09759e+06
3.09922e+06
3.0991e+06
3.09954e+06
3.09983e+06
3.09984e+06
3.1e+06
3.09998e+06
3.10002e+06
3.10001e+06
3.10001e+06
3.1e+06
3.1e+06
3.1e+06
3.1e+06
3.1e+06
3.1e+06
3.1e+06
3.1e+06
3.10001e+06
3.10001e+06
3.10001e+06
3.10001e+06
3.10001e+06
3.10001e+06
3.10001e+06
3.10001e+06
3.10001e+06
3.10001e+06
3.10217e+06
3.10095e+06
3.10439e+06
3.10125e+06
3.10412e+06
3.10105e+06
3.10283e+06
3.10067e+06
3.10148e+06
3.10034e+06
3.10052e+06
3.10015e+06
3.10009e+06
3.10004e+06
3.09997e+06
3.1e+06
3.09997e+06
3.09999e+06
3.09999e+06
3.1e+06
3.1e+06
3.1e+06
3.1e+06
3.1e+06
3.1e+06
3.10001e+06
3.10001e+06
3.10001e+06
3.10001e+06
3.10001e+06
3.10001e+06
3.10001e+06
3.10001e+06
3.10001e+06
3.10001e+06
3.10001e+06
3.09879e+06
3.09916e+06
3.09775e+06
3.09837e+06
3.09853e+06
3.09775e+06
3.0999e+06
3.09792e+06
3.10037e+06
3.09897e+06
3.10013e+06
3.09978e+06
3.09999e+06
3.10004e+06
3.09998e+06
3.10006e+06
3.09999e+06
3.10002e+06
3.1e+06
3.10001e+06
3.1e+06
3.1e+06
3.1e+06
3.1e+06
3.10001e+06
3.10001e+06
3.10001e+06
3.10001e+06
3.10001e+06
3.10001e+06
3.10001e+06
3.10001e+06
3.10001e+06
3.10001e+06
3.10001e+06
3.10001e+06
3.09466e+06
3.11012e+06
3.09619e+06
3.10387e+06
3.0999e+06
3.10051e+06
3.10154e+06
3.09924e+06
3.10135e+06
3.09941e+06
3.10051e+06
3.09984e+06
3.10004e+06
3.10001e+06
3.09993e+06
3.10003e+06
3.09996e+06
3.10001e+06
3.09999e+06
3.1e+06
3.1e+06
3.1e+06
3.1e+06
3.10001e+06
3.10001e+06
3.10001e+06
3.10001e+06
3.10001e+06
3.10001e+06
3.10001e+06
3.10001e+06
3.10001e+06
3.10001e+06
3.10001e+06
3.10001e+06
3.10001e+06
3.0941e+06
3.11051e+06
3.0935e+06
3.10482e+06
3.09745e+06
3.10093e+06
3.10041e+06
3.09911e+06
3.10106e+06
3.09929e+06
3.10051e+06
3.09985e+06
3.10009e+06
3.10007e+06
3.09997e+06
3.10007e+06
3.09998e+06
3.10003e+06
3.09999e+06
3.10001e+06
3.1e+06
3.10001e+06
3.10001e+06
3.10001e+06
3.10001e+06
3.10001e+06
3.10001e+06
3.10001e+06
3.10001e+06
3.10001e+06
3.10001e+06
3.10001e+06
3.10001e+06
3.10001e+06
3.10001e+06
3.10001e+06
3.08522e+06
3.1096e+06
3.09094e+06
3.10432e+06
3.09646e+06
3.10019e+06
3.09985e+06
3.09861e+06
3.10069e+06
3.09899e+06
3.10027e+06
3.09969e+06
3.09998e+06
3.1e+06
3.09993e+06
3.10005e+06
3.09996e+06
3.10002e+06
3.09999e+06
3.10001e+06
3.1e+06
3.10001e+06
3.10001e+06
3.10001e+06
3.10001e+06
3.10001e+06
3.10001e+06
3.10001e+06
3.10001e+06
3.10001e+06
3.10001e+06
3.10001e+06
3.10001e+06
3.10001e+06
3.10001e+06
3.10001e+06
3.08495e+06
3.10817e+06
3.094e+06
3.10579e+06
3.09862e+06
3.10203e+06
3.10108e+06
3.09998e+06
3.10133e+06
3.09968e+06
3.1006e+06
3.09995e+06
3.10012e+06
3.10007e+06
3.09998e+06
3.10006e+06
3.09998e+06
3.10003e+06
3.1e+06
3.10001e+06
3.10001e+06
3.10001e+06
3.10001e+06
3.10001e+06
3.10001e+06
3.10001e+06
3.10001e+06
3.10001e+06
3.10001e+06
3.10001e+06
3.10001e+06
3.10001e+06
3.10001e+06
3.10001e+06
3.10001e+06
3.08561e+06
3.10582e+06
3.09098e+06
3.10268e+06
3.09594e+06
3.09948e+06
3.09916e+06
3.09837e+06
3.10023e+06
3.09899e+06
3.10009e+06
3.09972e+06
3.09995e+06
3.10001e+06
3.09995e+06
3.10005e+06
3.09998e+06
3.10003e+06
3.1e+06
3.10002e+06
3.10001e+06
3.10001e+06
3.10001e+06
3.10001e+06
3.10001e+06
3.10001e+06
3.10001e+06
3.10002e+06
3.10002e+06
3.10002e+06
3.10002e+06
3.10002e+06
3.10002e+06
3.10001e+06
3.10185e+06
3.10478e+06
3.10057e+06
3.10268e+06
3.1009e+06
3.10149e+06
3.10113e+06
3.1006e+06
3.10081e+06
3.10015e+06
3.10034e+06
3.10008e+06
3.10005e+06
3.10007e+06
3.09997e+06
3.10005e+06
3.09999e+06
3.10002e+06
3.1e+06
3.10001e+06
3.10001e+06
3.10001e+06
3.10001e+06
3.10002e+06
3.10002e+06
3.10002e+06
3.10002e+06
3.10002e+06
3.10002e+06
3.10002e+06
3.10002e+06
3.10002e+06
3.10002e+06
3.10002e+06
3.10683e+06
3.10361e+06
3.09741e+06
3.09977e+06
3.09818e+06
3.09913e+06
3.09923e+06
3.09912e+06
3.0998e+06
3.09958e+06
3.09992e+06
3.09993e+06
3.09995e+06
3.10005e+06
3.09998e+06
3.10006e+06
3.10001e+06
3.10003e+06
3.10002e+06
3.10002e+06
3.10002e+06
3.10002e+06
3.10002e+06
3.10002e+06
3.10002e+06
3.10002e+06
3.10002e+06
3.10002e+06
3.10002e+06
3.10002e+06
3.10002e+06
3.10002e+06
3.10002e+06
3.10002e+06
3.10535e+06
3.10002e+06
3.10001e+06
3.10002e+06
3.10002e+06
3.10002e+06
3.10002e+06
3.10002e+06
3.10002e+06
3.10002e+06
3.10002e+06
3.10002e+06
3.10002e+06
3.10002e+06
3.10002e+06
3.10002e+06
3.10002e+06
3.10002e+06
3.10003e+06
3.10003e+06
3.10002e+06
3.10002e+06
3.10002e+06
3.10002e+06
3.10002e+06
3.10002e+06
3.10002e+06
3.10002e+06
3.10002e+06
3.10002e+06
3.10002e+06
3.10002e+06
3.10002e+06
3.10002e+06
3.10003e+06
3.10003e+06
3.10003e+06
3.10003e+06
3.10002e+06
3.10002e+06
3.10002e+06
3.10002e+06
3.10002e+06
3.10002e+06
3.10002e+06
3.10002e+06
3.10002e+06
3.10002e+06
3.10002e+06
3.10003e+06
3.10003e+06
3.10003e+06
3.10003e+06
3.10003e+06
3.10003e+06
3.10003e+06
3.10002e+06
3.10002e+06
3.10002e+06
3.10002e+06
3.10002e+06
3.10002e+06
3.10002e+06
3.10002e+06
3.10003e+06
3.10003e+06
3.10003e+06
3.10003e+06
3.10003e+06
3.10003e+06
3.10003e+06
3.10003e+06
3.10003e+06
3.10002e+06
3.10002e+06
3.10002e+06
3.10002e+06
3.10002e+06
3.10002e+06
3.10004e+06
3.10004e+06
3.10003e+06
3.10003e+06
3.10003e+06
3.10003e+06
3.10003e+06
3.10003e+06
3.10003e+06
3.10003e+06
3.10003e+06
3.10002e+06
3.10002e+06
3.10002e+06
3.10002e+06
3.10004e+06
3.10004e+06
3.10004e+06
3.10004e+06
3.10003e+06
3.10003e+06
3.10003e+06
3.10003e+06
3.10003e+06
3.10003e+06
3.10003e+06
3.10003e+06
3.10002e+06
3.10002e+06
3.10002e+06
3.10004e+06
3.10004e+06
3.10004e+06
3.10004e+06
3.10004e+06
3.10003e+06
3.10003e+06
3.10003e+06
3.10003e+06
3.10003e+06
3.10003e+06
3.10003e+06
3.10002e+06
3.10002e+06
3.10002e+06
3.10004e+06
3.10004e+06
3.10004e+06
3.10004e+06
3.10004e+06
3.10004e+06
3.10003e+06
3.10003e+06
3.10003e+06
3.10003e+06
3.10003e+06
3.10003e+06
3.10003e+06
3.10002e+06
3.10002e+06
3.10005e+06
3.10005e+06
3.10004e+06
3.10004e+06
3.10004e+06
3.10004e+06
3.10004e+06
3.10003e+06
3.10003e+06
3.10003e+06
3.10003e+06
3.10003e+06
3.10003e+06
3.10002e+06
3.10002e+06
3.10005e+06
3.10005e+06
3.10005e+06
3.10004e+06
3.10004e+06
3.10004e+06
3.10004e+06
3.10004e+06
3.10003e+06
3.10003e+06
3.10003e+06
3.10003e+06
3.10003e+06
3.10003e+06
3.09862e+06
3.10065e+06
3.09906e+06
3.09982e+06
3.09983e+06
3.09977e+06
3.09995e+06
3.09997e+06
3.09997e+06
3.10006e+06
3.10001e+06
3.10006e+06
3.10002e+06
3.10003e+06
3.10001e+06
3.10001e+06
3.1e+06
3.1e+06
3.09999e+06
3.09999e+06
3.09999e+06
3.09999e+06
3.09999e+06
3.09999e+06
3.09999e+06
3.09999e+06
3.09999e+06
3.1e+06
3.1e+06
3.1e+06
3.1e+06
3.1e+06
3.1e+06
3.1e+06
3.1e+06
3.1e+06
3.10248e+06
3.09676e+06
3.10243e+06
3.09911e+06
3.10091e+06
3.1e+06
3.10019e+06
3.10014e+06
3.09996e+06
3.10007e+06
3.09992e+06
3.10001e+06
3.09994e+06
3.1e+06
3.09997e+06
3.1e+06
3.09999e+06
3.1e+06
3.1e+06
3.1e+06
3.1e+06
3.1e+06
3.1e+06
3.1e+06
3.1e+06
3.1e+06
3.1e+06
3.1e+06
3.1e+06
3.1e+06
3.1e+06
3.1e+06
3.1e+06
3.1e+06
3.1e+06
3.1e+06
3.10263e+06
3.0956e+06
3.10213e+06
3.09732e+06
3.1009e+06
3.09876e+06
3.10006e+06
3.09972e+06
3.09983e+06
3.10006e+06
3.09989e+06
3.10009e+06
3.09996e+06
3.10005e+06
3.09999e+06
3.10002e+06
3.1e+06
3.1e+06
3.1e+06
3.1e+06
3.1e+06
3.1e+06
3.1e+06
3.1e+06
3.1e+06
3.1e+06
3.1e+06
3.1e+06
3.1e+06
3.1e+06
3.1e+06
3.1e+06
3.1e+06
3.1e+06
3.1e+06
3.1e+06
3.10694e+06
3.09681e+06
3.10435e+06
3.09854e+06
3.1022e+06
3.0998e+06
3.10083e+06
3.10026e+06
3.10018e+06
3.10024e+06
3.09997e+06
3.10011e+06
3.09994e+06
3.10004e+06
3.09996e+06
3.10001e+06
3.09998e+06
3.1e+06
3.09999e+06
3.1e+06
3.1e+06
3.1e+06
3.1e+06
3.1e+06
3.1e+06
3.1e+06
3.1e+06
3.1e+06
3.1e+06
3.1e+06
3.1e+06
3.1e+06
3.1e+06
3.1e+06
3.1e+06
3.1e+06
3.10358e+06
3.09558e+06
3.10166e+06
3.09706e+06
3.1004e+06
3.09836e+06
3.09985e+06
3.0993e+06
3.09976e+06
3.09983e+06
3.09981e+06
3.10003e+06
3.0999e+06
3.10005e+06
3.09996e+06
3.10003e+06
3.09999e+06
3.10001e+06
3.1e+06
3.1e+06
3.1e+06
3.1e+06
3.1e+06
3.1e+06
3.1e+06
3.1e+06
3.1e+06
3.1e+06
3.1e+06
3.1e+06
3.1e+06
3.1e+06
3.1e+06
3.1e+06
3.1e+06
3.1e+06
3.10479e+06
3.09763e+06
3.10403e+06
3.09905e+06
3.10254e+06
3.09989e+06
3.1013e+06
3.10028e+06
3.10055e+06
3.10024e+06
3.10015e+06
3.10015e+06
3.09999e+06
3.10008e+06
3.09997e+06
3.10003e+06
3.09998e+06
3.1e+06
3.09999e+06
3.1e+06
3.09999e+06
3.1e+06
3.1e+06
3.1e+06
3.1e+06
3.1e+06
3.1e+06
3.1e+06
3.1e+06
3.1e+06
3.1e+06
3.1e+06
3.1e+06
3.1e+06
3.1e+06
3.1e+06
3.09905e+06
3.09879e+06
3.09921e+06
3.09873e+06
3.09962e+06
3.09849e+06
3.10019e+06
3.0987e+06
3.10025e+06
3.09934e+06
3.10001e+06
3.09986e+06
3.09991e+06
3.10002e+06
3.09994e+06
3.10002e+06
3.09998e+06
3.10001e+06
3.09999e+06
3.1e+06
3.1e+06
3.1e+06
3.1e+06
3.1e+06
3.1e+06
3.1e+06
3.1e+06
3.1e+06
3.1e+06
3.1e+06
3.1e+06
3.1e+06
3.1e+06
3.1e+06
3.1e+06
3.1e+06
3.09841e+06
3.1032e+06
3.09948e+06
3.10111e+06
3.10113e+06
3.09978e+06
3.10153e+06
3.09954e+06
3.10108e+06
3.09975e+06
3.10046e+06
3.10001e+06
3.10008e+06
3.10008e+06
3.09999e+06
3.10004e+06
3.09999e+06
3.10001e+06
3.09999e+06
3.1e+06
3.09999e+06
3.1e+06
3.1e+06
3.1e+06
3.1e+06
3.1e+06
3.1e+06
3.1e+06
3.1e+06
3.1e+06
3.1e+06
3.1e+06
3.1e+06
3.1e+06
3.1e+06
3.1e+06
3.10145e+06
3.10028e+06
3.1001e+06
3.10034e+06
3.09995e+06
3.09937e+06
3.10076e+06
3.09881e+06
3.1008e+06
3.09918e+06
3.1003e+06
3.09975e+06
3.09998e+06
3.09999e+06
3.09994e+06
3.10001e+06
3.09997e+06
3.1e+06
3.09999e+06
3.1e+06
3.09999e+06
3.1e+06
3.1e+06
3.1e+06
3.1e+06
3.1e+06
3.1e+06
3.1e+06
3.1e+06
3.1e+06
3.1e+06
3.1e+06
3.1e+06
3.1e+06
3.1e+06
3.1e+06
3.09146e+06
3.11267e+06
3.09208e+06
3.10411e+06
3.09766e+06
3.09992e+06
3.10047e+06
3.09885e+06
3.10095e+06
3.09924e+06
3.1005e+06
3.09982e+06
3.10012e+06
3.10004e+06
3.10001e+06
3.10004e+06
3.1e+06
3.10001e+06
3.1e+06
3.1e+06
3.1e+06
3.1e+06
3.1e+06
3.1e+06
3.1e+06
3.1e+06
3.1e+06
3.1e+06
3.1e+06
3.1e+06
3.1e+06
3.1e+06
3.1e+06
3.1e+06
3.1e+06
3.1e+06
3.09078e+06
3.11712e+06
3.09114e+06
3.10911e+06
3.09659e+06
3.10332e+06
3.10028e+06
3.10011e+06
3.10117e+06
3.09945e+06
3.10063e+06
3.09973e+06
3.10012e+06
3.09994e+06
3.09998e+06
3.09999e+06
3.09998e+06
3.1e+06
3.09999e+06
3.1e+06
3.09999e+06
3.1e+06
3.1e+06
3.1e+06
3.1e+06
3.1e+06
3.1e+06
3.1e+06
3.1e+06
3.1e+06
3.1e+06
3.1e+06
3.1e+06
3.1e+06
3.1e+06
3.1e+06
3.07569e+06
3.11376e+06
3.08475e+06
3.10624e+06
3.09306e+06
3.10067e+06
3.0982e+06
3.09864e+06
3.10013e+06
3.09889e+06
3.10029e+06
3.09962e+06
3.10012e+06
3.09996e+06
3.10004e+06
3.10002e+06
3.10002e+06
3.10001e+06
3.1e+06
3.1e+06
3.1e+06
3.1e+06
3.1e+06
3.1e+06
3.1e+06
3.1e+06
3.1e+06
3.1e+06
3.1e+06
3.1e+06
3.1e+06
3.1e+06
3.1e+06
3.1e+06
3.1e+06
3.1e+06
3.08241e+06
3.11546e+06
3.09204e+06
3.1101e+06
3.09788e+06
3.1046e+06
3.10079e+06
3.10133e+06
3.1013e+06
3.10007e+06
3.10076e+06
3.09988e+06
3.10024e+06
3.09993e+06
3.10004e+06
3.09996e+06
3.1e+06
3.09998e+06
3.09999e+06
3.09999e+06
3.09999e+06
3.1e+06
3.1e+06
3.1e+06
3.1e+06
3.1e+06
3.1e+06
3.1e+06
3.1e+06
3.1e+06
3.1e+06
3.1e+06
3.1e+06
3.1e+06
3.1e+06
3.1e+06
3.0826e+06
3.11072e+06
3.08579e+06
3.1044e+06
3.09234e+06
3.1002e+06
3.09706e+06
3.0986e+06
3.09927e+06
3.09894e+06
3.09989e+06
3.09958e+06
3.10003e+06
3.09989e+06
3.10006e+06
3.09998e+06
3.10003e+06
3.1e+06
3.10001e+06
3.1e+06
3.1e+06
3.1e+06
3.1e+06
3.1e+06
3.1e+06
3.1e+06
3.1e+06
3.1e+06
3.1e+06
3.1e+06
3.1e+06
3.1e+06
3.1e+06
3.1e+06
3.1e+06
3.1e+06
3.10384e+06
3.10621e+06
3.1014e+06
3.10467e+06
3.10097e+06
3.10384e+06
3.10038e+06
3.10263e+06
3.10016e+06
3.10117e+06
3.10021e+06
3.10026e+06
3.10017e+06
3.09997e+06
3.10008e+06
3.09994e+06
3.10002e+06
3.09997e+06
3.1e+06
3.09999e+06
3.1e+06
3.1e+06
3.1e+06
3.1e+06
3.1e+06
3.1e+06
3.1e+06
3.1e+06
3.1e+06
3.1e+06
3.1e+06
3.1e+06
3.1e+06
3.1e+06
3.10001e+06
3.10001e+06
3.0983e+06
3.09601e+06
3.09756e+06
3.09856e+06
3.09631e+06
3.09987e+06
3.09685e+06
3.10017e+06
3.09813e+06
3.10012e+06
3.09926e+06
3.09996e+06
3.09988e+06
3.09991e+06
3.10006e+06
3.09994e+06
3.10004e+06
3.09998e+06
3.10001e+06
3.09999e+06
3.1e+06
3.1e+06
3.1e+06
3.1e+06
3.1e+06
3.1e+06
3.1e+06
3.1e+06
3.1e+06
3.1e+06
3.1e+06
3.1e+06
3.1e+06
3.10001e+06
3.10001e+06
3.10001e+06
3.09652e+06
3.09973e+06
3.10075e+06
3.10098e+06
3.10058e+06
3.10215e+06
3.09922e+06
3.10239e+06
3.099e+06
3.10141e+06
3.09961e+06
3.1004e+06
3.10002e+06
3.09999e+06
3.10009e+06
3.09994e+06
3.10004e+06
3.09997e+06
3.10001e+06
3.09999e+06
3.1e+06
3.1e+06
3.1e+06
3.1e+06
3.1e+06
3.1e+06
3.1e+06
3.1e+06
3.1e+06
3.1e+06
3.1e+06
3.1e+06
3.10001e+06
3.10001e+06
3.10001e+06
3.10001e+06
3.1121e+06
3.0828e+06
3.10922e+06
3.09418e+06
3.1019e+06
3.09996e+06
3.09852e+06
3.10157e+06
3.0983e+06
3.1011e+06
3.09921e+06
3.1003e+06
3.09987e+06
3.09995e+06
3.10005e+06
3.09993e+06
3.10004e+06
3.09997e+06
3.10001e+06
3.09999e+06
3.1e+06
3.1e+06
3.1e+06
3.1e+06
3.1e+06
3.1e+06
3.1e+06
3.1e+06
3.1e+06
3.1e+06
3.1e+06
3.10001e+06
3.10001e+06
3.10001e+06
3.10001e+06
3.10001e+06
3.11194e+06
3.07845e+06
3.11177e+06
3.08915e+06
3.10449e+06
3.09671e+06
3.09947e+06
3.10051e+06
3.09832e+06
3.10097e+06
3.0991e+06
3.10037e+06
3.09983e+06
3.10001e+06
3.10006e+06
3.09995e+06
3.10004e+06
3.09997e+06
3.10001e+06
3.09999e+06
3.1e+06
3.1e+06
3.1e+06
3.1e+06
3.1e+06
3.1e+06
3.1e+06
3.1e+06
3.1e+06
3.1e+06
3.10001e+06
3.10001e+06
3.10001e+06
3.10001e+06
3.10001e+06
3.10001e+06
3.13047e+06
3.08157e+06
3.11893e+06
3.09177e+06
3.10809e+06
3.09938e+06
3.10153e+06
3.10207e+06
3.09941e+06
3.10161e+06
3.09952e+06
3.10055e+06
3.0999e+06
3.10003e+06
3.10003e+06
3.09994e+06
3.10002e+06
3.09997e+06
3.1e+06
3.09999e+06
3.1e+06
3.1e+06
3.1e+06
3.1e+06
3.1e+06
3.1e+06
3.1e+06
3.1e+06
3.1e+06
3.10001e+06
3.10001e+06
3.10001e+06
3.10001e+06
3.10001e+06
3.10001e+06
3.10001e+06
3.12543e+06
3.0816e+06
3.11081e+06
3.08772e+06
3.1027e+06
3.09498e+06
3.09861e+06
3.09899e+06
3.09804e+06
3.10023e+06
3.09893e+06
3.10019e+06
3.09972e+06
3.10003e+06
3.1e+06
3.09998e+06
3.10003e+06
3.09999e+06
3.10001e+06
3.09999e+06
3.1e+06
3.1e+06
3.1e+06
3.1e+06
3.1e+06
3.1e+06
3.1e+06
3.1e+06
3.10001e+06
3.10001e+06
3.10001e+06
3.10001e+06
3.10001e+06
3.10001e+06
3.10001e+06
3.10001e+06
3.12387e+06
3.08675e+06
3.11781e+06
3.09452e+06
3.10889e+06
3.10036e+06
3.10287e+06
3.1023e+06
3.10038e+06
3.10158e+06
3.09994e+06
3.10057e+06
3.09998e+06
3.10008e+06
3.1e+06
3.09997e+06
3.09999e+06
3.09998e+06
3.09999e+06
3.09999e+06
3.1e+06
3.1e+06
3.1e+06
3.1e+06
3.1e+06
3.1e+06
3.1e+06
3.10001e+06
3.10001e+06
3.10001e+06
3.10001e+06
3.10001e+06
3.10001e+06
3.10001e+06
3.10001e+06
3.10001e+06
3.09641e+06
3.09174e+06
3.09845e+06
3.09439e+06
3.0984e+06
3.09601e+06
3.09873e+06
3.0976e+06
3.09922e+06
3.0991e+06
3.09954e+06
3.09983e+06
3.09984e+06
3.1e+06
3.09998e+06
3.10002e+06
3.10001e+06
3.10001e+06
3.1e+06
3.1e+06
3.1e+06
3.1e+06
3.1e+06
3.1e+06
3.1e+06
3.1e+06
3.10001e+06
3.10001e+06
3.10001e+06
3.10001e+06
3.10001e+06
3.10001e+06
3.10001e+06
3.10001e+06
3.10001e+06
3.10001e+06
3.10217e+06
3.10095e+06
3.10439e+06
3.10125e+06
3.10412e+06
3.10105e+06
3.10283e+06
3.10067e+06
3.10148e+06
3.10034e+06
3.10052e+06
3.10015e+06
3.10009e+06
3.10004e+06
3.09997e+06
3.1e+06
3.09997e+06
3.09999e+06
3.09999e+06
3.1e+06
3.1e+06
3.1e+06
3.1e+06
3.1e+06
3.1e+06
3.10001e+06
3.10001e+06
3.10001e+06
3.10001e+06
3.10001e+06
3.10001e+06
3.10001e+06
3.10001e+06
3.10001e+06
3.10001e+06
3.10001e+06
3.09879e+06
3.09916e+06
3.09775e+06
3.09837e+06
3.09853e+06
3.09775e+06
3.0999e+06
3.09792e+06
3.10037e+06
3.09896e+06
3.10013e+06
3.09978e+06
3.09999e+06
3.10004e+06
3.09998e+06
3.10006e+06
3.09999e+06
3.10002e+06
3.1e+06
3.10001e+06
3.1e+06
3.1e+06
3.1e+06
3.1e+06
3.10001e+06
3.10001e+06
3.10001e+06
3.10001e+06
3.10001e+06
3.10001e+06
3.10001e+06
3.10001e+06
3.10001e+06
3.10001e+06
3.10001e+06
3.10001e+06
3.09466e+06
3.11011e+06
3.09619e+06
3.10387e+06
3.0999e+06
3.10051e+06
3.10154e+06
3.09924e+06
3.10135e+06
3.09941e+06
3.10051e+06
3.09984e+06
3.10004e+06
3.10001e+06
3.09993e+06
3.10003e+06
3.09996e+06
3.10001e+06
3.09999e+06
3.1e+06
3.1e+06
3.1e+06
3.1e+06
3.10001e+06
3.10001e+06
3.10001e+06
3.10001e+06
3.10001e+06
3.10001e+06
3.10001e+06
3.10001e+06
3.10001e+06
3.10001e+06
3.10001e+06
3.10001e+06
3.10001e+06
3.0941e+06
3.11051e+06
3.0935e+06
3.10482e+06
3.09745e+06
3.10093e+06
3.10041e+06
3.09912e+06
3.10106e+06
3.09929e+06
3.10051e+06
3.09985e+06
3.10009e+06
3.10007e+06
3.09997e+06
3.10007e+06
3.09998e+06
3.10003e+06
3.09999e+06
3.10001e+06
3.1e+06
3.10001e+06
3.10001e+06
3.10001e+06
3.10001e+06
3.10001e+06
3.10001e+06
3.10001e+06
3.10001e+06
3.10001e+06
3.10001e+06
3.10001e+06
3.10001e+06
3.10001e+06
3.10001e+06
3.10001e+06
3.08522e+06
3.1096e+06
3.09094e+06
3.10432e+06
3.09646e+06
3.10019e+06
3.09985e+06
3.09861e+06
3.10069e+06
3.09899e+06
3.10027e+06
3.09969e+06
3.09998e+06
3.1e+06
3.09993e+06
3.10005e+06
3.09996e+06
3.10002e+06
3.09999e+06
3.10001e+06
3.1e+06
3.10001e+06
3.10001e+06
3.10001e+06
3.10001e+06
3.10001e+06
3.10001e+06
3.10001e+06
3.10001e+06
3.10001e+06
3.10001e+06
3.10001e+06
3.10001e+06
3.10001e+06
3.10001e+06
3.10001e+06
3.08495e+06
3.10817e+06
3.094e+06
3.10579e+06
3.09862e+06
3.10203e+06
3.10107e+06
3.09998e+06
3.10133e+06
3.09967e+06
3.10061e+06
3.09995e+06
3.10012e+06
3.10007e+06
3.09998e+06
3.10006e+06
3.09998e+06
3.10003e+06
3.1e+06
3.10001e+06
3.10001e+06
3.10001e+06
3.10001e+06
3.10001e+06
3.10001e+06
3.10001e+06
3.10001e+06
3.10001e+06
3.10001e+06
3.10001e+06
3.10001e+06
3.10001e+06
3.10001e+06
3.10001e+06
3.10001e+06
3.08561e+06
3.10582e+06
3.09099e+06
3.10268e+06
3.09594e+06
3.09948e+06
3.09916e+06
3.09838e+06
3.10023e+06
3.09899e+06
3.10009e+06
3.09972e+06
3.09995e+06
3.10001e+06
3.09995e+06
3.10005e+06
3.09998e+06
3.10003e+06
3.1e+06
3.10002e+06
3.10001e+06
3.10001e+06
3.10001e+06
3.10001e+06
3.10001e+06
3.10001e+06
3.10001e+06
3.10002e+06
3.10002e+06
3.10002e+06
3.10002e+06
3.10002e+06
3.10002e+06
3.10001e+06
3.10185e+06
3.10478e+06
3.10057e+06
3.10268e+06
3.10091e+06
3.10148e+06
3.10113e+06
3.1006e+06
3.10081e+06
3.10015e+06
3.10034e+06
3.10008e+06
3.10005e+06
3.10007e+06
3.09997e+06
3.10005e+06
3.09999e+06
3.10002e+06
3.1e+06
3.10001e+06
3.10001e+06
3.10001e+06
3.10001e+06
3.10002e+06
3.10002e+06
3.10002e+06
3.10002e+06
3.10002e+06
3.10002e+06
3.10002e+06
3.10002e+06
3.10002e+06
3.10002e+06
3.10002e+06
3.10683e+06
3.10361e+06
3.09741e+06
3.09977e+06
3.09818e+06
3.09913e+06
3.09923e+06
3.09912e+06
3.0998e+06
3.09958e+06
3.09992e+06
3.09993e+06
3.09995e+06
3.10005e+06
3.09998e+06
3.10006e+06
3.10001e+06
3.10003e+06
3.10002e+06
3.10002e+06
3.10002e+06
3.10002e+06
3.10002e+06
3.10002e+06
3.10002e+06
3.10002e+06
3.10002e+06
3.10002e+06
3.10002e+06
3.10002e+06
3.10002e+06
3.10002e+06
3.10002e+06
3.10002e+06
3.10002e+06
3.10001e+06
3.10002e+06
3.10002e+06
3.10002e+06
3.10002e+06
3.10002e+06
3.10002e+06
3.10002e+06
3.10002e+06
3.10002e+06
3.10002e+06
3.10002e+06
3.10002e+06
3.10002e+06
3.10002e+06
3.10002e+06
3.10003e+06
3.10003e+06
3.10002e+06
3.10002e+06
3.10002e+06
3.10002e+06
3.10002e+06
3.10002e+06
3.10002e+06
3.10002e+06
3.10002e+06
3.10002e+06
3.10002e+06
3.10002e+06
3.10002e+06
3.10002e+06
3.10003e+06
3.10003e+06
3.10003e+06
3.10003e+06
3.10002e+06
3.10002e+06
3.10002e+06
3.10002e+06
3.10002e+06
3.10002e+06
3.10002e+06
3.10002e+06
3.10002e+06
3.10002e+06
3.10002e+06
3.10003e+06
3.10003e+06
3.10003e+06
3.10003e+06
3.10003e+06
3.10003e+06
3.10003e+06
3.10002e+06
3.10002e+06
3.10002e+06
3.10002e+06
3.10002e+06
3.10002e+06
3.10002e+06
3.10002e+06
3.10003e+06
3.10003e+06
3.10003e+06
3.10003e+06
3.10003e+06
3.10003e+06
3.10003e+06
3.10003e+06
3.10003e+06
3.10002e+06
3.10002e+06
3.10002e+06
3.10002e+06
3.10002e+06
3.10002e+06
3.10004e+06
3.10004e+06
3.10003e+06
3.10003e+06
3.10003e+06
3.10003e+06
3.10003e+06
3.10003e+06
3.10003e+06
3.10003e+06
3.10003e+06
3.10002e+06
3.10002e+06
3.10002e+06
3.10002e+06
3.10004e+06
3.10004e+06
3.10004e+06
3.10004e+06
3.10003e+06
3.10003e+06
3.10003e+06
3.10003e+06
3.10003e+06
3.10003e+06
3.10003e+06
3.10003e+06
3.10002e+06
3.10002e+06
3.10002e+06
3.10004e+06
3.10004e+06
3.10004e+06
3.10004e+06
3.10004e+06
3.10003e+06
3.10003e+06
3.10003e+06
3.10003e+06
3.10003e+06
3.10003e+06
3.10003e+06
3.10002e+06
3.10002e+06
3.10002e+06
3.10004e+06
3.10004e+06
3.10004e+06
3.10004e+06
3.10004e+06
3.10004e+06
3.10003e+06
3.10003e+06
3.10003e+06
3.10003e+06
3.10003e+06
3.10003e+06
3.10003e+06
3.10002e+06
3.10002e+06
3.10005e+06
3.10005e+06
3.10004e+06
3.10004e+06
3.10004e+06
3.10004e+06
3.10004e+06
3.10003e+06
3.10003e+06
3.10003e+06
3.10003e+06
3.10003e+06
3.10003e+06
3.10002e+06
3.10002e+06
3.10005e+06
3.10005e+06
3.10005e+06
3.10004e+06
3.10004e+06
3.10004e+06
3.10004e+06
3.10004e+06
3.10003e+06
3.10003e+06
3.10003e+06
3.10003e+06
3.10003e+06
3.10003e+06
)
;

boundaryField
{
    inlet
    {
        type            fixedValue;
        value           nonuniform List<scalar> 0();
    }
    outlet
    {
        type            fixedValue;
        value           uniform 3.1e+06;
    }
    walls
    {
        type            fixedFluxPressure;
        gradient        nonuniform List<scalar> 0();
        value           nonuniform List<scalar> 0();
    }
    side1
    {
        type            cyclic;
    }
    side2
    {
        type            cyclic;
    }
    procBoundary0to2
    {
        type            processor;
        value           nonuniform List<scalar> 
112
(
3.1e+06
3.1e+06
3.1e+06
3.1e+06
3.1e+06
3.1e+06
3.1e+06
3.1e+06
3.1e+06
3.1e+06
3.1e+06
3.1e+06
3.1e+06
3.10001e+06
3.10001e+06
3.10001e+06
3.10001e+06
3.10001e+06
3.10001e+06
3.10001e+06
3.10001e+06
3.10001e+06
3.10001e+06
3.10001e+06
3.10001e+06
3.10001e+06
3.10001e+06
3.10001e+06
3.10001e+06
3.10001e+06
3.10001e+06
3.10001e+06
3.10002e+06
3.10002e+06
3.10002e+06
3.10002e+06
3.10002e+06
3.10002e+06
3.10002e+06
3.10002e+06
3.10002e+06
3.10002e+06
3.10002e+06
3.10002e+06
3.10002e+06
3.10004e+06
3.10004e+06
3.10004e+06
3.10004e+06
3.10004e+06
3.10003e+06
3.10003e+06
3.10003e+06
3.10003e+06
3.10002e+06
3.10003e+06
3.1e+06
3.1e+06
3.1e+06
3.1e+06
3.1e+06
3.1e+06
3.1e+06
3.1e+06
3.1e+06
3.1e+06
3.1e+06
3.1e+06
3.1e+06
3.10001e+06
3.10001e+06
3.10001e+06
3.10001e+06
3.10001e+06
3.10001e+06
3.10001e+06
3.10001e+06
3.10001e+06
3.10001e+06
3.10001e+06
3.10001e+06
3.10001e+06
3.10001e+06
3.10001e+06
3.10001e+06
3.10001e+06
3.10001e+06
3.10001e+06
3.10002e+06
3.10002e+06
3.10002e+06
3.10002e+06
3.10002e+06
3.10002e+06
3.10002e+06
3.10002e+06
3.10002e+06
3.10002e+06
3.10002e+06
3.10002e+06
3.10002e+06
3.10004e+06
3.10004e+06
3.10004e+06
3.10004e+06
3.10004e+06
3.10003e+06
3.10003e+06
3.10003e+06
3.10003e+06
3.10002e+06
3.10003e+06
)
;
    }
    procBoundary0to3
    {
        type            processor;
        value           nonuniform List<scalar> 
70
(
3.10262e+06
3.10117e+06
3.10111e+06
3.10074e+06
3.10086e+06
3.10065e+06
3.10045e+06
3.10036e+06
3.10018e+06
3.10013e+06
3.10009e+06
3.10001e+06
3.10005e+06
3.09999e+06
3.10003e+06
3.1e+06
3.10262e+06
3.0994e+06
3.10536e+06
3.1e+06
3.10004e+06
3.10004e+06
3.10003e+06
3.10003e+06
3.10003e+06
3.10004e+06
3.10004e+06
3.10004e+06
3.10005e+06
3.10005e+06
3.10005e+06
3.10005e+06
3.10005e+06
3.10005e+06
3.10005e+06
3.10005e+06
3.10536e+06
3.10262e+06
3.10117e+06
3.10111e+06
3.10074e+06
3.10086e+06
3.10065e+06
3.10045e+06
3.10036e+06
3.10018e+06
3.10013e+06
3.10009e+06
3.10001e+06
3.10005e+06
3.09999e+06
3.10003e+06
3.1e+06
3.1e+06
3.10004e+06
3.10004e+06
3.10003e+06
3.10003e+06
3.10003e+06
3.10004e+06
3.10004e+06
3.10004e+06
3.10005e+06
3.10005e+06
3.10005e+06
3.10005e+06
3.10005e+06
3.10005e+06
3.10005e+06
3.10005e+06
)
;
    }
    procBoundary0to3throughside2
    {
        type            processorCyclic;
        value           uniform 3.10536e+06;
    }
}


// ************************************************************************* //
