/*--------------------------------*- C++ -*----------------------------------*\
| =========                 |                                                 |
| \\      /  F ield         | OpenFOAM: The Open Source CFD Toolbox           |
|  \\    /   O peration     | Version:  v2012                                 |
|   \\  /    A nd           | Website:  www.openfoam.com                      |
|    \\/     M anipulation  |                                                 |
\*---------------------------------------------------------------------------*/
FoamFile
{
    version     2.0;
    format      ascii;
    class       volScalarField;
    location    "0.7";
    object      p;
}
// * * * * * * * * * * * * * * * * * * * * * * * * * * * * * * * * * * * * * //

dimensions      [1 -1 -2 0 0 0 0];


internalField   nonuniform List<scalar> 
3332
(
3.49969e+06
3.49969e+06
3.4997e+06
3.4997e+06
3.4997e+06
3.4997e+06
3.4997e+06
3.49971e+06
3.49971e+06
3.49971e+06
3.49971e+06
3.49971e+06
3.49971e+06
3.49971e+06
3.49971e+06
3.49971e+06
3.49972e+06
3.49972e+06
3.49972e+06
3.49972e+06
3.49967e+06
3.49968e+06
3.49968e+06
3.49968e+06
3.49969e+06
3.49969e+06
3.49969e+06
3.49969e+06
3.49969e+06
3.4997e+06
3.4997e+06
3.4997e+06
3.4997e+06
3.4997e+06
3.4997e+06
3.4997e+06
3.4997e+06
3.49971e+06
3.49971e+06
3.49971e+06
3.49971e+06
3.49971e+06
3.49965e+06
3.49969e+06
3.49969e+06
3.49968e+06
3.49969e+06
3.49969e+06
3.49969e+06
3.49968e+06
3.49967e+06
3.49967e+06
3.49964e+06
3.49964e+06
3.49965e+06
3.49965e+06
3.49966e+06
3.49966e+06
3.49967e+06
3.49967e+06
3.49967e+06
3.49968e+06
3.49968e+06
3.49968e+06
3.49968e+06
3.49969e+06
3.49969e+06
3.49969e+06
3.49969e+06
3.49969e+06
3.49969e+06
3.49969e+06
3.49969e+06
3.4997e+06
3.4997e+06
3.4997e+06
3.4997e+06
3.4997e+06
3.4997e+06
3.49966e+06
3.49966e+06
3.49964e+06
3.49962e+06
3.49962e+06
3.49961e+06
3.49963e+06
3.49964e+06
3.49965e+06
3.49966e+06
3.49963e+06
3.49962e+06
3.49963e+06
3.49963e+06
3.49964e+06
3.49964e+06
3.49965e+06
3.49965e+06
3.49966e+06
3.49966e+06
3.49966e+06
3.49967e+06
3.49967e+06
3.49967e+06
3.49967e+06
3.49968e+06
3.49968e+06
3.49968e+06
3.49968e+06
3.49968e+06
3.49968e+06
3.49968e+06
3.49969e+06
3.49969e+06
3.49969e+06
3.49969e+06
3.49969e+06
3.49969e+06
3.4997e+06
3.49963e+06
3.49966e+06
3.49961e+06
3.49957e+06
3.49959e+06
3.49958e+06
3.49961e+06
3.49962e+06
3.49963e+06
3.49964e+06
3.49961e+06
3.49961e+06
3.49962e+06
3.49962e+06
3.49963e+06
3.49963e+06
3.49964e+06
3.49964e+06
3.49965e+06
3.49965e+06
3.49965e+06
3.49966e+06
3.49966e+06
3.49966e+06
3.49966e+06
3.49967e+06
3.49967e+06
3.49967e+06
3.49967e+06
3.49967e+06
3.49967e+06
3.49967e+06
3.49968e+06
3.49968e+06
3.49968e+06
3.49968e+06
3.49968e+06
3.49969e+06
3.49969e+06
3.49969e+06
3.49963e+06
3.49965e+06
3.49962e+06
3.49959e+06
3.4996e+06
3.49958e+06
3.4996e+06
3.4996e+06
3.49961e+06
3.49963e+06
3.4996e+06
3.49959e+06
3.4996e+06
3.49961e+06
3.49962e+06
3.49962e+06
3.49963e+06
3.49963e+06
3.49964e+06
3.49964e+06
3.49964e+06
3.49965e+06
3.49965e+06
3.49965e+06
3.49965e+06
3.49966e+06
3.49966e+06
3.49966e+06
3.49966e+06
3.49966e+06
3.49966e+06
3.49966e+06
3.49967e+06
3.49967e+06
3.49967e+06
3.49967e+06
3.49967e+06
3.49968e+06
3.49968e+06
3.49968e+06
3.4996e+06
3.49963e+06
3.4996e+06
3.49957e+06
3.49958e+06
3.49956e+06
3.49957e+06
3.49958e+06
3.4996e+06
3.49961e+06
3.49958e+06
3.49958e+06
3.49959e+06
3.49959e+06
3.4996e+06
3.49961e+06
3.49962e+06
3.49962e+06
3.49963e+06
3.49963e+06
3.49963e+06
3.49964e+06
3.49964e+06
3.49964e+06
3.49964e+06
3.49965e+06
3.49965e+06
3.49965e+06
3.49965e+06
3.49965e+06
3.49965e+06
3.49965e+06
3.49966e+06
3.49966e+06
3.49966e+06
3.49966e+06
3.49967e+06
3.49967e+06
3.49967e+06
3.49967e+06
3.49968e+06
3.49958e+06
3.49961e+06
3.49959e+06
3.49957e+06
3.49957e+06
3.49955e+06
3.49956e+06
3.49957e+06
3.49959e+06
3.4996e+06
3.49957e+06
3.49957e+06
3.49958e+06
3.49958e+06
3.49959e+06
3.4996e+06
3.49961e+06
3.49961e+06
3.49962e+06
3.49962e+06
3.49962e+06
3.49963e+06
3.49963e+06
3.49963e+06
3.49963e+06
3.49963e+06
3.49964e+06
3.49964e+06
3.49964e+06
3.49964e+06
3.49964e+06
3.49964e+06
3.49965e+06
3.49965e+06
3.49965e+06
3.49965e+06
3.49966e+06
3.49966e+06
3.49966e+06
3.49967e+06
3.49967e+06
3.4996e+06
3.49962e+06
3.49959e+06
3.49957e+06
3.49957e+06
3.49955e+06
3.49956e+06
3.49956e+06
3.49958e+06
3.49959e+06
3.49956e+06
3.49956e+06
3.49957e+06
3.49957e+06
3.49958e+06
3.49959e+06
3.49959e+06
3.4996e+06
3.4996e+06
3.49961e+06
3.49961e+06
3.49961e+06
3.49962e+06
3.49962e+06
3.49962e+06
3.49962e+06
3.49962e+06
3.49963e+06
3.49963e+06
3.49963e+06
3.49963e+06
3.49963e+06
3.49964e+06
3.49964e+06
3.49964e+06
3.49964e+06
3.49965e+06
3.49965e+06
3.49965e+06
3.49966e+06
3.49966e+06
3.49957e+06
3.4996e+06
3.49958e+06
3.49956e+06
3.49957e+06
3.49955e+06
3.49955e+06
3.49955e+06
3.49957e+06
3.49958e+06
3.49955e+06
3.49955e+06
3.49956e+06
3.49956e+06
3.49957e+06
3.49958e+06
3.49958e+06
3.49959e+06
3.49959e+06
3.4996e+06
3.4996e+06
3.4996e+06
3.4996e+06
3.49961e+06
3.49961e+06
3.49961e+06
3.49961e+06
3.49961e+06
3.49962e+06
3.49962e+06
3.49962e+06
3.49962e+06
3.49963e+06
3.49963e+06
3.49963e+06
3.49963e+06
3.49964e+06
3.49964e+06
3.49964e+06
3.49965e+06
3.49965e+06
3.49956e+06
3.4996e+06
3.49958e+06
3.49956e+06
3.49956e+06
3.49954e+06
3.49955e+06
3.49956e+06
3.49956e+06
3.49958e+06
3.49955e+06
3.49954e+06
3.49955e+06
3.49955e+06
3.49956e+06
3.49957e+06
3.49957e+06
3.49958e+06
3.49958e+06
3.49958e+06
3.49959e+06
3.49959e+06
3.49959e+06
3.49959e+06
3.4996e+06
3.4996e+06
3.4996e+06
3.4996e+06
3.4996e+06
3.49961e+06
3.49961e+06
3.49961e+06
3.49961e+06
3.49962e+06
3.49962e+06
3.49962e+06
3.49963e+06
3.49963e+06
3.49963e+06
3.49964e+06
3.49964e+06
3.49953e+06
3.49956e+06
3.49956e+06
3.49954e+06
3.49956e+06
3.49955e+06
3.49955e+06
3.49957e+06
3.49957e+06
3.49957e+06
3.49954e+06
3.49953e+06
3.49954e+06
3.49954e+06
3.49955e+06
3.49956e+06
3.49956e+06
3.49956e+06
3.49957e+06
3.49957e+06
3.49957e+06
3.49958e+06
3.49958e+06
3.49958e+06
3.49958e+06
3.49959e+06
3.49959e+06
3.49959e+06
3.49959e+06
3.4996e+06
3.4996e+06
3.4996e+06
3.4996e+06
3.49961e+06
3.49961e+06
3.49961e+06
3.49962e+06
3.49962e+06
3.49963e+06
3.49963e+06
3.49963e+06
3.49951e+06
3.49955e+06
3.49956e+06
3.49955e+06
3.49955e+06
3.49952e+06
3.49952e+06
3.49954e+06
3.4995e+06
3.49951e+06
3.49952e+06
3.49952e+06
3.49953e+06
3.49953e+06
3.49954e+06
3.49955e+06
3.49955e+06
3.49955e+06
3.49956e+06
3.49956e+06
3.49956e+06
3.49956e+06
3.49957e+06
3.49957e+06
3.49957e+06
3.49957e+06
3.49958e+06
3.49958e+06
3.49958e+06
3.49958e+06
3.49959e+06
3.49959e+06
3.49959e+06
3.4996e+06
3.4996e+06
3.4996e+06
3.49961e+06
3.49961e+06
3.49962e+06
3.49962e+06
3.49962e+06
3.49947e+06
3.49949e+06
3.49952e+06
3.49952e+06
3.49954e+06
3.49952e+06
3.49952e+06
3.49954e+06
3.4995e+06
3.49951e+06
3.49952e+06
3.49951e+06
3.49952e+06
3.49953e+06
3.49953e+06
3.49953e+06
3.49954e+06
3.49954e+06
3.49954e+06
3.49955e+06
3.49955e+06
3.49955e+06
3.49955e+06
3.49955e+06
3.49956e+06
3.49956e+06
3.49956e+06
3.49956e+06
3.49957e+06
3.49957e+06
3.49957e+06
3.49958e+06
3.49958e+06
3.49958e+06
3.49959e+06
3.49959e+06
3.4996e+06
3.4996e+06
3.49961e+06
3.49961e+06
3.49962e+06
3.49945e+06
3.49948e+06
3.49952e+06
3.49952e+06
3.49952e+06
3.4995e+06
3.49951e+06
3.49954e+06
3.4995e+06
3.4995e+06
3.49951e+06
3.49951e+06
3.49951e+06
3.49952e+06
3.49952e+06
3.49952e+06
3.49952e+06
3.49953e+06
3.49953e+06
3.49953e+06
3.49953e+06
3.49954e+06
3.49954e+06
3.49954e+06
3.49954e+06
3.49955e+06
3.49955e+06
3.49955e+06
3.49955e+06
3.49956e+06
3.49956e+06
3.49956e+06
3.49957e+06
3.49957e+06
3.49958e+06
3.49958e+06
3.49959e+06
3.49959e+06
3.4996e+06
3.4996e+06
3.49961e+06
3.49944e+06
3.49946e+06
3.49949e+06
3.4995e+06
3.49952e+06
3.4995e+06
3.4995e+06
3.49952e+06
3.49948e+06
3.49949e+06
3.4995e+06
3.4995e+06
3.4995e+06
3.49951e+06
3.49951e+06
3.49951e+06
3.49951e+06
3.49951e+06
3.49951e+06
3.49952e+06
3.49952e+06
3.49952e+06
3.49952e+06
3.49953e+06
3.49953e+06
3.49953e+06
3.49953e+06
3.49954e+06
3.49954e+06
3.49954e+06
3.49955e+06
3.49955e+06
3.49956e+06
3.49956e+06
3.49957e+06
3.49957e+06
3.49958e+06
3.49958e+06
3.49959e+06
3.49959e+06
3.4996e+06
3.50035e+06
3.50019e+06
3.49936e+06
3.49943e+06
3.49941e+06
3.49942e+06
3.49946e+06
3.49949e+06
3.49947e+06
3.49949e+06
3.49949e+06
3.49949e+06
3.49949e+06
3.49949e+06
3.4995e+06
3.4995e+06
3.4995e+06
3.4995e+06
3.4995e+06
3.4995e+06
3.4995e+06
3.49951e+06
3.49951e+06
3.49951e+06
3.49951e+06
3.49952e+06
3.49952e+06
3.49952e+06
3.49953e+06
3.49953e+06
3.49953e+06
3.49954e+06
3.49954e+06
3.49955e+06
3.49955e+06
3.49956e+06
3.49956e+06
3.49957e+06
3.49958e+06
3.49958e+06
3.49959e+06
3.50037e+06
3.50027e+06
3.4994e+06
3.49945e+06
3.49938e+06
3.49941e+06
3.49946e+06
3.49948e+06
3.49945e+06
3.49947e+06
3.49948e+06
3.49948e+06
3.49948e+06
3.49948e+06
3.49948e+06
3.49948e+06
3.49948e+06
3.49948e+06
3.49948e+06
3.49948e+06
3.49949e+06
3.49949e+06
3.49949e+06
3.49949e+06
3.4995e+06
3.4995e+06
3.4995e+06
3.49951e+06
3.49951e+06
3.49952e+06
3.49952e+06
3.49953e+06
3.49953e+06
3.49954e+06
3.49954e+06
3.49955e+06
3.49955e+06
3.49956e+06
3.49957e+06
3.49957e+06
3.49958e+06
3.5004e+06
3.50025e+06
3.50053e+06
3.5005e+06
3.49939e+06
3.4994e+06
3.49935e+06
3.49942e+06
3.49942e+06
3.49945e+06
3.49946e+06
3.49946e+06
3.49946e+06
3.49947e+06
3.49946e+06
3.49946e+06
3.49946e+06
3.49946e+06
3.49947e+06
3.49947e+06
3.49947e+06
3.49947e+06
3.49947e+06
3.49948e+06
3.49948e+06
3.49948e+06
3.49949e+06
3.49949e+06
3.4995e+06
3.4995e+06
3.49951e+06
3.49951e+06
3.49952e+06
3.49952e+06
3.49953e+06
3.49954e+06
3.49954e+06
3.49955e+06
3.49956e+06
3.49956e+06
3.49957e+06
3.50039e+06
3.50029e+06
3.50056e+06
3.5005e+06
3.49933e+06
3.49937e+06
3.49933e+06
3.4994e+06
3.4994e+06
3.49943e+06
3.49944e+06
3.49944e+06
3.49945e+06
3.49945e+06
3.49945e+06
3.49945e+06
3.49945e+06
3.49945e+06
3.49945e+06
3.49945e+06
3.49945e+06
3.49945e+06
3.49946e+06
3.49946e+06
3.49946e+06
3.49947e+06
3.49947e+06
3.49948e+06
3.49948e+06
3.49949e+06
3.49949e+06
3.4995e+06
3.4995e+06
3.49951e+06
3.49952e+06
3.49952e+06
3.49953e+06
3.49954e+06
3.49954e+06
3.49955e+06
3.49956e+06
3.50032e+06
3.50016e+06
3.5005e+06
3.50045e+06
3.49934e+06
3.49939e+06
3.49932e+06
3.49939e+06
3.49938e+06
3.49941e+06
3.49942e+06
3.49943e+06
3.49943e+06
3.49943e+06
3.49943e+06
3.49943e+06
3.49943e+06
3.49943e+06
3.49943e+06
3.49943e+06
3.49943e+06
3.49943e+06
3.49944e+06
3.49944e+06
3.49945e+06
3.49945e+06
3.49945e+06
3.49946e+06
3.49947e+06
3.49947e+06
3.49948e+06
3.49948e+06
3.49949e+06
3.4995e+06
3.49951e+06
3.49951e+06
3.49952e+06
3.49953e+06
3.49953e+06
3.49954e+06
3.49955e+06
3.50028e+06
3.5001e+06
3.50046e+06
3.50042e+06
3.49932e+06
3.49936e+06
3.49929e+06
3.49936e+06
3.49936e+06
3.49939e+06
3.49939e+06
3.49941e+06
3.49941e+06
3.49941e+06
3.49941e+06
3.49941e+06
3.49941e+06
3.49941e+06
3.49941e+06
3.49941e+06
3.49941e+06
3.49941e+06
3.49942e+06
3.49942e+06
3.49943e+06
3.49943e+06
3.49944e+06
3.49944e+06
3.49945e+06
3.49946e+06
3.49946e+06
3.49947e+06
3.49948e+06
3.49948e+06
3.49949e+06
3.4995e+06
3.49951e+06
3.49952e+06
3.49952e+06
3.49953e+06
3.49954e+06
3.50027e+06
3.50012e+06
3.50038e+06
3.50035e+06
3.49926e+06
3.49933e+06
3.49925e+06
3.49933e+06
3.49934e+06
3.49937e+06
3.49937e+06
3.49938e+06
3.49939e+06
3.49939e+06
3.49938e+06
3.49938e+06
3.49938e+06
3.49938e+06
3.49939e+06
3.49939e+06
3.49939e+06
3.49939e+06
3.4994e+06
3.4994e+06
3.49941e+06
3.49941e+06
3.49942e+06
3.49943e+06
3.49943e+06
3.49944e+06
3.49945e+06
3.49946e+06
3.49946e+06
3.49947e+06
3.49948e+06
3.49949e+06
3.4995e+06
3.4995e+06
3.49951e+06
3.49952e+06
3.49953e+06
3.50027e+06
3.50013e+06
3.50038e+06
3.50033e+06
3.49927e+06
3.49934e+06
3.49919e+06
3.49929e+06
3.4993e+06
3.49934e+06
3.49934e+06
3.49936e+06
3.49936e+06
3.49936e+06
3.49936e+06
3.49936e+06
3.49936e+06
3.49936e+06
3.49936e+06
3.49936e+06
3.49937e+06
3.49937e+06
3.49938e+06
3.49938e+06
3.49939e+06
3.4994e+06
3.4994e+06
3.49941e+06
3.49942e+06
3.49942e+06
3.49943e+06
3.49944e+06
3.49945e+06
3.49946e+06
3.49947e+06
3.49947e+06
3.49948e+06
3.49949e+06
3.4995e+06
3.49951e+06
3.49952e+06
3.50024e+06
3.50006e+06
3.50026e+06
3.50026e+06
3.50019e+06
3.50013e+06
3.49936e+06
3.49928e+06
3.49928e+06
3.49932e+06
3.49932e+06
3.49933e+06
3.49934e+06
3.49934e+06
3.49933e+06
3.49933e+06
3.49933e+06
3.49934e+06
3.49934e+06
3.49934e+06
3.49935e+06
3.49935e+06
3.49936e+06
3.49936e+06
3.49937e+06
3.49938e+06
3.49938e+06
3.49939e+06
3.4994e+06
3.49941e+06
3.49942e+06
3.49943e+06
3.49943e+06
3.49944e+06
3.49945e+06
3.49946e+06
3.49947e+06
3.49948e+06
3.49949e+06
3.4995e+06
3.49951e+06
3.50024e+06
3.50009e+06
3.50029e+06
3.50027e+06
3.50019e+06
3.50008e+06
3.49935e+06
3.49932e+06
3.49929e+06
3.49931e+06
3.4993e+06
3.49931e+06
3.49931e+06
3.49931e+06
3.49931e+06
3.49931e+06
3.49931e+06
3.49931e+06
3.49931e+06
3.49932e+06
3.49932e+06
3.49933e+06
3.49933e+06
3.49934e+06
3.49935e+06
3.49936e+06
3.49936e+06
3.49937e+06
3.49938e+06
3.49939e+06
3.4994e+06
3.49941e+06
3.49942e+06
3.49943e+06
3.49944e+06
3.49945e+06
3.49946e+06
3.49947e+06
3.49948e+06
3.49949e+06
3.4995e+06
3.50029e+06
3.50019e+06
3.50016e+06
3.50012e+06
3.50012e+06
3.50019e+06
3.50012e+06
3.50002e+06
3.49934e+06
3.49923e+06
3.49927e+06
3.49928e+06
3.49928e+06
3.49928e+06
3.49928e+06
3.49928e+06
3.49928e+06
3.49928e+06
3.49928e+06
3.49929e+06
3.4993e+06
3.4993e+06
3.49931e+06
3.49932e+06
3.49933e+06
3.49934e+06
3.49935e+06
3.49936e+06
3.49936e+06
3.49937e+06
3.49938e+06
3.49939e+06
3.49941e+06
3.49942e+06
3.49943e+06
3.49944e+06
3.49945e+06
3.49946e+06
3.49947e+06
3.49948e+06
3.49949e+06
3.50026e+06
3.50017e+06
3.50017e+06
3.50014e+06
3.50008e+06
3.5001e+06
3.50015e+06
3.50006e+06
3.49936e+06
3.49921e+06
3.49924e+06
3.49925e+06
3.49925e+06
3.49925e+06
3.49925e+06
3.49924e+06
3.49925e+06
3.49925e+06
3.49925e+06
3.49926e+06
3.49927e+06
3.49928e+06
3.49929e+06
3.4993e+06
3.49931e+06
3.49932e+06
3.49933e+06
3.49934e+06
3.49935e+06
3.49936e+06
3.49937e+06
3.49938e+06
3.49939e+06
3.4994e+06
3.49941e+06
3.49942e+06
3.49943e+06
3.49944e+06
3.49945e+06
3.49946e+06
3.49947e+06
3.5003e+06
3.50023e+06
3.50017e+06
3.5001e+06
3.50009e+06
3.5001e+06
3.50011e+06
3.50001e+06
3.49931e+06
3.49917e+06
3.4992e+06
3.49921e+06
3.49921e+06
3.49921e+06
3.49921e+06
3.49921e+06
3.49921e+06
3.49922e+06
3.49923e+06
3.49923e+06
3.49924e+06
3.49925e+06
3.49926e+06
3.49927e+06
3.49928e+06
3.4993e+06
3.49931e+06
3.49932e+06
3.49933e+06
3.49934e+06
3.49935e+06
3.49936e+06
3.49937e+06
3.49939e+06
3.4994e+06
3.49941e+06
3.49942e+06
3.49943e+06
3.49944e+06
3.49945e+06
3.49946e+06
3.50026e+06
3.50017e+06
3.50015e+06
3.5001e+06
3.50007e+06
3.50008e+06
3.50008e+06
3.49998e+06
3.49927e+06
3.49913e+06
3.49917e+06
3.49917e+06
3.49918e+06
3.49918e+06
3.49917e+06
3.49917e+06
3.49918e+06
3.49919e+06
3.49919e+06
3.4992e+06
3.49921e+06
3.49923e+06
3.49924e+06
3.49925e+06
3.49926e+06
3.49927e+06
3.49929e+06
3.4993e+06
3.49931e+06
3.49932e+06
3.49933e+06
3.49935e+06
3.49936e+06
3.49937e+06
3.49938e+06
3.49939e+06
3.49941e+06
3.49942e+06
3.49943e+06
3.49944e+06
3.49945e+06
3.50021e+06
3.50016e+06
3.5001e+06
3.50005e+06
3.50006e+06
3.50007e+06
3.50004e+06
3.49994e+06
3.49924e+06
3.4991e+06
3.49913e+06
3.49913e+06
3.49914e+06
3.49914e+06
3.49914e+06
3.49914e+06
3.49914e+06
3.49915e+06
3.49916e+06
3.49917e+06
3.49919e+06
3.4992e+06
3.49921e+06
3.49923e+06
3.49924e+06
3.49925e+06
3.49927e+06
3.49928e+06
3.49929e+06
3.4993e+06
3.49932e+06
3.49933e+06
3.49934e+06
3.49936e+06
3.49937e+06
3.49938e+06
3.49939e+06
3.4994e+06
3.49942e+06
3.49943e+06
3.49944e+06
3.50017e+06
3.5001e+06
3.50008e+06
3.50004e+06
3.50005e+06
3.50006e+06
3.50002e+06
3.49992e+06
3.49921e+06
3.49906e+06
3.49909e+06
3.49909e+06
3.49909e+06
3.49909e+06
3.49909e+06
3.4991e+06
3.49911e+06
3.49912e+06
3.49913e+06
3.49914e+06
3.49916e+06
3.49917e+06
3.49919e+06
3.4992e+06
3.49922e+06
3.49923e+06
3.49924e+06
3.49926e+06
3.49927e+06
3.49929e+06
3.4993e+06
3.49931e+06
3.49933e+06
3.49934e+06
3.49935e+06
3.49937e+06
3.49938e+06
3.49939e+06
3.4994e+06
3.49942e+06
3.49943e+06
3.50019e+06
3.50013e+06
3.50008e+06
3.50002e+06
3.50002e+06
3.50002e+06
3.5e+06
3.49989e+06
3.49917e+06
3.49901e+06
3.49904e+06
3.49904e+06
3.49905e+06
3.49905e+06
3.49905e+06
3.49906e+06
3.49907e+06
3.49908e+06
3.4991e+06
3.49911e+06
3.49913e+06
3.49915e+06
3.49916e+06
3.49918e+06
3.49919e+06
3.49921e+06
3.49922e+06
3.49924e+06
3.49925e+06
3.49927e+06
3.49928e+06
3.4993e+06
3.49931e+06
3.49932e+06
3.49934e+06
3.49935e+06
3.49936e+06
3.49938e+06
3.49939e+06
3.4994e+06
3.49942e+06
3.50015e+06
3.50009e+06
3.50005e+06
3.50001e+06
3.5e+06
3.49999e+06
3.49996e+06
3.49985e+06
3.49913e+06
3.49896e+06
3.49899e+06
3.49899e+06
3.499e+06
3.499e+06
3.49901e+06
3.49902e+06
3.49903e+06
3.49905e+06
3.49907e+06
3.49908e+06
3.4991e+06
3.49912e+06
3.49914e+06
3.49915e+06
3.49917e+06
3.49919e+06
3.4992e+06
3.49922e+06
3.49923e+06
3.49925e+06
3.49926e+06
3.49928e+06
3.49929e+06
3.49931e+06
3.49932e+06
3.49934e+06
3.49935e+06
3.49936e+06
3.49938e+06
3.49939e+06
3.4994e+06
3.50012e+06
3.50008e+06
3.50002e+06
3.49997e+06
3.49994e+06
3.49995e+06
3.4999e+06
3.49978e+06
3.49907e+06
3.4989e+06
3.49893e+06
3.49894e+06
3.49895e+06
3.49896e+06
3.49897e+06
3.49898e+06
3.499e+06
3.49902e+06
3.49903e+06
3.49905e+06
3.49907e+06
3.49909e+06
3.49911e+06
3.49913e+06
3.49914e+06
3.49916e+06
3.49918e+06
3.4992e+06
3.49921e+06
3.49923e+06
3.49924e+06
3.49926e+06
3.49927e+06
3.49929e+06
3.4993e+06
3.49932e+06
3.49933e+06
3.49935e+06
3.49936e+06
3.49938e+06
3.49939e+06
3.50007e+06
3.50002e+06
3.49998e+06
3.49994e+06
3.4999e+06
3.4999e+06
3.49984e+06
3.49971e+06
3.499e+06
3.49883e+06
3.49887e+06
3.49888e+06
3.4989e+06
3.49891e+06
3.49893e+06
3.49895e+06
3.49896e+06
3.49898e+06
3.499e+06
3.49902e+06
3.49904e+06
3.49906e+06
3.49908e+06
3.4991e+06
3.49912e+06
3.49914e+06
3.49916e+06
3.49917e+06
3.49919e+06
3.49921e+06
3.49922e+06
3.49924e+06
3.49926e+06
3.49927e+06
3.49929e+06
3.4993e+06
3.49932e+06
3.49933e+06
3.49935e+06
3.49937e+06
3.49938e+06
3.49996e+06
3.49994e+06
3.49991e+06
3.49987e+06
3.49984e+06
3.49982e+06
3.49977e+06
3.49963e+06
3.49893e+06
3.49877e+06
3.49881e+06
3.49883e+06
3.49885e+06
3.49887e+06
3.49889e+06
3.49891e+06
3.49893e+06
3.49895e+06
3.49897e+06
3.49899e+06
3.49901e+06
3.49903e+06
3.49905e+06
3.49907e+06
3.49909e+06
3.49911e+06
3.49913e+06
3.49915e+06
3.49917e+06
3.49919e+06
3.4992e+06
3.49922e+06
3.49924e+06
3.49925e+06
3.49927e+06
3.49929e+06
3.4993e+06
3.49932e+06
3.49934e+06
3.49935e+06
3.49937e+06
3.49995e+06
3.49994e+06
3.49987e+06
3.49982e+06
3.49976e+06
3.49972e+06
3.49968e+06
3.49954e+06
3.49886e+06
3.4987e+06
3.49875e+06
3.49878e+06
3.4988e+06
3.49883e+06
3.49885e+06
3.49887e+06
3.4989e+06
3.49892e+06
3.49894e+06
3.49896e+06
3.49898e+06
3.499e+06
3.49903e+06
3.49905e+06
3.49907e+06
3.49909e+06
3.49911e+06
3.49913e+06
3.49914e+06
3.49916e+06
3.49918e+06
3.4992e+06
3.49922e+06
3.49924e+06
3.49925e+06
3.49927e+06
3.49929e+06
3.4993e+06
3.49932e+06
3.49934e+06
3.49935e+06
3.49974e+06
3.49971e+06
3.49968e+06
3.49962e+06
3.49959e+06
3.49959e+06
3.49954e+06
3.49945e+06
3.4988e+06
3.49866e+06
3.49871e+06
3.49874e+06
3.49877e+06
3.49879e+06
3.49882e+06
3.49884e+06
3.49886e+06
3.49888e+06
3.49891e+06
3.49893e+06
3.49895e+06
3.49897e+06
3.49899e+06
3.49902e+06
3.49904e+06
3.49906e+06
3.49908e+06
3.4991e+06
3.49912e+06
3.49914e+06
3.49916e+06
3.49918e+06
3.4992e+06
3.49922e+06
3.49923e+06
3.49925e+06
3.49927e+06
3.49929e+06
3.49931e+06
3.49932e+06
3.49934e+06
3.49995e+06
3.49987e+06
3.49952e+06
3.49929e+06
3.49935e+06
3.49942e+06
3.49948e+06
3.49948e+06
3.49882e+06
3.49864e+06
3.49867e+06
3.49869e+06
3.49872e+06
3.49875e+06
3.49878e+06
3.4988e+06
3.49882e+06
3.49885e+06
3.49887e+06
3.49889e+06
3.49892e+06
3.49894e+06
3.49896e+06
3.49899e+06
3.49901e+06
3.49903e+06
3.49905e+06
3.49907e+06
3.4991e+06
3.49912e+06
3.49914e+06
3.49916e+06
3.49918e+06
3.4992e+06
3.49922e+06
3.49923e+06
3.49925e+06
3.49927e+06
3.49929e+06
3.49931e+06
3.49933e+06
3.49991e+06
3.49988e+06
3.49959e+06
3.49954e+06
3.49944e+06
3.49969e+06
3.49967e+06
3.49942e+06
3.4988e+06
3.49857e+06
3.49862e+06
3.49864e+06
3.49869e+06
3.4987e+06
3.49874e+06
3.49876e+06
3.49878e+06
3.49881e+06
3.49883e+06
3.49886e+06
3.49888e+06
3.4989e+06
3.49893e+06
3.49895e+06
3.49898e+06
3.499e+06
3.49902e+06
3.49905e+06
3.49907e+06
3.49909e+06
3.49911e+06
3.49913e+06
3.49915e+06
3.49918e+06
3.4992e+06
3.49922e+06
3.49924e+06
3.49926e+06
3.49928e+06
3.49929e+06
3.49931e+06
3.4984e+06
3.49845e+06
3.49852e+06
3.49858e+06
3.49863e+06
3.49865e+06
3.49869e+06
3.49872e+06
3.49874e+06
3.49876e+06
3.49879e+06
3.49882e+06
3.49884e+06
3.49887e+06
3.49889e+06
3.49892e+06
3.49894e+06
3.49897e+06
3.49899e+06
3.49902e+06
3.49904e+06
3.49906e+06
3.49909e+06
3.49911e+06
3.49913e+06
3.49915e+06
3.49918e+06
3.4992e+06
3.49922e+06
3.49924e+06
3.49926e+06
3.49928e+06
3.4993e+06
3.49969e+06
3.49969e+06
3.4997e+06
3.4997e+06
3.4997e+06
3.4997e+06
3.4997e+06
3.49971e+06
3.49971e+06
3.49971e+06
3.49971e+06
3.49971e+06
3.49971e+06
3.49971e+06
3.49971e+06
3.49971e+06
3.49972e+06
3.49972e+06
3.49972e+06
3.49972e+06
3.49967e+06
3.49968e+06
3.49968e+06
3.49968e+06
3.49969e+06
3.49969e+06
3.49969e+06
3.49969e+06
3.49969e+06
3.4997e+06
3.4997e+06
3.4997e+06
3.4997e+06
3.4997e+06
3.4997e+06
3.4997e+06
3.4997e+06
3.49971e+06
3.49971e+06
3.49971e+06
3.49971e+06
3.49971e+06
3.49965e+06
3.49969e+06
3.49969e+06
3.49968e+06
3.49969e+06
3.49969e+06
3.49969e+06
3.49968e+06
3.49967e+06
3.49967e+06
3.49964e+06
3.49964e+06
3.49965e+06
3.49965e+06
3.49966e+06
3.49966e+06
3.49967e+06
3.49967e+06
3.49967e+06
3.49968e+06
3.49968e+06
3.49968e+06
3.49968e+06
3.49969e+06
3.49969e+06
3.49969e+06
3.49969e+06
3.49969e+06
3.49969e+06
3.49969e+06
3.49969e+06
3.4997e+06
3.4997e+06
3.4997e+06
3.4997e+06
3.4997e+06
3.4997e+06
3.49966e+06
3.49966e+06
3.49964e+06
3.49962e+06
3.49962e+06
3.49961e+06
3.49963e+06
3.49964e+06
3.49965e+06
3.49966e+06
3.49963e+06
3.49962e+06
3.49963e+06
3.49963e+06
3.49964e+06
3.49964e+06
3.49965e+06
3.49965e+06
3.49966e+06
3.49966e+06
3.49966e+06
3.49967e+06
3.49967e+06
3.49967e+06
3.49967e+06
3.49968e+06
3.49968e+06
3.49968e+06
3.49968e+06
3.49968e+06
3.49968e+06
3.49968e+06
3.49969e+06
3.49969e+06
3.49969e+06
3.49969e+06
3.49969e+06
3.49969e+06
3.4997e+06
3.49963e+06
3.49966e+06
3.49961e+06
3.49957e+06
3.49959e+06
3.49958e+06
3.49961e+06
3.49962e+06
3.49963e+06
3.49964e+06
3.49961e+06
3.49961e+06
3.49962e+06
3.49962e+06
3.49963e+06
3.49963e+06
3.49964e+06
3.49964e+06
3.49965e+06
3.49965e+06
3.49965e+06
3.49966e+06
3.49966e+06
3.49966e+06
3.49966e+06
3.49967e+06
3.49967e+06
3.49967e+06
3.49967e+06
3.49967e+06
3.49967e+06
3.49967e+06
3.49968e+06
3.49968e+06
3.49968e+06
3.49968e+06
3.49968e+06
3.49969e+06
3.49969e+06
3.49969e+06
3.49963e+06
3.49965e+06
3.49962e+06
3.49959e+06
3.4996e+06
3.49958e+06
3.4996e+06
3.4996e+06
3.49961e+06
3.49963e+06
3.4996e+06
3.49959e+06
3.4996e+06
3.49961e+06
3.49962e+06
3.49962e+06
3.49963e+06
3.49963e+06
3.49964e+06
3.49964e+06
3.49964e+06
3.49965e+06
3.49965e+06
3.49965e+06
3.49965e+06
3.49966e+06
3.49966e+06
3.49966e+06
3.49966e+06
3.49966e+06
3.49966e+06
3.49966e+06
3.49967e+06
3.49967e+06
3.49967e+06
3.49967e+06
3.49967e+06
3.49968e+06
3.49968e+06
3.49968e+06
3.4996e+06
3.49963e+06
3.4996e+06
3.49957e+06
3.49958e+06
3.49956e+06
3.49957e+06
3.49958e+06
3.4996e+06
3.49961e+06
3.49958e+06
3.49958e+06
3.49959e+06
3.49959e+06
3.4996e+06
3.49961e+06
3.49962e+06
3.49962e+06
3.49963e+06
3.49963e+06
3.49963e+06
3.49964e+06
3.49964e+06
3.49964e+06
3.49964e+06
3.49965e+06
3.49965e+06
3.49965e+06
3.49965e+06
3.49965e+06
3.49965e+06
3.49965e+06
3.49966e+06
3.49966e+06
3.49966e+06
3.49966e+06
3.49967e+06
3.49967e+06
3.49967e+06
3.49967e+06
3.49968e+06
3.49958e+06
3.49961e+06
3.49959e+06
3.49957e+06
3.49957e+06
3.49955e+06
3.49956e+06
3.49957e+06
3.49959e+06
3.4996e+06
3.49957e+06
3.49957e+06
3.49958e+06
3.49958e+06
3.49959e+06
3.4996e+06
3.49961e+06
3.49961e+06
3.49962e+06
3.49962e+06
3.49962e+06
3.49963e+06
3.49963e+06
3.49963e+06
3.49963e+06
3.49963e+06
3.49964e+06
3.49964e+06
3.49964e+06
3.49964e+06
3.49964e+06
3.49964e+06
3.49965e+06
3.49965e+06
3.49965e+06
3.49965e+06
3.49966e+06
3.49966e+06
3.49966e+06
3.49967e+06
3.49967e+06
3.4996e+06
3.49962e+06
3.49959e+06
3.49957e+06
3.49957e+06
3.49955e+06
3.49956e+06
3.49956e+06
3.49958e+06
3.49959e+06
3.49956e+06
3.49956e+06
3.49957e+06
3.49957e+06
3.49958e+06
3.49959e+06
3.49959e+06
3.4996e+06
3.4996e+06
3.49961e+06
3.49961e+06
3.49961e+06
3.49962e+06
3.49962e+06
3.49962e+06
3.49962e+06
3.49962e+06
3.49963e+06
3.49963e+06
3.49963e+06
3.49963e+06
3.49963e+06
3.49964e+06
3.49964e+06
3.49964e+06
3.49964e+06
3.49965e+06
3.49965e+06
3.49965e+06
3.49966e+06
3.49966e+06
3.49957e+06
3.4996e+06
3.49958e+06
3.49956e+06
3.49957e+06
3.49955e+06
3.49955e+06
3.49955e+06
3.49957e+06
3.49958e+06
3.49955e+06
3.49955e+06
3.49956e+06
3.49956e+06
3.49957e+06
3.49958e+06
3.49958e+06
3.49959e+06
3.49959e+06
3.4996e+06
3.4996e+06
3.4996e+06
3.4996e+06
3.49961e+06
3.49961e+06
3.49961e+06
3.49961e+06
3.49961e+06
3.49962e+06
3.49962e+06
3.49962e+06
3.49962e+06
3.49963e+06
3.49963e+06
3.49963e+06
3.49963e+06
3.49964e+06
3.49964e+06
3.49964e+06
3.49965e+06
3.49965e+06
3.49956e+06
3.4996e+06
3.49958e+06
3.49956e+06
3.49956e+06
3.49954e+06
3.49955e+06
3.49956e+06
3.49956e+06
3.49958e+06
3.49955e+06
3.49954e+06
3.49955e+06
3.49955e+06
3.49956e+06
3.49957e+06
3.49957e+06
3.49958e+06
3.49958e+06
3.49958e+06
3.49959e+06
3.49959e+06
3.49959e+06
3.49959e+06
3.4996e+06
3.4996e+06
3.4996e+06
3.4996e+06
3.4996e+06
3.49961e+06
3.49961e+06
3.49961e+06
3.49961e+06
3.49962e+06
3.49962e+06
3.49962e+06
3.49963e+06
3.49963e+06
3.49963e+06
3.49964e+06
3.49964e+06
3.49953e+06
3.49956e+06
3.49956e+06
3.49954e+06
3.49956e+06
3.49955e+06
3.49955e+06
3.49957e+06
3.49957e+06
3.49957e+06
3.49954e+06
3.49953e+06
3.49954e+06
3.49954e+06
3.49955e+06
3.49956e+06
3.49956e+06
3.49956e+06
3.49957e+06
3.49957e+06
3.49957e+06
3.49958e+06
3.49958e+06
3.49958e+06
3.49958e+06
3.49959e+06
3.49959e+06
3.49959e+06
3.49959e+06
3.4996e+06
3.4996e+06
3.4996e+06
3.4996e+06
3.49961e+06
3.49961e+06
3.49961e+06
3.49962e+06
3.49962e+06
3.49963e+06
3.49963e+06
3.49963e+06
3.49951e+06
3.49955e+06
3.49956e+06
3.49955e+06
3.49955e+06
3.49952e+06
3.49952e+06
3.49954e+06
3.4995e+06
3.49951e+06
3.49952e+06
3.49952e+06
3.49953e+06
3.49953e+06
3.49954e+06
3.49955e+06
3.49955e+06
3.49955e+06
3.49956e+06
3.49956e+06
3.49956e+06
3.49956e+06
3.49957e+06
3.49957e+06
3.49957e+06
3.49957e+06
3.49958e+06
3.49958e+06
3.49958e+06
3.49958e+06
3.49959e+06
3.49959e+06
3.49959e+06
3.4996e+06
3.4996e+06
3.4996e+06
3.49961e+06
3.49961e+06
3.49962e+06
3.49962e+06
3.49962e+06
3.49947e+06
3.49949e+06
3.49952e+06
3.49952e+06
3.49954e+06
3.49952e+06
3.49952e+06
3.49954e+06
3.4995e+06
3.49951e+06
3.49952e+06
3.49951e+06
3.49952e+06
3.49953e+06
3.49953e+06
3.49953e+06
3.49954e+06
3.49954e+06
3.49954e+06
3.49955e+06
3.49955e+06
3.49955e+06
3.49955e+06
3.49955e+06
3.49956e+06
3.49956e+06
3.49956e+06
3.49956e+06
3.49957e+06
3.49957e+06
3.49957e+06
3.49958e+06
3.49958e+06
3.49958e+06
3.49959e+06
3.49959e+06
3.4996e+06
3.4996e+06
3.49961e+06
3.49961e+06
3.49962e+06
3.49945e+06
3.49948e+06
3.49952e+06
3.49952e+06
3.49952e+06
3.4995e+06
3.49951e+06
3.49954e+06
3.4995e+06
3.4995e+06
3.49951e+06
3.49951e+06
3.49951e+06
3.49952e+06
3.49952e+06
3.49952e+06
3.49952e+06
3.49953e+06
3.49953e+06
3.49953e+06
3.49953e+06
3.49954e+06
3.49954e+06
3.49954e+06
3.49954e+06
3.49955e+06
3.49955e+06
3.49955e+06
3.49955e+06
3.49956e+06
3.49956e+06
3.49956e+06
3.49957e+06
3.49957e+06
3.49958e+06
3.49958e+06
3.49959e+06
3.49959e+06
3.4996e+06
3.4996e+06
3.49961e+06
3.49944e+06
3.49946e+06
3.49949e+06
3.4995e+06
3.49952e+06
3.4995e+06
3.4995e+06
3.49952e+06
3.49948e+06
3.49949e+06
3.4995e+06
3.4995e+06
3.4995e+06
3.49951e+06
3.49951e+06
3.49951e+06
3.49951e+06
3.49951e+06
3.49951e+06
3.49952e+06
3.49952e+06
3.49952e+06
3.49952e+06
3.49953e+06
3.49953e+06
3.49953e+06
3.49953e+06
3.49954e+06
3.49954e+06
3.49954e+06
3.49955e+06
3.49955e+06
3.49956e+06
3.49956e+06
3.49957e+06
3.49957e+06
3.49958e+06
3.49958e+06
3.49959e+06
3.49959e+06
3.4996e+06
3.50035e+06
3.50019e+06
3.49936e+06
3.49943e+06
3.49941e+06
3.49942e+06
3.49946e+06
3.49949e+06
3.49947e+06
3.49949e+06
3.49949e+06
3.49949e+06
3.49949e+06
3.49949e+06
3.4995e+06
3.4995e+06
3.4995e+06
3.4995e+06
3.4995e+06
3.4995e+06
3.4995e+06
3.49951e+06
3.49951e+06
3.49951e+06
3.49951e+06
3.49952e+06
3.49952e+06
3.49952e+06
3.49953e+06
3.49953e+06
3.49953e+06
3.49954e+06
3.49954e+06
3.49955e+06
3.49955e+06
3.49956e+06
3.49956e+06
3.49957e+06
3.49958e+06
3.49958e+06
3.49959e+06
3.50037e+06
3.50027e+06
3.4994e+06
3.49945e+06
3.49938e+06
3.49941e+06
3.49946e+06
3.49948e+06
3.49945e+06
3.49947e+06
3.49948e+06
3.49948e+06
3.49948e+06
3.49948e+06
3.49948e+06
3.49948e+06
3.49948e+06
3.49948e+06
3.49948e+06
3.49948e+06
3.49949e+06
3.49949e+06
3.49949e+06
3.49949e+06
3.4995e+06
3.4995e+06
3.4995e+06
3.49951e+06
3.49951e+06
3.49952e+06
3.49952e+06
3.49953e+06
3.49953e+06
3.49954e+06
3.49954e+06
3.49955e+06
3.49955e+06
3.49956e+06
3.49957e+06
3.49957e+06
3.49958e+06
3.5004e+06
3.50025e+06
3.50053e+06
3.5005e+06
3.49939e+06
3.4994e+06
3.49935e+06
3.49942e+06
3.49942e+06
3.49945e+06
3.49946e+06
3.49946e+06
3.49946e+06
3.49947e+06
3.49946e+06
3.49946e+06
3.49946e+06
3.49946e+06
3.49947e+06
3.49947e+06
3.49947e+06
3.49947e+06
3.49947e+06
3.49948e+06
3.49948e+06
3.49948e+06
3.49949e+06
3.49949e+06
3.4995e+06
3.4995e+06
3.49951e+06
3.49951e+06
3.49952e+06
3.49952e+06
3.49953e+06
3.49954e+06
3.49954e+06
3.49955e+06
3.49956e+06
3.49956e+06
3.49957e+06
3.50039e+06
3.50029e+06
3.50056e+06
3.5005e+06
3.49933e+06
3.49937e+06
3.49933e+06
3.4994e+06
3.4994e+06
3.49943e+06
3.49944e+06
3.49944e+06
3.49945e+06
3.49945e+06
3.49945e+06
3.49945e+06
3.49945e+06
3.49945e+06
3.49945e+06
3.49945e+06
3.49945e+06
3.49945e+06
3.49946e+06
3.49946e+06
3.49946e+06
3.49947e+06
3.49947e+06
3.49948e+06
3.49948e+06
3.49949e+06
3.49949e+06
3.4995e+06
3.4995e+06
3.49951e+06
3.49952e+06
3.49952e+06
3.49953e+06
3.49954e+06
3.49954e+06
3.49955e+06
3.49956e+06
3.50032e+06
3.50016e+06
3.5005e+06
3.50045e+06
3.49934e+06
3.49938e+06
3.49932e+06
3.49939e+06
3.49938e+06
3.49941e+06
3.49942e+06
3.49943e+06
3.49943e+06
3.49943e+06
3.49943e+06
3.49943e+06
3.49943e+06
3.49943e+06
3.49943e+06
3.49943e+06
3.49943e+06
3.49943e+06
3.49944e+06
3.49944e+06
3.49945e+06
3.49945e+06
3.49945e+06
3.49946e+06
3.49947e+06
3.49947e+06
3.49948e+06
3.49948e+06
3.49949e+06
3.4995e+06
3.49951e+06
3.49951e+06
3.49952e+06
3.49953e+06
3.49953e+06
3.49954e+06
3.49955e+06
3.50028e+06
3.5001e+06
3.50046e+06
3.50042e+06
3.49932e+06
3.49936e+06
3.49929e+06
3.49936e+06
3.49936e+06
3.49939e+06
3.49939e+06
3.49941e+06
3.49941e+06
3.49941e+06
3.49941e+06
3.49941e+06
3.49941e+06
3.49941e+06
3.49941e+06
3.49941e+06
3.49941e+06
3.49941e+06
3.49942e+06
3.49942e+06
3.49943e+06
3.49943e+06
3.49944e+06
3.49944e+06
3.49945e+06
3.49946e+06
3.49946e+06
3.49947e+06
3.49948e+06
3.49948e+06
3.49949e+06
3.4995e+06
3.49951e+06
3.49952e+06
3.49952e+06
3.49953e+06
3.49954e+06
3.50027e+06
3.50012e+06
3.50038e+06
3.50035e+06
3.49926e+06
3.49933e+06
3.49925e+06
3.49933e+06
3.49934e+06
3.49937e+06
3.49937e+06
3.49938e+06
3.49939e+06
3.49939e+06
3.49938e+06
3.49938e+06
3.49938e+06
3.49938e+06
3.49939e+06
3.49939e+06
3.49939e+06
3.49939e+06
3.4994e+06
3.4994e+06
3.49941e+06
3.49941e+06
3.49942e+06
3.49943e+06
3.49943e+06
3.49944e+06
3.49945e+06
3.49946e+06
3.49946e+06
3.49947e+06
3.49948e+06
3.49949e+06
3.4995e+06
3.4995e+06
3.49951e+06
3.49952e+06
3.49953e+06
3.50027e+06
3.50013e+06
3.50038e+06
3.50033e+06
3.49927e+06
3.49934e+06
3.49919e+06
3.49929e+06
3.4993e+06
3.49934e+06
3.49934e+06
3.49936e+06
3.49936e+06
3.49936e+06
3.49936e+06
3.49936e+06
3.49936e+06
3.49936e+06
3.49936e+06
3.49936e+06
3.49937e+06
3.49937e+06
3.49938e+06
3.49938e+06
3.49939e+06
3.4994e+06
3.4994e+06
3.49941e+06
3.49942e+06
3.49942e+06
3.49943e+06
3.49944e+06
3.49945e+06
3.49946e+06
3.49947e+06
3.49947e+06
3.49948e+06
3.49949e+06
3.4995e+06
3.49951e+06
3.49952e+06
3.50024e+06
3.50006e+06
3.50026e+06
3.50026e+06
3.50019e+06
3.50013e+06
3.49936e+06
3.49928e+06
3.49928e+06
3.49932e+06
3.49932e+06
3.49933e+06
3.49934e+06
3.49934e+06
3.49933e+06
3.49933e+06
3.49933e+06
3.49934e+06
3.49934e+06
3.49934e+06
3.49935e+06
3.49935e+06
3.49936e+06
3.49936e+06
3.49937e+06
3.49938e+06
3.49938e+06
3.49939e+06
3.4994e+06
3.49941e+06
3.49942e+06
3.49943e+06
3.49943e+06
3.49944e+06
3.49945e+06
3.49946e+06
3.49947e+06
3.49948e+06
3.49949e+06
3.4995e+06
3.49951e+06
3.50024e+06
3.50009e+06
3.50029e+06
3.50027e+06
3.50019e+06
3.50008e+06
3.49936e+06
3.49932e+06
3.49929e+06
3.49931e+06
3.4993e+06
3.49931e+06
3.49931e+06
3.49931e+06
3.49931e+06
3.49931e+06
3.49931e+06
3.49931e+06
3.49931e+06
3.49932e+06
3.49932e+06
3.49933e+06
3.49933e+06
3.49934e+06
3.49935e+06
3.49936e+06
3.49936e+06
3.49937e+06
3.49938e+06
3.49939e+06
3.4994e+06
3.49941e+06
3.49942e+06
3.49943e+06
3.49944e+06
3.49945e+06
3.49946e+06
3.49947e+06
3.49948e+06
3.49949e+06
3.4995e+06
3.50029e+06
3.50019e+06
3.50016e+06
3.50012e+06
3.50012e+06
3.50019e+06
3.50012e+06
3.50001e+06
3.49934e+06
3.49923e+06
3.49927e+06
3.49928e+06
3.49928e+06
3.49928e+06
3.49928e+06
3.49928e+06
3.49928e+06
3.49928e+06
3.49928e+06
3.49929e+06
3.4993e+06
3.4993e+06
3.49931e+06
3.49932e+06
3.49933e+06
3.49934e+06
3.49935e+06
3.49936e+06
3.49937e+06
3.49937e+06
3.49938e+06
3.49939e+06
3.49941e+06
3.49942e+06
3.49943e+06
3.49944e+06
3.49945e+06
3.49946e+06
3.49947e+06
3.49948e+06
3.49949e+06
3.50026e+06
3.50017e+06
3.50017e+06
3.50014e+06
3.50008e+06
3.5001e+06
3.50015e+06
3.50006e+06
3.49936e+06
3.49921e+06
3.49924e+06
3.49925e+06
3.49925e+06
3.49925e+06
3.49925e+06
3.49924e+06
3.49925e+06
3.49925e+06
3.49925e+06
3.49926e+06
3.49927e+06
3.49928e+06
3.49929e+06
3.4993e+06
3.49931e+06
3.49932e+06
3.49933e+06
3.49934e+06
3.49935e+06
3.49936e+06
3.49937e+06
3.49938e+06
3.49939e+06
3.4994e+06
3.49941e+06
3.49942e+06
3.49943e+06
3.49944e+06
3.49945e+06
3.49946e+06
3.49947e+06
3.5003e+06
3.50023e+06
3.50017e+06
3.5001e+06
3.50009e+06
3.5001e+06
3.5001e+06
3.50001e+06
3.49931e+06
3.49917e+06
3.4992e+06
3.49921e+06
3.49921e+06
3.49921e+06
3.49921e+06
3.49921e+06
3.49921e+06
3.49922e+06
3.49923e+06
3.49923e+06
3.49924e+06
3.49925e+06
3.49926e+06
3.49927e+06
3.49928e+06
3.4993e+06
3.49931e+06
3.49932e+06
3.49933e+06
3.49934e+06
3.49935e+06
3.49936e+06
3.49937e+06
3.49939e+06
3.4994e+06
3.49941e+06
3.49942e+06
3.49943e+06
3.49944e+06
3.49945e+06
3.49946e+06
3.50026e+06
3.50017e+06
3.50015e+06
3.5001e+06
3.50007e+06
3.50008e+06
3.50008e+06
3.49998e+06
3.49927e+06
3.49913e+06
3.49917e+06
3.49917e+06
3.49918e+06
3.49918e+06
3.49917e+06
3.49917e+06
3.49918e+06
3.49919e+06
3.49919e+06
3.4992e+06
3.49921e+06
3.49923e+06
3.49924e+06
3.49925e+06
3.49926e+06
3.49927e+06
3.49929e+06
3.4993e+06
3.49931e+06
3.49932e+06
3.49933e+06
3.49935e+06
3.49936e+06
3.49937e+06
3.49938e+06
3.49939e+06
3.49941e+06
3.49942e+06
3.49943e+06
3.49944e+06
3.49945e+06
3.50021e+06
3.50016e+06
3.5001e+06
3.50005e+06
3.50006e+06
3.50007e+06
3.50004e+06
3.49994e+06
3.49924e+06
3.4991e+06
3.49913e+06
3.49913e+06
3.49914e+06
3.49914e+06
3.49914e+06
3.49914e+06
3.49914e+06
3.49915e+06
3.49916e+06
3.49917e+06
3.49919e+06
3.4992e+06
3.49921e+06
3.49923e+06
3.49924e+06
3.49925e+06
3.49927e+06
3.49928e+06
3.49929e+06
3.4993e+06
3.49932e+06
3.49933e+06
3.49934e+06
3.49936e+06
3.49937e+06
3.49938e+06
3.49939e+06
3.4994e+06
3.49942e+06
3.49943e+06
3.49944e+06
3.50017e+06
3.5001e+06
3.50008e+06
3.50004e+06
3.50005e+06
3.50006e+06
3.50002e+06
3.49992e+06
3.49921e+06
3.49906e+06
3.49909e+06
3.49909e+06
3.49909e+06
3.49909e+06
3.49909e+06
3.4991e+06
3.49911e+06
3.49912e+06
3.49913e+06
3.49914e+06
3.49916e+06
3.49917e+06
3.49919e+06
3.4992e+06
3.49922e+06
3.49923e+06
3.49924e+06
3.49926e+06
3.49927e+06
3.49929e+06
3.4993e+06
3.49931e+06
3.49933e+06
3.49934e+06
3.49935e+06
3.49937e+06
3.49938e+06
3.49939e+06
3.4994e+06
3.49942e+06
3.49943e+06
3.50019e+06
3.50013e+06
3.50008e+06
3.50002e+06
3.50002e+06
3.50002e+06
3.5e+06
3.49989e+06
3.49918e+06
3.49902e+06
3.49904e+06
3.49904e+06
3.49905e+06
3.49905e+06
3.49905e+06
3.49906e+06
3.49907e+06
3.49908e+06
3.4991e+06
3.49911e+06
3.49913e+06
3.49915e+06
3.49916e+06
3.49918e+06
3.49919e+06
3.49921e+06
3.49922e+06
3.49924e+06
3.49925e+06
3.49927e+06
3.49928e+06
3.4993e+06
3.49931e+06
3.49932e+06
3.49934e+06
3.49935e+06
3.49936e+06
3.49938e+06
3.49939e+06
3.4994e+06
3.49942e+06
3.50015e+06
3.50009e+06
3.50005e+06
3.50001e+06
3.5e+06
3.49999e+06
3.49996e+06
3.49984e+06
3.49913e+06
3.49897e+06
3.49899e+06
3.49899e+06
3.499e+06
3.499e+06
3.49901e+06
3.49902e+06
3.49903e+06
3.49905e+06
3.49907e+06
3.49908e+06
3.4991e+06
3.49912e+06
3.49914e+06
3.49915e+06
3.49917e+06
3.49919e+06
3.4992e+06
3.49922e+06
3.49923e+06
3.49925e+06
3.49926e+06
3.49928e+06
3.49929e+06
3.49931e+06
3.49932e+06
3.49934e+06
3.49935e+06
3.49936e+06
3.49938e+06
3.49939e+06
3.4994e+06
3.50012e+06
3.50008e+06
3.50002e+06
3.49997e+06
3.49994e+06
3.49995e+06
3.4999e+06
3.49978e+06
3.49907e+06
3.4989e+06
3.49893e+06
3.49894e+06
3.49895e+06
3.49896e+06
3.49897e+06
3.49898e+06
3.499e+06
3.49902e+06
3.49903e+06
3.49905e+06
3.49907e+06
3.49909e+06
3.49911e+06
3.49913e+06
3.49914e+06
3.49916e+06
3.49918e+06
3.4992e+06
3.49921e+06
3.49923e+06
3.49924e+06
3.49926e+06
3.49927e+06
3.49929e+06
3.4993e+06
3.49932e+06
3.49933e+06
3.49935e+06
3.49936e+06
3.49938e+06
3.49939e+06
3.50007e+06
3.50002e+06
3.49998e+06
3.49994e+06
3.4999e+06
3.4999e+06
3.49984e+06
3.49971e+06
3.499e+06
3.49883e+06
3.49887e+06
3.49888e+06
3.4989e+06
3.49891e+06
3.49893e+06
3.49895e+06
3.49896e+06
3.49898e+06
3.499e+06
3.49902e+06
3.49904e+06
3.49906e+06
3.49908e+06
3.4991e+06
3.49912e+06
3.49914e+06
3.49916e+06
3.49917e+06
3.49919e+06
3.49921e+06
3.49922e+06
3.49924e+06
3.49926e+06
3.49927e+06
3.49929e+06
3.4993e+06
3.49932e+06
3.49933e+06
3.49935e+06
3.49937e+06
3.49938e+06
3.49996e+06
3.49994e+06
3.49991e+06
3.49987e+06
3.49984e+06
3.49982e+06
3.49977e+06
3.49963e+06
3.49893e+06
3.49877e+06
3.49881e+06
3.49883e+06
3.49885e+06
3.49887e+06
3.49889e+06
3.49891e+06
3.49893e+06
3.49895e+06
3.49897e+06
3.49899e+06
3.49901e+06
3.49903e+06
3.49905e+06
3.49907e+06
3.49909e+06
3.49911e+06
3.49913e+06
3.49915e+06
3.49917e+06
3.49919e+06
3.4992e+06
3.49922e+06
3.49924e+06
3.49925e+06
3.49927e+06
3.49929e+06
3.4993e+06
3.49932e+06
3.49934e+06
3.49935e+06
3.49937e+06
3.49995e+06
3.49994e+06
3.49987e+06
3.49982e+06
3.49976e+06
3.49972e+06
3.49968e+06
3.49954e+06
3.49886e+06
3.4987e+06
3.49875e+06
3.49878e+06
3.4988e+06
3.49883e+06
3.49885e+06
3.49887e+06
3.4989e+06
3.49892e+06
3.49894e+06
3.49896e+06
3.49898e+06
3.499e+06
3.49903e+06
3.49905e+06
3.49907e+06
3.49909e+06
3.49911e+06
3.49913e+06
3.49914e+06
3.49916e+06
3.49918e+06
3.4992e+06
3.49922e+06
3.49924e+06
3.49925e+06
3.49927e+06
3.49929e+06
3.4993e+06
3.49932e+06
3.49934e+06
3.49935e+06
3.49974e+06
3.49971e+06
3.49968e+06
3.49962e+06
3.49959e+06
3.49959e+06
3.49954e+06
3.49945e+06
3.4988e+06
3.49866e+06
3.49871e+06
3.49874e+06
3.49877e+06
3.49879e+06
3.49882e+06
3.49884e+06
3.49886e+06
3.49888e+06
3.49891e+06
3.49893e+06
3.49895e+06
3.49897e+06
3.49899e+06
3.49902e+06
3.49904e+06
3.49906e+06
3.49908e+06
3.4991e+06
3.49912e+06
3.49914e+06
3.49916e+06
3.49918e+06
3.4992e+06
3.49922e+06
3.49923e+06
3.49925e+06
3.49927e+06
3.49929e+06
3.49931e+06
3.49932e+06
3.49934e+06
3.49995e+06
3.49986e+06
3.49952e+06
3.49929e+06
3.49935e+06
3.49942e+06
3.49948e+06
3.49948e+06
3.49882e+06
3.49864e+06
3.49867e+06
3.49869e+06
3.49872e+06
3.49875e+06
3.49878e+06
3.4988e+06
3.49882e+06
3.49885e+06
3.49887e+06
3.49889e+06
3.49892e+06
3.49894e+06
3.49896e+06
3.49899e+06
3.49901e+06
3.49903e+06
3.49905e+06
3.49907e+06
3.4991e+06
3.49912e+06
3.49914e+06
3.49916e+06
3.49918e+06
3.4992e+06
3.49922e+06
3.49923e+06
3.49925e+06
3.49927e+06
3.49929e+06
3.49931e+06
3.49933e+06
3.49991e+06
3.49988e+06
3.49959e+06
3.49954e+06
3.49944e+06
3.49969e+06
3.49967e+06
3.49942e+06
3.4988e+06
3.49857e+06
3.49862e+06
3.49864e+06
3.49869e+06
3.4987e+06
3.49874e+06
3.49876e+06
3.49878e+06
3.49881e+06
3.49883e+06
3.49886e+06
3.49888e+06
3.4989e+06
3.49893e+06
3.49895e+06
3.49898e+06
3.499e+06
3.49902e+06
3.49905e+06
3.49907e+06
3.49909e+06
3.49911e+06
3.49913e+06
3.49915e+06
3.49918e+06
3.4992e+06
3.49922e+06
3.49924e+06
3.49926e+06
3.49928e+06
3.49929e+06
3.49931e+06
3.4984e+06
3.49845e+06
3.49852e+06
3.49858e+06
3.49863e+06
3.49865e+06
3.49869e+06
3.49872e+06
3.49874e+06
3.49876e+06
3.49879e+06
3.49882e+06
3.49884e+06
3.49887e+06
3.49889e+06
3.49892e+06
3.49894e+06
3.49897e+06
3.49899e+06
3.49902e+06
3.49904e+06
3.49906e+06
3.49909e+06
3.49911e+06
3.49913e+06
3.49915e+06
3.49917e+06
3.4992e+06
3.49922e+06
3.49924e+06
3.49926e+06
3.49928e+06
3.4993e+06
)
;

boundaryField
{
    inlet
    {
        type            calculated;
        value           nonuniform List<scalar> 0();
    }
    outlet
    {
        type            calculated;
        value           nonuniform List<scalar> 0();
    }
    walls
    {
        type            calculated;
        value           nonuniform List<scalar> 0();
    }
    side1
    {
        type            cyclic;
    }
    side2
    {
        type            cyclic;
    }
    procBoundary4to0
    {
        type            processor;
        value           nonuniform List<scalar> 
52
(
3.49866e+06
3.49869e+06
3.49871e+06
3.49874e+06
3.49877e+06
3.4988e+06
3.49883e+06
3.49885e+06
3.49888e+06
3.49891e+06
3.49893e+06
3.49896e+06
3.49899e+06
3.49901e+06
3.49904e+06
3.49906e+06
3.49908e+06
3.49911e+06
3.49913e+06
3.49915e+06
3.49918e+06
3.4992e+06
3.49922e+06
3.49924e+06
3.49926e+06
3.49928e+06
3.49866e+06
3.49869e+06
3.49871e+06
3.49874e+06
3.49877e+06
3.4988e+06
3.49883e+06
3.49885e+06
3.49888e+06
3.49891e+06
3.49893e+06
3.49896e+06
3.49899e+06
3.49901e+06
3.49904e+06
3.49906e+06
3.49908e+06
3.49911e+06
3.49913e+06
3.49915e+06
3.49918e+06
3.4992e+06
3.49922e+06
3.49924e+06
3.49926e+06
3.49928e+06
)
;
    }
    procBoundary4to1
    {
        type            processor;
        value           nonuniform List<scalar> 
32
(
3.49761e+06
3.49754e+06
3.49733e+06
3.49743e+06
3.49779e+06
3.49792e+06
3.49816e+06
3.49834e+06
3.49834e+06
3.49805e+06
3.49813e+06
3.49831e+06
3.49844e+06
3.49855e+06
3.49857e+06
3.49863e+06
3.49761e+06
3.49754e+06
3.49733e+06
3.49743e+06
3.49779e+06
3.49792e+06
3.49816e+06
3.49834e+06
3.49834e+06
3.49805e+06
3.49813e+06
3.49831e+06
3.49844e+06
3.49855e+06
3.49857e+06
3.49863e+06
)
;
    }
    procBoundary4to3
    {
        type            processor;
        value           nonuniform List<scalar> 
88
(
3.49972e+06
3.49972e+06
3.49971e+06
3.4997e+06
3.4997e+06
3.49969e+06
3.49969e+06
3.49969e+06
3.49968e+06
3.49967e+06
3.49966e+06
3.49966e+06
3.49965e+06
3.49964e+06
3.49963e+06
3.49962e+06
3.49961e+06
3.4996e+06
3.49959e+06
3.49958e+06
3.49957e+06
3.49957e+06
3.49956e+06
3.49955e+06
3.49954e+06
3.49953e+06
3.49952e+06
3.49951e+06
3.4995e+06
3.49948e+06
3.49947e+06
3.49946e+06
3.49945e+06
3.49944e+06
3.49943e+06
3.49942e+06
3.49941e+06
3.49939e+06
3.49938e+06
3.49937e+06
3.49936e+06
3.49935e+06
3.49933e+06
3.49932e+06
3.49972e+06
3.49972e+06
3.49971e+06
3.4997e+06
3.4997e+06
3.49969e+06
3.49969e+06
3.49969e+06
3.49968e+06
3.49967e+06
3.49966e+06
3.49966e+06
3.49965e+06
3.49964e+06
3.49963e+06
3.49962e+06
3.49961e+06
3.4996e+06
3.49959e+06
3.49958e+06
3.49957e+06
3.49957e+06
3.49956e+06
3.49955e+06
3.49954e+06
3.49953e+06
3.49952e+06
3.49951e+06
3.4995e+06
3.49948e+06
3.49947e+06
3.49946e+06
3.49945e+06
3.49944e+06
3.49943e+06
3.49942e+06
3.49941e+06
3.49939e+06
3.49938e+06
3.49937e+06
3.49936e+06
3.49935e+06
3.49933e+06
3.49932e+06
)
;
    }
    procBoundary4to5
    {
        type            processor;
        value           nonuniform List<scalar> 
86
(
3.4997e+06
3.4997e+06
3.49971e+06
3.49971e+06
3.49971e+06
3.49971e+06
3.49971e+06
3.49971e+06
3.49972e+06
3.49972e+06
3.49972e+06
3.49972e+06
3.49972e+06
3.49972e+06
3.49972e+06
3.49972e+06
3.49972e+06
3.49973e+06
3.49973e+06
3.49973e+06
3.49968e+06
3.49969e+06
3.49969e+06
3.49983e+06
3.49979e+06
3.4998e+06
3.49977e+06
3.49975e+06
3.49973e+06
3.49971e+06
3.49962e+06
3.49961e+06
3.49962e+06
3.49965e+06
3.49965e+06
3.49966e+06
3.49967e+06
3.49967e+06
3.49967e+06
3.49963e+06
3.49963e+06
3.49963e+06
3.49963e+06
3.4997e+06
3.4997e+06
3.49971e+06
3.49971e+06
3.49971e+06
3.49971e+06
3.49971e+06
3.49971e+06
3.49972e+06
3.49972e+06
3.49972e+06
3.49972e+06
3.49972e+06
3.49972e+06
3.49972e+06
3.49972e+06
3.49972e+06
3.49973e+06
3.49973e+06
3.49973e+06
3.49968e+06
3.49969e+06
3.49969e+06
3.49983e+06
3.49979e+06
3.4998e+06
3.49977e+06
3.49975e+06
3.49973e+06
3.49971e+06
3.49962e+06
3.49961e+06
3.49962e+06
3.49965e+06
3.49965e+06
3.49966e+06
3.49967e+06
3.49967e+06
3.49967e+06
3.49963e+06
3.49963e+06
3.49963e+06
3.49963e+06
)
;
    }
}


// ************************************************************************* //
