/*--------------------------------*- C++ -*----------------------------------*\
| =========                 |                                                 |
| \\      /  F ield         | OpenFOAM: The Open Source CFD Toolbox           |
|  \\    /   O peration     | Version:  v2012                                 |
|   \\  /    A nd           | Website:  www.openfoam.com                      |
|    \\/     M anipulation  |                                                 |
\*---------------------------------------------------------------------------*/
FoamFile
{
    version     2.0;
    format      ascii;
    class       volScalarField;
    location    "0.05";
    object      p_rgh;
}
// * * * * * * * * * * * * * * * * * * * * * * * * * * * * * * * * * * * * * //

dimensions      [1 -1 -2 0 0 0 0];


internalField   nonuniform List<scalar> 
2650
(
4.12259e+06
4.06938e+06
4.15103e+06
4.12878e+06
4.02749e+06
4.9453e+06
4.60094e+06
4.40535e+06
4.44192e+06
4.53587e+06
4.04255e+06
4.30317e+06
4.42869e+06
4.46199e+06
4.50072e+06
3.8641e+06
4.16956e+06
4.32296e+06
4.36976e+06
4.36164e+06
4.43972e+06
4.51313e+06
4.44057e+06
4.44964e+06
4.44444e+06
4.02508e+06
4.54126e+06
4.47708e+06
4.47083e+06
4.46849e+06
4.06607e+06
4.55611e+06
4.45236e+06
4.49169e+06
4.49273e+06
4.11339e+06
4.41937e+06
4.53388e+06
4.55786e+06
4.55491e+06
5.5643e+06
4.6735e+06
4.59043e+06
4.61018e+06
4.59926e+06
4.63579e+06
4.65143e+06
4.64643e+06
4.64835e+06
4.64681e+06
4.63788e+06
4.67689e+06
4.69737e+06
4.68868e+06
4.68891e+06
4.7432e+06
4.75259e+06
4.74994e+06
4.74655e+06
4.74175e+06
4.8093e+06
4.82494e+06
4.79287e+06
4.80416e+06
4.79487e+06
4.88124e+06
4.91136e+06
4.85803e+06
4.85955e+06
4.85588e+06
4.85465e+06
4.84154e+06
4.85233e+06
4.8189e+06
4.80926e+06
5.22158e+06
5.15356e+06
5.1637e+06
5.10186e+06
5.07101e+06
5.06547e+06
5.04054e+06
4.95385e+06
4.80598e+06
4.41728e+06
5.88367e+06
5.90267e+06
5.87983e+06
5.85384e+06
5.73705e+06
5.96818e+06
6.02498e+06
6.06497e+06
6.07729e+06
6.08639e+06
6.09043e+06
6.09335e+06
6.09498e+06
6.09618e+06
6.09696e+06
6.09756e+06
6.09798e+06
6.09832e+06
6.09857e+06
6.09878e+06
6.09895e+06
6.09908e+06
6.0992e+06
6.0993e+06
6.09938e+06
6.09945e+06
6.09951e+06
6.09956e+06
6.09961e+06
6.09965e+06
6.09969e+06
5.89923e+06
5.90297e+06
5.91434e+06
5.93721e+06
5.96398e+06
6.05402e+06
6.05871e+06
6.07903e+06
6.08348e+06
6.08928e+06
6.09186e+06
6.09408e+06
6.09539e+06
6.0964e+06
6.0971e+06
6.09763e+06
6.09803e+06
6.09834e+06
6.09859e+06
6.09879e+06
6.09895e+06
6.09909e+06
6.0992e+06
6.0993e+06
6.09938e+06
6.09945e+06
6.09951e+06
6.09956e+06
6.09961e+06
6.09965e+06
6.09969e+06
6.04867e+06
6.04831e+06
6.05031e+06
6.05202e+06
6.05321e+06
6.0705e+06
6.07549e+06
6.0839e+06
6.08733e+06
6.09093e+06
6.09298e+06
6.09468e+06
6.09578e+06
6.09664e+06
6.09726e+06
6.09774e+06
6.0981e+06
6.09839e+06
6.09862e+06
6.09881e+06
6.09897e+06
6.0991e+06
6.09921e+06
6.0993e+06
6.09938e+06
6.09945e+06
6.09951e+06
6.09957e+06
6.09961e+06
6.09965e+06
6.09969e+06
6.05822e+06
6.05993e+06
6.06177e+06
6.06709e+06
6.07221e+06
6.08159e+06
6.08456e+06
6.08923e+06
6.09095e+06
6.0931e+06
6.0944e+06
6.09556e+06
6.09636e+06
6.09701e+06
6.0975e+06
6.0979e+06
6.09821e+06
6.09847e+06
6.09868e+06
6.09885e+06
6.099e+06
6.09912e+06
6.09922e+06
6.09931e+06
6.09939e+06
6.09946e+06
6.09952e+06
6.09957e+06
6.09962e+06
6.09966e+06
6.09969e+06
6.08494e+06
6.08522e+06
6.08611e+06
6.08726e+06
6.08794e+06
6.0901e+06
6.09114e+06
6.09278e+06
6.09353e+06
6.09462e+06
6.09547e+06
6.09625e+06
6.09684e+06
6.09734e+06
6.09774e+06
6.09807e+06
6.09833e+06
6.09856e+06
6.09874e+06
6.0989e+06
6.09903e+06
6.09914e+06
6.09924e+06
6.09933e+06
6.0994e+06
6.09947e+06
6.09953e+06
6.09958e+06
6.09962e+06
6.09966e+06
6.0997e+06
6.08681e+06
6.08743e+06
6.0889e+06
6.09031e+06
6.09123e+06
6.09274e+06
6.09364e+06
6.09469e+06
6.0951e+06
6.09577e+06
6.09635e+06
6.09687e+06
6.0973e+06
6.09767e+06
6.09798e+06
6.09824e+06
6.09846e+06
6.09865e+06
6.09881e+06
6.09895e+06
6.09907e+06
6.09918e+06
6.09927e+06
6.09935e+06
6.09942e+06
6.09948e+06
6.09953e+06
6.09958e+06
6.09963e+06
6.09966e+06
6.0997e+06
6.09345e+06
6.09361e+06
6.09371e+06
6.09453e+06
6.0954e+06
6.09598e+06
6.0962e+06
6.0965e+06
6.09649e+06
6.09675e+06
6.09709e+06
6.0974e+06
6.0977e+06
6.09796e+06
6.0982e+06
6.09841e+06
6.09858e+06
6.09874e+06
6.09888e+06
6.09901e+06
6.09911e+06
6.09921e+06
6.09929e+06
6.09937e+06
6.09943e+06
6.09949e+06
6.09955e+06
6.09959e+06
6.09963e+06
6.09967e+06
6.0997e+06
6.09441e+06
6.09459e+06
6.09461e+06
6.09539e+06
6.09638e+06
6.0969e+06
6.09709e+06
6.09728e+06
6.09719e+06
6.09733e+06
6.09757e+06
6.09779e+06
6.09801e+06
6.09821e+06
6.09839e+06
6.09856e+06
6.0987e+06
6.09884e+06
6.09896e+06
6.09906e+06
6.09916e+06
6.09925e+06
6.09932e+06
6.09939e+06
6.09945e+06
6.09951e+06
6.09956e+06
6.0996e+06
6.09964e+06
6.09968e+06
6.09971e+06
6.09631e+06
6.09653e+06
6.09649e+06
6.09707e+06
6.09779e+06
6.0981e+06
6.09818e+06
6.09818e+06
6.09791e+06
6.0979e+06
6.09803e+06
6.09815e+06
6.0983e+06
6.09843e+06
6.09857e+06
6.0987e+06
6.09881e+06
6.09893e+06
6.09903e+06
6.09912e+06
6.0992e+06
6.09928e+06
6.09935e+06
6.09941e+06
6.09947e+06
6.09952e+06
6.09957e+06
6.09961e+06
6.09965e+06
6.09968e+06
6.09972e+06
6.097e+06
6.09713e+06
6.09719e+06
6.09741e+06
6.09738e+06
6.09772e+06
6.09835e+06
6.09844e+06
6.0982e+06
6.09819e+06
6.09829e+06
6.09839e+06
6.0985e+06
6.09861e+06
6.09872e+06
6.09882e+06
6.09892e+06
6.09901e+06
6.0991e+06
6.09918e+06
6.09925e+06
6.09932e+06
6.09938e+06
6.09944e+06
6.09949e+06
6.09954e+06
6.09958e+06
6.09962e+06
6.09966e+06
6.09969e+06
6.09972e+06
6.09787e+06
6.09799e+06
6.09793e+06
6.09808e+06
6.09803e+06
6.09813e+06
6.09821e+06
6.09834e+06
6.09851e+06
6.09854e+06
6.09858e+06
6.09863e+06
6.0987e+06
6.09877e+06
6.09885e+06
6.09893e+06
6.09901e+06
6.09909e+06
6.09916e+06
6.09923e+06
6.09929e+06
6.09935e+06
6.09941e+06
6.09946e+06
6.09951e+06
6.09956e+06
6.0996e+06
6.09964e+06
6.09967e+06
6.0997e+06
6.09973e+06
6.09817e+06
6.09827e+06
6.0982e+06
6.09829e+06
6.09826e+06
6.09831e+06
6.09831e+06
6.09842e+06
6.09865e+06
6.0987e+06
6.09874e+06
6.09878e+06
6.09884e+06
6.0989e+06
6.09896e+06
6.09903e+06
6.09909e+06
6.09916e+06
6.09922e+06
6.09928e+06
6.09934e+06
6.09939e+06
6.09944e+06
6.09949e+06
6.09953e+06
6.09958e+06
6.09961e+06
6.09965e+06
6.09968e+06
6.09971e+06
6.09974e+06
6.09863e+06
6.09872e+06
6.09864e+06
6.09869e+06
6.09863e+06
6.09865e+06
6.09863e+06
6.0987e+06
6.09888e+06
6.09891e+06
6.09892e+06
6.09894e+06
6.09898e+06
6.09902e+06
6.09907e+06
6.09912e+06
6.09917e+06
6.09922e+06
6.09928e+06
6.09933e+06
6.09938e+06
6.09942e+06
6.09947e+06
6.09951e+06
6.09956e+06
6.09959e+06
6.09963e+06
6.09966e+06
6.09969e+06
6.09972e+06
6.09975e+06
6.09855e+06
6.09866e+06
6.09873e+06
6.0988e+06
6.09874e+06
6.09875e+06
6.09874e+06
6.09881e+06
6.099e+06
6.09902e+06
6.09903e+06
6.09905e+06
6.09908e+06
6.09912e+06
6.09915e+06
6.0992e+06
6.09924e+06
6.09928e+06
6.09933e+06
6.09937e+06
6.09942e+06
6.09946e+06
6.0995e+06
6.09954e+06
6.09958e+06
6.09961e+06
6.09964e+06
6.09967e+06
6.0997e+06
6.09973e+06
6.09975e+06
6.09881e+06
6.09887e+06
6.09884e+06
6.09892e+06
6.09891e+06
6.09891e+06
6.09889e+06
6.09896e+06
6.09914e+06
6.09916e+06
6.09915e+06
6.09916e+06
6.09917e+06
6.0992e+06
6.09923e+06
6.09927e+06
6.0993e+06
6.09934e+06
6.09938e+06
6.09941e+06
6.09945e+06
6.09949e+06
6.09953e+06
6.09956e+06
6.0996e+06
6.09963e+06
6.09966e+06
6.09969e+06
6.09971e+06
6.09974e+06
6.09976e+06
6.09888e+06
6.09897e+06
6.09892e+06
6.09899e+06
6.099e+06
6.099e+06
6.09898e+06
6.09905e+06
6.09922e+06
6.09924e+06
6.09923e+06
6.09924e+06
6.09925e+06
6.09927e+06
6.0993e+06
6.09933e+06
6.09936e+06
6.09939e+06
6.09942e+06
6.09945e+06
6.09949e+06
6.09952e+06
6.09955e+06
6.09959e+06
6.09962e+06
6.09965e+06
6.09967e+06
6.0997e+06
6.09973e+06
6.09975e+06
6.09977e+06
6.09903e+06
6.0991e+06
6.09906e+06
6.09913e+06
6.09912e+06
6.09912e+06
6.09909e+06
6.09915e+06
6.09931e+06
6.09932e+06
6.09931e+06
6.09931e+06
6.09932e+06
6.09934e+06
6.09936e+06
6.09938e+06
6.09941e+06
6.09943e+06
6.09946e+06
6.09949e+06
6.09952e+06
6.09955e+06
6.09958e+06
6.09961e+06
6.09964e+06
6.09966e+06
6.09969e+06
6.09971e+06
6.09974e+06
6.09976e+06
6.09978e+06
6.09912e+06
6.09913e+06
6.09915e+06
6.09918e+06
6.09913e+06
6.09915e+06
6.09913e+06
6.09919e+06
6.09936e+06
6.09938e+06
6.09937e+06
6.09937e+06
6.09938e+06
6.0994e+06
6.09941e+06
6.09943e+06
6.09945e+06
6.09948e+06
6.0995e+06
6.09953e+06
6.09955e+06
6.09958e+06
6.09961e+06
6.09963e+06
6.09966e+06
6.09968e+06
6.09971e+06
6.09973e+06
6.09975e+06
6.09977e+06
6.09979e+06
6.0992e+06
6.09923e+06
6.0992e+06
6.09924e+06
6.09922e+06
6.09921e+06
6.09919e+06
6.09927e+06
6.09943e+06
6.09944e+06
6.09943e+06
6.09943e+06
6.09944e+06
6.09945e+06
6.09946e+06
6.09948e+06
6.0995e+06
6.09952e+06
6.09954e+06
6.09956e+06
6.09958e+06
6.09961e+06
6.09963e+06
6.09965e+06
6.09968e+06
6.0997e+06
6.09972e+06
6.09974e+06
6.09976e+06
6.09978e+06
6.0998e+06
6.09925e+06
6.09929e+06
6.09927e+06
6.09929e+06
6.09927e+06
6.09927e+06
6.09924e+06
6.09931e+06
6.09947e+06
6.09949e+06
6.09948e+06
6.09948e+06
6.09949e+06
6.0995e+06
6.09951e+06
6.09952e+06
6.09954e+06
6.09955e+06
6.09957e+06
6.09959e+06
6.09961e+06
6.09963e+06
6.09965e+06
6.09967e+06
6.09969e+06
6.09972e+06
6.09974e+06
6.09975e+06
6.09977e+06
6.09979e+06
6.09981e+06
6.09935e+06
6.09937e+06
6.09931e+06
6.09933e+06
6.09932e+06
6.09932e+06
6.0993e+06
6.09935e+06
6.09952e+06
6.09954e+06
6.09953e+06
6.09953e+06
6.09953e+06
6.09954e+06
6.09955e+06
6.09956e+06
6.09957e+06
6.09959e+06
6.0996e+06
6.09962e+06
6.09964e+06
6.09966e+06
6.09967e+06
6.09969e+06
6.09971e+06
6.09973e+06
6.09975e+06
6.09977e+06
6.09979e+06
6.0998e+06
6.09982e+06
6.10004e+06
6.09983e+06
6.09945e+06
6.09942e+06
6.09936e+06
6.09936e+06
6.09933e+06
6.09939e+06
6.09956e+06
6.09958e+06
6.09958e+06
6.09958e+06
6.09958e+06
6.09958e+06
6.09959e+06
6.0996e+06
6.09961e+06
6.09962e+06
6.09963e+06
6.09965e+06
6.09966e+06
6.09968e+06
6.0997e+06
6.09971e+06
6.09973e+06
6.09975e+06
6.09976e+06
6.09978e+06
6.0998e+06
6.09981e+06
6.09983e+06
6.0998e+06
6.09993e+06
6.09985e+06
6.09977e+06
6.09944e+06
6.09938e+06
6.09937e+06
6.09943e+06
6.09959e+06
6.09962e+06
6.09962e+06
6.09961e+06
6.09962e+06
6.09962e+06
6.09963e+06
6.09963e+06
6.09964e+06
6.09965e+06
6.09966e+06
6.09967e+06
6.09969e+06
6.0997e+06
6.09972e+06
6.09973e+06
6.09975e+06
6.09976e+06
6.09978e+06
6.09979e+06
6.09981e+06
6.09982e+06
6.09984e+06
6.09988e+06
6.1e+06
6.09995e+06
6.09984e+06
6.09946e+06
6.0994e+06
6.0994e+06
6.09947e+06
6.09963e+06
6.09966e+06
6.09965e+06
6.09965e+06
6.09965e+06
6.09966e+06
6.09966e+06
6.09967e+06
6.09967e+06
6.09968e+06
6.09969e+06
6.0997e+06
6.09971e+06
6.09972e+06
6.09974e+06
6.09975e+06
6.09976e+06
6.09978e+06
6.09979e+06
6.09981e+06
6.09982e+06
6.09983e+06
6.09985e+06
6.09992e+06
6.10004e+06
6.09997e+06
6.09988e+06
6.09955e+06
6.09948e+06
6.09944e+06
6.09949e+06
6.09966e+06
6.09969e+06
6.09968e+06
6.09968e+06
6.09968e+06
6.09969e+06
6.09969e+06
6.09969e+06
6.0997e+06
6.09971e+06
6.09971e+06
6.09972e+06
6.09973e+06
6.09974e+06
6.09976e+06
6.09977e+06
6.09978e+06
6.09979e+06
6.09981e+06
6.09982e+06
6.09983e+06
6.09984e+06
6.09986e+06
6.09987e+06
6.09993e+06
6.09987e+06
6.0999e+06
6.09988e+06
6.0998e+06
6.09954e+06
6.09955e+06
6.0997e+06
6.09972e+06
6.09971e+06
6.09971e+06
6.09971e+06
6.09971e+06
6.09972e+06
6.09972e+06
6.09972e+06
6.09973e+06
6.09974e+06
6.09975e+06
6.09975e+06
6.09976e+06
6.09977e+06
6.09979e+06
6.0998e+06
6.09981e+06
6.09982e+06
6.09983e+06
6.09984e+06
6.09985e+06
6.09987e+06
6.09988e+06
6.09992e+06
6.09989e+06
6.09992e+06
6.09991e+06
6.09989e+06
6.09983e+06
6.0998e+06
6.09977e+06
6.09974e+06
6.09974e+06
6.09974e+06
6.09974e+06
6.09974e+06
6.09974e+06
6.09974e+06
6.09975e+06
6.09975e+06
6.09976e+06
6.09977e+06
6.09977e+06
6.09978e+06
6.09979e+06
6.0998e+06
6.09981e+06
6.09982e+06
6.09983e+06
6.09984e+06
6.09985e+06
6.09986e+06
6.09987e+06
6.09989e+06
6.09991e+06
6.09991e+06
6.09992e+06
6.09992e+06
6.09991e+06
6.09991e+06
6.09988e+06
6.09981e+06
6.09977e+06
6.09976e+06
6.09976e+06
6.09976e+06
6.09976e+06
6.09977e+06
6.09977e+06
6.09977e+06
6.09978e+06
6.09978e+06
6.09979e+06
6.09979e+06
6.0998e+06
6.09981e+06
6.09982e+06
6.09983e+06
6.09984e+06
6.09985e+06
6.09986e+06
6.09986e+06
6.09987e+06
6.09988e+06
6.09992e+06
6.09992e+06
6.09992e+06
6.09992e+06
6.09993e+06
6.09994e+06
6.09992e+06
6.09989e+06
6.09983e+06
6.0998e+06
6.09979e+06
6.09979e+06
6.09979e+06
6.09979e+06
6.09979e+06
6.09979e+06
6.09979e+06
6.0998e+06
6.0998e+06
6.09981e+06
6.09981e+06
6.09982e+06
6.09983e+06
6.09983e+06
6.09984e+06
6.09985e+06
6.09986e+06
6.09987e+06
6.09988e+06
6.09988e+06
6.09989e+06
6.10014e+06
6.10006e+06
6.09995e+06
6.09995e+06
6.09995e+06
6.09996e+06
6.09994e+06
6.09991e+06
6.09985e+06
6.09982e+06
6.09981e+06
6.09981e+06
6.09981e+06
6.09981e+06
6.09981e+06
6.09981e+06
6.09981e+06
6.09982e+06
6.09982e+06
6.09982e+06
6.09983e+06
6.09984e+06
6.09984e+06
6.09985e+06
6.09986e+06
6.09986e+06
6.09987e+06
6.09988e+06
6.09989e+06
6.09989e+06
6.0999e+06
6.10005e+06
6.10008e+06
6.10008e+06
6.10007e+06
6.09997e+06
6.09997e+06
6.09996e+06
6.09993e+06
6.09987e+06
6.09984e+06
6.09983e+06
6.09983e+06
6.09983e+06
6.09983e+06
6.09983e+06
6.09983e+06
6.09983e+06
6.09984e+06
6.09984e+06
6.09984e+06
6.09985e+06
6.09985e+06
6.09986e+06
6.09986e+06
6.09987e+06
6.09988e+06
6.09988e+06
6.09989e+06
6.0999e+06
6.0999e+06
6.09991e+06
6.10007e+06
6.1001e+06
6.10011e+06
6.10009e+06
6.09998e+06
6.09999e+06
6.09999e+06
6.09996e+06
6.0999e+06
6.09986e+06
6.09985e+06
6.09985e+06
6.09985e+06
6.09985e+06
6.09985e+06
6.09985e+06
6.09985e+06
6.09985e+06
6.09986e+06
6.09986e+06
6.09986e+06
6.09987e+06
6.09987e+06
6.09988e+06
6.09988e+06
6.09989e+06
6.0999e+06
6.0999e+06
6.09991e+06
6.09991e+06
6.09992e+06
6.10009e+06
6.10012e+06
6.10012e+06
6.1001e+06
6.1e+06
6.10001e+06
6.1e+06
6.09997e+06
6.09991e+06
6.09988e+06
6.09988e+06
6.09987e+06
6.09987e+06
6.09987e+06
6.09987e+06
6.09987e+06
6.09987e+06
6.09987e+06
6.09988e+06
6.09988e+06
6.09988e+06
6.09988e+06
6.09989e+06
6.09989e+06
6.0999e+06
6.0999e+06
6.09991e+06
6.09991e+06
6.09992e+06
6.09992e+06
6.09993e+06
6.10009e+06
6.10011e+06
6.1001e+06
6.10011e+06
6.10012e+06
6.10011e+06
6.10002e+06
6.09999e+06
6.09993e+06
6.0999e+06
6.09989e+06
6.09989e+06
6.09989e+06
6.09989e+06
6.09989e+06
6.09989e+06
6.09989e+06
6.09989e+06
6.09989e+06
6.0999e+06
6.0999e+06
6.0999e+06
6.0999e+06
6.09991e+06
6.09991e+06
6.09992e+06
6.09992e+06
6.09993e+06
6.09993e+06
6.09993e+06
6.09994e+06
6.1001e+06
6.10011e+06
6.10011e+06
6.10012e+06
6.10013e+06
6.10012e+06
6.10011e+06
6.10007e+06
6.09996e+06
6.09992e+06
6.09991e+06
6.09991e+06
6.09991e+06
6.09991e+06
6.09991e+06
6.09991e+06
6.09991e+06
6.09991e+06
6.09991e+06
6.09991e+06
6.09991e+06
6.09992e+06
6.09992e+06
6.09992e+06
6.09993e+06
6.09993e+06
6.09993e+06
6.09994e+06
6.09994e+06
6.09994e+06
6.09995e+06
6.10013e+06
6.10013e+06
6.10014e+06
6.10014e+06
6.10014e+06
6.10015e+06
6.10014e+06
6.1001e+06
6.09998e+06
6.09994e+06
6.09993e+06
6.09993e+06
6.09993e+06
6.09993e+06
6.09993e+06
6.09993e+06
6.09993e+06
6.09993e+06
6.09993e+06
6.09993e+06
6.09993e+06
6.09993e+06
6.09993e+06
6.09994e+06
6.09994e+06
6.09994e+06
6.09995e+06
6.09995e+06
6.09995e+06
6.09995e+06
6.09996e+06
6.10015e+06
6.10014e+06
6.10015e+06
6.10015e+06
6.10015e+06
6.10016e+06
6.10015e+06
6.1001e+06
6.09998e+06
6.09995e+06
6.09994e+06
6.09994e+06
6.09994e+06
6.09994e+06
6.09994e+06
6.09994e+06
6.09994e+06
6.09994e+06
6.09994e+06
6.09994e+06
6.09995e+06
6.09995e+06
6.09995e+06
6.09995e+06
6.09995e+06
6.09995e+06
6.09996e+06
6.09996e+06
6.09996e+06
6.09996e+06
6.09997e+06
6.10021e+06
6.10019e+06
6.1002e+06
6.10019e+06
6.10019e+06
6.1002e+06
6.1002e+06
6.10014e+06
6.10002e+06
6.09998e+06
6.09997e+06
6.09997e+06
6.09997e+06
6.09996e+06
6.09996e+06
6.09996e+06
6.09996e+06
6.09996e+06
6.09996e+06
6.09996e+06
6.09996e+06
6.09996e+06
6.09996e+06
6.09996e+06
6.09997e+06
6.09997e+06
6.09997e+06
6.09997e+06
6.09997e+06
6.09997e+06
6.09998e+06
6.10023e+06
6.10022e+06
6.10022e+06
6.10022e+06
6.10021e+06
6.10021e+06
6.1002e+06
6.10014e+06
6.10001e+06
6.09997e+06
6.09997e+06
6.09997e+06
6.09997e+06
6.09997e+06
6.09997e+06
6.09997e+06
6.09997e+06
6.09997e+06
6.09997e+06
6.09998e+06
6.09998e+06
6.09998e+06
6.09998e+06
6.09998e+06
6.09998e+06
6.09998e+06
6.09998e+06
6.09998e+06
6.09998e+06
6.09998e+06
6.09999e+06
6.10014e+06
6.10016e+06
6.10018e+06
6.10018e+06
6.10017e+06
6.10016e+06
6.10016e+06
6.10012e+06
6.10003e+06
6.10001e+06
6.10001e+06
6.10001e+06
6.10001e+06
6.10001e+06
6.10001e+06
6.1e+06
6.1e+06
6.1e+06
6.1e+06
6.1e+06
6.1e+06
6.1e+06
6.1e+06
6.09999e+06
6.09999e+06
6.09999e+06
6.09999e+06
6.09999e+06
6.09999e+06
6.1e+06
6.1e+06
4.12259e+06
4.06938e+06
4.15103e+06
4.12878e+06
4.02749e+06
4.94531e+06
4.60095e+06
4.40535e+06
4.44192e+06
4.53587e+06
4.04255e+06
4.30317e+06
4.42869e+06
4.46199e+06
4.50072e+06
3.86411e+06
4.16956e+06
4.32296e+06
4.36976e+06
4.36164e+06
4.43973e+06
4.51313e+06
4.44057e+06
4.44964e+06
4.44444e+06
4.02508e+06
4.54126e+06
4.47708e+06
4.47083e+06
4.46849e+06
4.06606e+06
4.55611e+06
4.45236e+06
4.49169e+06
4.49273e+06
4.11339e+06
4.41937e+06
4.53388e+06
4.55786e+06
4.55491e+06
5.56429e+06
4.6735e+06
4.59043e+06
4.61018e+06
4.59926e+06
4.63578e+06
4.65142e+06
4.64643e+06
4.64834e+06
4.64681e+06
4.63787e+06
4.67689e+06
4.69737e+06
4.68868e+06
4.68891e+06
4.74319e+06
4.75258e+06
4.74994e+06
4.74655e+06
4.74175e+06
4.8093e+06
4.82494e+06
4.79287e+06
4.80416e+06
4.79487e+06
4.88124e+06
4.91136e+06
4.85803e+06
4.85955e+06
4.85588e+06
4.85465e+06
4.84154e+06
4.85233e+06
4.8189e+06
4.80926e+06
5.22158e+06
5.15356e+06
5.1637e+06
5.10186e+06
5.07101e+06
5.06546e+06
5.04054e+06
4.95385e+06
4.80598e+06
4.41728e+06
5.88367e+06
5.90267e+06
5.87983e+06
5.85384e+06
5.73705e+06
5.96818e+06
6.02498e+06
6.06497e+06
6.07729e+06
6.08639e+06
6.09043e+06
6.09335e+06
6.09498e+06
6.09618e+06
6.09696e+06
6.09756e+06
6.09798e+06
6.09832e+06
6.09857e+06
6.09878e+06
6.09895e+06
6.09908e+06
6.0992e+06
6.0993e+06
6.09938e+06
6.09945e+06
6.09951e+06
6.09956e+06
6.09961e+06
6.09965e+06
6.09969e+06
5.89923e+06
5.90297e+06
5.91434e+06
5.93721e+06
5.96398e+06
6.05402e+06
6.05871e+06
6.07903e+06
6.08348e+06
6.08928e+06
6.09186e+06
6.09408e+06
6.09539e+06
6.0964e+06
6.0971e+06
6.09763e+06
6.09803e+06
6.09834e+06
6.09859e+06
6.09879e+06
6.09895e+06
6.09909e+06
6.0992e+06
6.0993e+06
6.09938e+06
6.09945e+06
6.09951e+06
6.09956e+06
6.09961e+06
6.09965e+06
6.09969e+06
6.04867e+06
6.04831e+06
6.05031e+06
6.05202e+06
6.05321e+06
6.0705e+06
6.07549e+06
6.0839e+06
6.08733e+06
6.09093e+06
6.09298e+06
6.09468e+06
6.09578e+06
6.09664e+06
6.09726e+06
6.09774e+06
6.0981e+06
6.09839e+06
6.09862e+06
6.09881e+06
6.09897e+06
6.0991e+06
6.09921e+06
6.0993e+06
6.09938e+06
6.09945e+06
6.09951e+06
6.09957e+06
6.09961e+06
6.09965e+06
6.09969e+06
6.05822e+06
6.05993e+06
6.06177e+06
6.06709e+06
6.07221e+06
6.08159e+06
6.08456e+06
6.08923e+06
6.09095e+06
6.0931e+06
6.0944e+06
6.09556e+06
6.09636e+06
6.09701e+06
6.0975e+06
6.0979e+06
6.09821e+06
6.09847e+06
6.09868e+06
6.09885e+06
6.099e+06
6.09912e+06
6.09922e+06
6.09931e+06
6.09939e+06
6.09946e+06
6.09952e+06
6.09957e+06
6.09962e+06
6.09966e+06
6.09969e+06
6.08494e+06
6.08522e+06
6.08611e+06
6.08726e+06
6.08794e+06
6.0901e+06
6.09114e+06
6.09278e+06
6.09353e+06
6.09462e+06
6.09547e+06
6.09625e+06
6.09684e+06
6.09734e+06
6.09774e+06
6.09807e+06
6.09833e+06
6.09856e+06
6.09874e+06
6.0989e+06
6.09903e+06
6.09914e+06
6.09924e+06
6.09933e+06
6.0994e+06
6.09947e+06
6.09953e+06
6.09958e+06
6.09962e+06
6.09966e+06
6.0997e+06
6.08681e+06
6.08743e+06
6.0889e+06
6.09031e+06
6.09123e+06
6.09274e+06
6.09364e+06
6.09469e+06
6.0951e+06
6.09577e+06
6.09635e+06
6.09687e+06
6.0973e+06
6.09767e+06
6.09798e+06
6.09824e+06
6.09846e+06
6.09865e+06
6.09881e+06
6.09895e+06
6.09907e+06
6.09918e+06
6.09927e+06
6.09935e+06
6.09942e+06
6.09948e+06
6.09953e+06
6.09958e+06
6.09963e+06
6.09966e+06
6.0997e+06
6.09345e+06
6.09361e+06
6.09371e+06
6.09453e+06
6.0954e+06
6.09598e+06
6.0962e+06
6.0965e+06
6.09649e+06
6.09675e+06
6.09709e+06
6.0974e+06
6.0977e+06
6.09796e+06
6.0982e+06
6.09841e+06
6.09858e+06
6.09874e+06
6.09888e+06
6.09901e+06
6.09911e+06
6.09921e+06
6.09929e+06
6.09937e+06
6.09943e+06
6.09949e+06
6.09955e+06
6.09959e+06
6.09963e+06
6.09967e+06
6.0997e+06
6.09441e+06
6.09459e+06
6.09461e+06
6.09539e+06
6.09638e+06
6.0969e+06
6.09709e+06
6.09728e+06
6.09719e+06
6.09733e+06
6.09757e+06
6.09779e+06
6.09801e+06
6.09821e+06
6.09839e+06
6.09856e+06
6.0987e+06
6.09884e+06
6.09896e+06
6.09906e+06
6.09916e+06
6.09925e+06
6.09932e+06
6.09939e+06
6.09945e+06
6.09951e+06
6.09956e+06
6.0996e+06
6.09964e+06
6.09968e+06
6.09971e+06
6.09631e+06
6.09653e+06
6.09649e+06
6.09707e+06
6.09779e+06
6.0981e+06
6.09818e+06
6.09818e+06
6.09791e+06
6.0979e+06
6.09803e+06
6.09815e+06
6.0983e+06
6.09843e+06
6.09857e+06
6.0987e+06
6.09881e+06
6.09893e+06
6.09903e+06
6.09912e+06
6.0992e+06
6.09928e+06
6.09935e+06
6.09941e+06
6.09947e+06
6.09952e+06
6.09957e+06
6.09961e+06
6.09965e+06
6.09968e+06
6.09972e+06
6.097e+06
6.09713e+06
6.09719e+06
6.09741e+06
6.09738e+06
6.09772e+06
6.09835e+06
6.09844e+06
6.0982e+06
6.09819e+06
6.09829e+06
6.09839e+06
6.0985e+06
6.09861e+06
6.09872e+06
6.09882e+06
6.09892e+06
6.09901e+06
6.0991e+06
6.09918e+06
6.09925e+06
6.09932e+06
6.09938e+06
6.09944e+06
6.09949e+06
6.09954e+06
6.09958e+06
6.09962e+06
6.09966e+06
6.09969e+06
6.09972e+06
6.09787e+06
6.09799e+06
6.09793e+06
6.09808e+06
6.09803e+06
6.09813e+06
6.09821e+06
6.09834e+06
6.09851e+06
6.09854e+06
6.09858e+06
6.09863e+06
6.0987e+06
6.09877e+06
6.09885e+06
6.09893e+06
6.09901e+06
6.09909e+06
6.09916e+06
6.09923e+06
6.09929e+06
6.09935e+06
6.09941e+06
6.09946e+06
6.09951e+06
6.09956e+06
6.0996e+06
6.09964e+06
6.09967e+06
6.0997e+06
6.09973e+06
6.09817e+06
6.09827e+06
6.0982e+06
6.09829e+06
6.09826e+06
6.09831e+06
6.09831e+06
6.09842e+06
6.09865e+06
6.0987e+06
6.09874e+06
6.09878e+06
6.09884e+06
6.0989e+06
6.09896e+06
6.09903e+06
6.09909e+06
6.09916e+06
6.09922e+06
6.09928e+06
6.09934e+06
6.09939e+06
6.09944e+06
6.09949e+06
6.09953e+06
6.09958e+06
6.09961e+06
6.09965e+06
6.09968e+06
6.09971e+06
6.09974e+06
6.09863e+06
6.09872e+06
6.09864e+06
6.09869e+06
6.09863e+06
6.09865e+06
6.09863e+06
6.0987e+06
6.09888e+06
6.09891e+06
6.09892e+06
6.09894e+06
6.09898e+06
6.09902e+06
6.09907e+06
6.09912e+06
6.09917e+06
6.09922e+06
6.09928e+06
6.09933e+06
6.09938e+06
6.09942e+06
6.09947e+06
6.09951e+06
6.09956e+06
6.09959e+06
6.09963e+06
6.09966e+06
6.09969e+06
6.09972e+06
6.09975e+06
6.09855e+06
6.09866e+06
6.09873e+06
6.0988e+06
6.09874e+06
6.09875e+06
6.09874e+06
6.09881e+06
6.099e+06
6.09902e+06
6.09903e+06
6.09905e+06
6.09908e+06
6.09912e+06
6.09915e+06
6.0992e+06
6.09924e+06
6.09928e+06
6.09933e+06
6.09937e+06
6.09942e+06
6.09946e+06
6.0995e+06
6.09954e+06
6.09958e+06
6.09961e+06
6.09964e+06
6.09967e+06
6.0997e+06
6.09973e+06
6.09975e+06
6.09881e+06
6.09887e+06
6.09884e+06
6.09892e+06
6.09891e+06
6.09891e+06
6.09889e+06
6.09896e+06
6.09914e+06
6.09916e+06
6.09915e+06
6.09916e+06
6.09917e+06
6.0992e+06
6.09923e+06
6.09927e+06
6.0993e+06
6.09934e+06
6.09938e+06
6.09941e+06
6.09945e+06
6.09949e+06
6.09953e+06
6.09956e+06
6.0996e+06
6.09963e+06
6.09966e+06
6.09969e+06
6.09971e+06
6.09974e+06
6.09976e+06
6.09888e+06
6.09897e+06
6.09892e+06
6.09899e+06
6.099e+06
6.099e+06
6.09898e+06
6.09905e+06
6.09922e+06
6.09924e+06
6.09923e+06
6.09924e+06
6.09925e+06
6.09927e+06
6.0993e+06
6.09933e+06
6.09936e+06
6.09939e+06
6.09942e+06
6.09945e+06
6.09949e+06
6.09952e+06
6.09955e+06
6.09959e+06
6.09962e+06
6.09965e+06
6.09967e+06
6.0997e+06
6.09973e+06
6.09975e+06
6.09977e+06
6.09903e+06
6.0991e+06
6.09906e+06
6.09913e+06
6.09912e+06
6.09912e+06
6.09909e+06
6.09915e+06
6.09931e+06
6.09932e+06
6.09931e+06
6.09931e+06
6.09932e+06
6.09934e+06
6.09936e+06
6.09938e+06
6.09941e+06
6.09943e+06
6.09946e+06
6.09949e+06
6.09952e+06
6.09955e+06
6.09958e+06
6.09961e+06
6.09964e+06
6.09966e+06
6.09969e+06
6.09971e+06
6.09974e+06
6.09976e+06
6.09978e+06
6.09912e+06
6.09913e+06
6.09915e+06
6.09918e+06
6.09913e+06
6.09915e+06
6.09913e+06
6.09919e+06
6.09936e+06
6.09938e+06
6.09937e+06
6.09937e+06
6.09938e+06
6.0994e+06
6.09941e+06
6.09943e+06
6.09945e+06
6.09948e+06
6.0995e+06
6.09953e+06
6.09955e+06
6.09958e+06
6.09961e+06
6.09963e+06
6.09966e+06
6.09968e+06
6.09971e+06
6.09973e+06
6.09975e+06
6.09977e+06
6.09979e+06
6.0992e+06
6.09923e+06
6.0992e+06
6.09924e+06
6.09922e+06
6.09921e+06
6.09919e+06
6.09927e+06
6.09943e+06
6.09944e+06
6.09943e+06
6.09943e+06
6.09944e+06
6.09945e+06
6.09946e+06
6.09948e+06
6.0995e+06
6.09952e+06
6.09954e+06
6.09956e+06
6.09958e+06
6.09961e+06
6.09963e+06
6.09965e+06
6.09968e+06
6.0997e+06
6.09972e+06
6.09974e+06
6.09976e+06
6.09978e+06
6.0998e+06
6.09925e+06
6.09929e+06
6.09927e+06
6.09929e+06
6.09927e+06
6.09927e+06
6.09924e+06
6.09931e+06
6.09947e+06
6.09949e+06
6.09948e+06
6.09948e+06
6.09949e+06
6.0995e+06
6.09951e+06
6.09952e+06
6.09954e+06
6.09955e+06
6.09957e+06
6.09959e+06
6.09961e+06
6.09963e+06
6.09965e+06
6.09967e+06
6.09969e+06
6.09972e+06
6.09974e+06
6.09975e+06
6.09977e+06
6.09979e+06
6.09981e+06
6.09935e+06
6.09937e+06
6.09931e+06
6.09933e+06
6.09932e+06
6.09932e+06
6.0993e+06
6.09935e+06
6.09952e+06
6.09954e+06
6.09953e+06
6.09953e+06
6.09953e+06
6.09954e+06
6.09955e+06
6.09956e+06
6.09957e+06
6.09959e+06
6.0996e+06
6.09962e+06
6.09964e+06
6.09966e+06
6.09967e+06
6.09969e+06
6.09971e+06
6.09973e+06
6.09975e+06
6.09977e+06
6.09979e+06
6.0998e+06
6.09982e+06
6.10004e+06
6.09983e+06
6.09945e+06
6.09942e+06
6.09936e+06
6.09936e+06
6.09933e+06
6.09939e+06
6.09956e+06
6.09958e+06
6.09958e+06
6.09958e+06
6.09958e+06
6.09958e+06
6.09959e+06
6.0996e+06
6.09961e+06
6.09962e+06
6.09963e+06
6.09965e+06
6.09966e+06
6.09968e+06
6.0997e+06
6.09971e+06
6.09973e+06
6.09975e+06
6.09976e+06
6.09978e+06
6.0998e+06
6.09981e+06
6.09983e+06
6.0998e+06
6.09993e+06
6.09985e+06
6.09977e+06
6.09944e+06
6.09938e+06
6.09937e+06
6.09943e+06
6.09959e+06
6.09962e+06
6.09962e+06
6.09961e+06
6.09962e+06
6.09962e+06
6.09963e+06
6.09963e+06
6.09964e+06
6.09965e+06
6.09966e+06
6.09967e+06
6.09969e+06
6.0997e+06
6.09972e+06
6.09973e+06
6.09975e+06
6.09976e+06
6.09978e+06
6.09979e+06
6.09981e+06
6.09982e+06
6.09984e+06
6.09988e+06
6.1e+06
6.09995e+06
6.09984e+06
6.09946e+06
6.0994e+06
6.0994e+06
6.09947e+06
6.09963e+06
6.09966e+06
6.09965e+06
6.09965e+06
6.09965e+06
6.09966e+06
6.09966e+06
6.09967e+06
6.09967e+06
6.09968e+06
6.09969e+06
6.0997e+06
6.09971e+06
6.09972e+06
6.09974e+06
6.09975e+06
6.09976e+06
6.09978e+06
6.09979e+06
6.09981e+06
6.09982e+06
6.09983e+06
6.09985e+06
6.09992e+06
6.10004e+06
6.09997e+06
6.09988e+06
6.09955e+06
6.09948e+06
6.09944e+06
6.09949e+06
6.09966e+06
6.09969e+06
6.09968e+06
6.09968e+06
6.09968e+06
6.09969e+06
6.09969e+06
6.09969e+06
6.0997e+06
6.09971e+06
6.09971e+06
6.09972e+06
6.09973e+06
6.09974e+06
6.09976e+06
6.09977e+06
6.09978e+06
6.09979e+06
6.09981e+06
6.09982e+06
6.09983e+06
6.09984e+06
6.09986e+06
6.09987e+06
6.09993e+06
6.09987e+06
6.0999e+06
6.09988e+06
6.0998e+06
6.09954e+06
6.09955e+06
6.0997e+06
6.09972e+06
6.09971e+06
6.09971e+06
6.09971e+06
6.09971e+06
6.09972e+06
6.09972e+06
6.09972e+06
6.09973e+06
6.09974e+06
6.09975e+06
6.09975e+06
6.09976e+06
6.09977e+06
6.09979e+06
6.0998e+06
6.09981e+06
6.09982e+06
6.09983e+06
6.09984e+06
6.09985e+06
6.09987e+06
6.09988e+06
6.09992e+06
6.09989e+06
6.09992e+06
6.09991e+06
6.09989e+06
6.09983e+06
6.0998e+06
6.09977e+06
6.09974e+06
6.09974e+06
6.09974e+06
6.09974e+06
6.09974e+06
6.09974e+06
6.09974e+06
6.09975e+06
6.09975e+06
6.09976e+06
6.09977e+06
6.09977e+06
6.09978e+06
6.09979e+06
6.0998e+06
6.09981e+06
6.09982e+06
6.09983e+06
6.09984e+06
6.09985e+06
6.09986e+06
6.09987e+06
6.09989e+06
6.09991e+06
6.09991e+06
6.09992e+06
6.09992e+06
6.09991e+06
6.09991e+06
6.09988e+06
6.09981e+06
6.09977e+06
6.09976e+06
6.09976e+06
6.09976e+06
6.09976e+06
6.09977e+06
6.09977e+06
6.09977e+06
6.09978e+06
6.09978e+06
6.09979e+06
6.09979e+06
6.0998e+06
6.09981e+06
6.09982e+06
6.09983e+06
6.09984e+06
6.09985e+06
6.09986e+06
6.09986e+06
6.09987e+06
6.09988e+06
6.09992e+06
6.09992e+06
6.09992e+06
6.09992e+06
6.09993e+06
6.09994e+06
6.09992e+06
6.09989e+06
6.09983e+06
6.0998e+06
6.09979e+06
6.09979e+06
6.09979e+06
6.09979e+06
6.09979e+06
6.09979e+06
6.09979e+06
6.0998e+06
6.0998e+06
6.09981e+06
6.09981e+06
6.09982e+06
6.09983e+06
6.09983e+06
6.09984e+06
6.09985e+06
6.09986e+06
6.09987e+06
6.09988e+06
6.09988e+06
6.09989e+06
6.10014e+06
6.10006e+06
6.09995e+06
6.09995e+06
6.09995e+06
6.09996e+06
6.09994e+06
6.09991e+06
6.09985e+06
6.09982e+06
6.09981e+06
6.09981e+06
6.09981e+06
6.09981e+06
6.09981e+06
6.09981e+06
6.09981e+06
6.09982e+06
6.09982e+06
6.09982e+06
6.09983e+06
6.09984e+06
6.09984e+06
6.09985e+06
6.09986e+06
6.09986e+06
6.09987e+06
6.09988e+06
6.09989e+06
6.09989e+06
6.0999e+06
6.10005e+06
6.10008e+06
6.10008e+06
6.10007e+06
6.09997e+06
6.09997e+06
6.09996e+06
6.09993e+06
6.09987e+06
6.09984e+06
6.09983e+06
6.09983e+06
6.09983e+06
6.09983e+06
6.09983e+06
6.09983e+06
6.09983e+06
6.09984e+06
6.09984e+06
6.09984e+06
6.09985e+06
6.09985e+06
6.09986e+06
6.09986e+06
6.09987e+06
6.09988e+06
6.09988e+06
6.09989e+06
6.0999e+06
6.0999e+06
6.09991e+06
6.10007e+06
6.1001e+06
6.10011e+06
6.10009e+06
6.09998e+06
6.09999e+06
6.09999e+06
6.09996e+06
6.0999e+06
6.09986e+06
6.09985e+06
6.09985e+06
6.09985e+06
6.09985e+06
6.09985e+06
6.09985e+06
6.09985e+06
6.09985e+06
6.09986e+06
6.09986e+06
6.09986e+06
6.09987e+06
6.09987e+06
6.09988e+06
6.09988e+06
6.09989e+06
6.0999e+06
6.0999e+06
6.09991e+06
6.09991e+06
6.09992e+06
6.10009e+06
6.10012e+06
6.10012e+06
6.1001e+06
6.1e+06
6.10001e+06
6.1e+06
6.09997e+06
6.09991e+06
6.09988e+06
6.09988e+06
6.09987e+06
6.09987e+06
6.09987e+06
6.09987e+06
6.09987e+06
6.09987e+06
6.09987e+06
6.09988e+06
6.09988e+06
6.09988e+06
6.09988e+06
6.09989e+06
6.09989e+06
6.0999e+06
6.0999e+06
6.09991e+06
6.09991e+06
6.09992e+06
6.09992e+06
6.09993e+06
6.10009e+06
6.10011e+06
6.1001e+06
6.10011e+06
6.10012e+06
6.10011e+06
6.10002e+06
6.09999e+06
6.09993e+06
6.0999e+06
6.09989e+06
6.09989e+06
6.09989e+06
6.09989e+06
6.09989e+06
6.09989e+06
6.09989e+06
6.09989e+06
6.09989e+06
6.0999e+06
6.0999e+06
6.0999e+06
6.0999e+06
6.09991e+06
6.09991e+06
6.09992e+06
6.09992e+06
6.09993e+06
6.09993e+06
6.09993e+06
6.09994e+06
6.1001e+06
6.10011e+06
6.10011e+06
6.10012e+06
6.10013e+06
6.10012e+06
6.10011e+06
6.10007e+06
6.09996e+06
6.09992e+06
6.09991e+06
6.09991e+06
6.09991e+06
6.09991e+06
6.09991e+06
6.09991e+06
6.09991e+06
6.09991e+06
6.09991e+06
6.09991e+06
6.09991e+06
6.09992e+06
6.09992e+06
6.09992e+06
6.09993e+06
6.09993e+06
6.09993e+06
6.09994e+06
6.09994e+06
6.09994e+06
6.09995e+06
6.10013e+06
6.10013e+06
6.10014e+06
6.10014e+06
6.10014e+06
6.10015e+06
6.10014e+06
6.1001e+06
6.09998e+06
6.09994e+06
6.09993e+06
6.09993e+06
6.09993e+06
6.09993e+06
6.09993e+06
6.09993e+06
6.09993e+06
6.09993e+06
6.09993e+06
6.09993e+06
6.09993e+06
6.09993e+06
6.09993e+06
6.09994e+06
6.09994e+06
6.09994e+06
6.09995e+06
6.09995e+06
6.09995e+06
6.09995e+06
6.09996e+06
6.10015e+06
6.10014e+06
6.10015e+06
6.10015e+06
6.10015e+06
6.10016e+06
6.10015e+06
6.1001e+06
6.09998e+06
6.09995e+06
6.09994e+06
6.09994e+06
6.09994e+06
6.09994e+06
6.09994e+06
6.09994e+06
6.09994e+06
6.09994e+06
6.09994e+06
6.09994e+06
6.09995e+06
6.09995e+06
6.09995e+06
6.09995e+06
6.09995e+06
6.09995e+06
6.09996e+06
6.09996e+06
6.09996e+06
6.09996e+06
6.09997e+06
6.10021e+06
6.10019e+06
6.1002e+06
6.10019e+06
6.10019e+06
6.1002e+06
6.1002e+06
6.10014e+06
6.10002e+06
6.09998e+06
6.09997e+06
6.09997e+06
6.09997e+06
6.09996e+06
6.09996e+06
6.09996e+06
6.09996e+06
6.09996e+06
6.09996e+06
6.09996e+06
6.09996e+06
6.09996e+06
6.09996e+06
6.09996e+06
6.09997e+06
6.09997e+06
6.09997e+06
6.09997e+06
6.09997e+06
6.09997e+06
6.09998e+06
6.10023e+06
6.10022e+06
6.10022e+06
6.10022e+06
6.10021e+06
6.10021e+06
6.1002e+06
6.10014e+06
6.10001e+06
6.09997e+06
6.09997e+06
6.09997e+06
6.09997e+06
6.09997e+06
6.09997e+06
6.09997e+06
6.09997e+06
6.09997e+06
6.09997e+06
6.09998e+06
6.09998e+06
6.09998e+06
6.09998e+06
6.09998e+06
6.09998e+06
6.09998e+06
6.09998e+06
6.09998e+06
6.09998e+06
6.09998e+06
6.09999e+06
6.10014e+06
6.10016e+06
6.10018e+06
6.10018e+06
6.10017e+06
6.10016e+06
6.10016e+06
6.10012e+06
6.10003e+06
6.10001e+06
6.10001e+06
6.10001e+06
6.10001e+06
6.10001e+06
6.10001e+06
6.1e+06
6.1e+06
6.1e+06
6.1e+06
6.1e+06
6.1e+06
6.1e+06
6.1e+06
6.09999e+06
6.09999e+06
6.09999e+06
6.09999e+06
6.09999e+06
6.09999e+06
6.1e+06
6.1e+06
)
;

boundaryField
{
    inlet
    {
        type            fixedValue;
        value           uniform 6.1e+06;
    }
    outlet
    {
        type            fixedValue;
        value           nonuniform List<scalar> 0();
    }
    walls
    {
        type            fixedFluxPressure;
        gradient        uniform 0;
        value           nonuniform List<scalar> 
86
(
4.02749e+06
4.53587e+06
4.50072e+06
4.36164e+06
4.44444e+06
4.46849e+06
4.49273e+06
4.55491e+06
4.59926e+06
4.64681e+06
4.68891e+06
4.74175e+06
4.79487e+06
4.85588e+06
4.80926e+06
5.07101e+06
4.41728e+06
4.02749e+06
4.53587e+06
4.50072e+06
4.36164e+06
4.44444e+06
4.46849e+06
4.49273e+06
4.55491e+06
4.59926e+06
4.64681e+06
4.68891e+06
4.74175e+06
4.79487e+06
4.85588e+06
4.80926e+06
5.07101e+06
4.41728e+06
5.96818e+06
6.02498e+06
6.06497e+06
6.07729e+06
6.08639e+06
6.09043e+06
6.09335e+06
6.09498e+06
6.09618e+06
6.09696e+06
6.09756e+06
6.09798e+06
6.09832e+06
6.09857e+06
6.09878e+06
6.09895e+06
6.09908e+06
6.0992e+06
6.0993e+06
6.09938e+06
6.09945e+06
6.09951e+06
6.09956e+06
6.09961e+06
6.09965e+06
6.09969e+06
5.96818e+06
6.02498e+06
6.06497e+06
6.07729e+06
6.08639e+06
6.09043e+06
6.09335e+06
6.09498e+06
6.09618e+06
6.09696e+06
6.09756e+06
6.09798e+06
6.09832e+06
6.09857e+06
6.09878e+06
6.09895e+06
6.09908e+06
6.0992e+06
6.0993e+06
6.09938e+06
6.09945e+06
6.09951e+06
6.09956e+06
6.09961e+06
6.09965e+06
6.09969e+06
)
;
    }
    side1
    {
        type            cyclic;
    }
    side2
    {
        type            cyclic;
    }
    procBoundary5to4
    {
        type            processor;
        value           nonuniform List<scalar> 
90
(
4.00199e+06
4.00441e+06
4.02353e+06
4.0423e+06
4.00472e+06
6.09972e+06
6.09972e+06
6.09972e+06
6.09972e+06
6.09973e+06
6.09973e+06
6.09973e+06
6.09974e+06
6.09974e+06
6.09975e+06
6.09976e+06
6.09976e+06
6.09977e+06
6.09978e+06
6.09978e+06
6.09979e+06
6.0998e+06
6.09981e+06
6.09982e+06
6.09983e+06
6.09983e+06
6.09984e+06
6.09985e+06
6.09986e+06
6.09987e+06
6.09988e+06
6.09988e+06
6.09989e+06
6.0999e+06
6.09991e+06
6.09992e+06
6.09993e+06
6.09994e+06
6.09994e+06
6.09995e+06
6.09996e+06
6.09997e+06
6.09998e+06
6.09999e+06
6.1e+06
4.00199e+06
4.00441e+06
4.02354e+06
4.0423e+06
4.00472e+06
6.09972e+06
6.09972e+06
6.09972e+06
6.09972e+06
6.09973e+06
6.09973e+06
6.09973e+06
6.09974e+06
6.09974e+06
6.09975e+06
6.09976e+06
6.09976e+06
6.09977e+06
6.09978e+06
6.09978e+06
6.09979e+06
6.0998e+06
6.09981e+06
6.09982e+06
6.09983e+06
6.09983e+06
6.09984e+06
6.09985e+06
6.09986e+06
6.09987e+06
6.09988e+06
6.09988e+06
6.09989e+06
6.0999e+06
6.09991e+06
6.09992e+06
6.09993e+06
6.09994e+06
6.09994e+06
6.09995e+06
6.09996e+06
6.09997e+06
6.09998e+06
6.09999e+06
6.1e+06
)
;
    }
}


// ************************************************************************* //
