/*--------------------------------*- C++ -*----------------------------------*\
| =========                 |                                                 |
| \\      /  F ield         | OpenFOAM: The Open Source CFD Toolbox           |
|  \\    /   O peration     | Version:  v2012                                 |
|   \\  /    A nd           | Website:  www.openfoam.com                      |
|    \\/     M anipulation  |                                                 |
\*---------------------------------------------------------------------------*/
FoamFile
{
    version     2.0;
    format      ascii;
    class       volScalarField;
    location    "0.6";
    object      p_rgh;
}
// * * * * * * * * * * * * * * * * * * * * * * * * * * * * * * * * * * * * * //

dimensions      [1 -1 -2 0 0 0 0];


internalField   nonuniform List<scalar> 
2650
(
4.00884e+06
4.14071e+06
4.08101e+06
4.12488e+06
4.01626e+06
4.11496e+06
4.18857e+06
4.13719e+06
4.20137e+06
4.19729e+06
4.45621e+06
4.40253e+06
4.39566e+06
4.36975e+06
4.46365e+06
4.29656e+06
4.20787e+06
4.19993e+06
4.1588e+06
4.16621e+06
4.33476e+06
4.23907e+06
4.24384e+06
4.22652e+06
4.23882e+06
4.22785e+06
4.2206e+06
4.3018e+06
4.27469e+06
4.28606e+06
4.32635e+06
4.26842e+06
4.30869e+06
4.28719e+06
4.29799e+06
4.46137e+06
4.3513e+06
4.34691e+06
4.32475e+06
4.33232e+06
4.38116e+06
4.34983e+06
4.36973e+06
4.35514e+06
4.36078e+06
4.37852e+06
4.34103e+06
4.40119e+06
4.37999e+06
4.38822e+06
4.30641e+06
4.35899e+06
4.43031e+06
4.42201e+06
4.42577e+06
4.39374e+06
4.47164e+06
4.47829e+06
4.48898e+06
4.48383e+06
4.54547e+06
4.58795e+06
4.54019e+06
4.55874e+06
4.55041e+06
4.67746e+06
4.66812e+06
4.63415e+06
4.61548e+06
4.61842e+06
4.68333e+06
4.64941e+06
4.66031e+06
4.6107e+06
4.59833e+06
5.08141e+06
5.02639e+06
5.00298e+06
4.94705e+06
4.90345e+06
4.91118e+06
4.90074e+06
4.78237e+06
4.63317e+06
4.18887e+06
5.83922e+06
5.84793e+06
5.84072e+06
5.80654e+06
5.68383e+06
5.94479e+06
6.01437e+06
6.05989e+06
6.07466e+06
6.08519e+06
6.08975e+06
6.09304e+06
6.09487e+06
6.09618e+06
6.09704e+06
6.09767e+06
6.09813e+06
6.09847e+06
6.09873e+06
6.09893e+06
6.09909e+06
6.09922e+06
6.09933e+06
6.09941e+06
6.09949e+06
6.09955e+06
6.0996e+06
6.09965e+06
6.09969e+06
6.09972e+06
6.09975e+06
5.86497e+06
5.8716e+06
5.88755e+06
5.91396e+06
5.94946e+06
6.04639e+06
6.0536e+06
6.07626e+06
6.08185e+06
6.08846e+06
6.09138e+06
6.09387e+06
6.09533e+06
6.09644e+06
6.09719e+06
6.09776e+06
6.09818e+06
6.0985e+06
6.09874e+06
6.09894e+06
6.0991e+06
6.09922e+06
6.09933e+06
6.09941e+06
6.09949e+06
6.09955e+06
6.0996e+06
6.09965e+06
6.09969e+06
6.09972e+06
6.09975e+06
6.04068e+06
6.03999e+06
6.04264e+06
6.045e+06
6.04633e+06
6.06548e+06
6.07196e+06
6.08169e+06
6.08608e+06
6.0903e+06
6.09263e+06
6.09454e+06
6.09576e+06
6.0967e+06
6.09737e+06
6.09787e+06
6.09825e+06
6.09855e+06
6.09878e+06
6.09897e+06
6.09911e+06
6.09924e+06
6.09934e+06
6.09942e+06
6.09949e+06
6.09955e+06
6.0996e+06
6.09965e+06
6.09969e+06
6.09972e+06
6.09975e+06
6.05397e+06
6.05546e+06
6.05778e+06
6.06319e+06
6.06941e+06
6.0794e+06
6.08275e+06
6.08803e+06
6.09031e+06
6.0928e+06
6.09424e+06
6.09552e+06
6.0964e+06
6.09711e+06
6.09763e+06
6.09805e+06
6.09837e+06
6.09863e+06
6.09884e+06
6.099e+06
6.09914e+06
6.09926e+06
6.09935e+06
6.09943e+06
6.0995e+06
6.09956e+06
6.09961e+06
6.09965e+06
6.09969e+06
6.09972e+06
6.09975e+06
6.0839e+06
6.08404e+06
6.08529e+06
6.08606e+06
6.08683e+06
6.08894e+06
6.09008e+06
6.09199e+06
6.0932e+06
6.09451e+06
6.09544e+06
6.09629e+06
6.09693e+06
6.09746e+06
6.09788e+06
6.09822e+06
6.0985e+06
6.09872e+06
6.0989e+06
6.09905e+06
6.09918e+06
6.09928e+06
6.09937e+06
6.09945e+06
6.09951e+06
6.09957e+06
6.09961e+06
6.09966e+06
6.09969e+06
6.09973e+06
6.09975e+06
6.08702e+06
6.08761e+06
6.08851e+06
6.08975e+06
6.09069e+06
6.0922e+06
6.09305e+06
6.09425e+06
6.09501e+06
6.09582e+06
6.09642e+06
6.09699e+06
6.09743e+06
6.09782e+06
6.09814e+06
6.09841e+06
6.09863e+06
6.09882e+06
6.09897e+06
6.0991e+06
6.09922e+06
6.09931e+06
6.09939e+06
6.09946e+06
6.09952e+06
6.09958e+06
6.09962e+06
6.09966e+06
6.0997e+06
6.09973e+06
6.09976e+06
6.09438e+06
6.0943e+06
6.09476e+06
6.09517e+06
6.09531e+06
6.09569e+06
6.09586e+06
6.09621e+06
6.09652e+06
6.09689e+06
6.09722e+06
6.09756e+06
6.09786e+06
6.09813e+06
6.09837e+06
6.09858e+06
6.09876e+06
6.09891e+06
6.09904e+06
6.09916e+06
6.09926e+06
6.09934e+06
6.09942e+06
6.09948e+06
6.09954e+06
6.09959e+06
6.09963e+06
6.09967e+06
6.0997e+06
6.09973e+06
6.09976e+06
6.09539e+06
6.09539e+06
6.09566e+06
6.09612e+06
6.09631e+06
6.09667e+06
6.09682e+06
6.09706e+06
6.09729e+06
6.09752e+06
6.09774e+06
6.09798e+06
6.0982e+06
6.09839e+06
6.09857e+06
6.09873e+06
6.09888e+06
6.099e+06
6.09911e+06
6.09921e+06
6.0993e+06
6.09938e+06
6.09944e+06
6.0995e+06
6.09955e+06
6.0996e+06
6.09964e+06
6.09968e+06
6.09971e+06
6.09974e+06
6.09977e+06
6.09728e+06
6.09736e+06
6.09756e+06
6.09779e+06
6.09778e+06
6.09792e+06
6.09791e+06
6.09795e+06
6.09802e+06
6.09811e+06
6.09822e+06
6.09835e+06
6.09849e+06
6.09862e+06
6.09875e+06
6.09888e+06
6.09899e+06
6.09909e+06
6.09918e+06
6.09927e+06
6.09934e+06
6.09941e+06
6.09947e+06
6.09952e+06
6.09957e+06
6.09961e+06
6.09965e+06
6.09969e+06
6.09972e+06
6.09975e+06
6.09977e+06
6.09766e+06
6.0978e+06
6.09794e+06
6.09809e+06
6.09814e+06
6.09825e+06
6.0982e+06
6.09827e+06
6.09835e+06
6.09841e+06
6.0985e+06
6.0986e+06
6.0987e+06
6.0988e+06
6.0989e+06
6.099e+06
6.09909e+06
6.09917e+06
6.09925e+06
6.09932e+06
6.09938e+06
6.09944e+06
6.0995e+06
6.09954e+06
6.09959e+06
6.09963e+06
6.09966e+06
6.0997e+06
6.09973e+06
6.09975e+06
6.09978e+06
6.09847e+06
6.09856e+06
6.09857e+06
6.09865e+06
6.09865e+06
6.0987e+06
6.09871e+06
6.09872e+06
6.09872e+06
6.09873e+06
6.09878e+06
6.09883e+06
6.09889e+06
6.09896e+06
6.09903e+06
6.0991e+06
6.09917e+06
6.09924e+06
6.09931e+06
6.09937e+06
6.09942e+06
6.09947e+06
6.09952e+06
6.09957e+06
6.09961e+06
6.09964e+06
6.09968e+06
6.09971e+06
6.09973e+06
6.09976e+06
6.09978e+06
6.09866e+06
6.09877e+06
6.09874e+06
6.09881e+06
6.0988e+06
6.09882e+06
6.09883e+06
6.09885e+06
6.09887e+06
6.0989e+06
6.09894e+06
6.09898e+06
6.09903e+06
6.09908e+06
6.09914e+06
6.0992e+06
6.09925e+06
6.09931e+06
6.09936e+06
6.09941e+06
6.09946e+06
6.09951e+06
6.09955e+06
6.09959e+06
6.09962e+06
6.09966e+06
6.09969e+06
6.09972e+06
6.09974e+06
6.09977e+06
6.09979e+06
6.09908e+06
6.09916e+06
6.09911e+06
6.09915e+06
6.09911e+06
6.0991e+06
6.09908e+06
6.09908e+06
6.09907e+06
6.09908e+06
6.0991e+06
6.09912e+06
6.09916e+06
6.09919e+06
6.09923e+06
6.09928e+06
6.09932e+06
6.09937e+06
6.09941e+06
6.09945e+06
6.0995e+06
6.09954e+06
6.09957e+06
6.09961e+06
6.09964e+06
6.09967e+06
6.0997e+06
6.09973e+06
6.09975e+06
6.09977e+06
6.0998e+06
6.09899e+06
6.09908e+06
6.09916e+06
6.09922e+06
6.09918e+06
6.09918e+06
6.09917e+06
6.09918e+06
6.09917e+06
6.09918e+06
6.0992e+06
6.09922e+06
6.09925e+06
6.09928e+06
6.09931e+06
6.09934e+06
6.09938e+06
6.09942e+06
6.09946e+06
6.09949e+06
6.09953e+06
6.09956e+06
6.0996e+06
6.09963e+06
6.09966e+06
6.09969e+06
6.09971e+06
6.09974e+06
6.09976e+06
6.09978e+06
6.0998e+06
6.09922e+06
6.09928e+06
6.09926e+06
6.09934e+06
6.09932e+06
6.09933e+06
6.09931e+06
6.09931e+06
6.0993e+06
6.0993e+06
6.09931e+06
6.09932e+06
6.09933e+06
6.09935e+06
6.09938e+06
6.09941e+06
6.09943e+06
6.09947e+06
6.0995e+06
6.09953e+06
6.09956e+06
6.09959e+06
6.09962e+06
6.09965e+06
6.09968e+06
6.0997e+06
6.09973e+06
6.09975e+06
6.09977e+06
6.09979e+06
6.09981e+06
6.09928e+06
6.09935e+06
6.09932e+06
6.09939e+06
6.09937e+06
6.09939e+06
6.09937e+06
6.09937e+06
6.09936e+06
6.09936e+06
6.09937e+06
6.09938e+06
6.0994e+06
6.09941e+06
6.09943e+06
6.09946e+06
6.09948e+06
6.09951e+06
6.09953e+06
6.09956e+06
6.09959e+06
6.09962e+06
6.09964e+06
6.09967e+06
6.09969e+06
6.09972e+06
6.09974e+06
6.09976e+06
6.09978e+06
6.0998e+06
6.09982e+06
6.0994e+06
6.09947e+06
6.09943e+06
6.09949e+06
6.09947e+06
6.09948e+06
6.09946e+06
6.09946e+06
6.09944e+06
6.09944e+06
6.09944e+06
6.09945e+06
6.09946e+06
6.09947e+06
6.09949e+06
6.09951e+06
6.09953e+06
6.09955e+06
6.09957e+06
6.09959e+06
6.09962e+06
6.09964e+06
6.09966e+06
6.09969e+06
6.09971e+06
6.09973e+06
6.09975e+06
6.09977e+06
6.09979e+06
6.09981e+06
6.09982e+06
6.09942e+06
6.09949e+06
6.09946e+06
6.09951e+06
6.09948e+06
6.0995e+06
6.09949e+06
6.0995e+06
6.09948e+06
6.09948e+06
6.09949e+06
6.09949e+06
6.0995e+06
6.09952e+06
6.09953e+06
6.09955e+06
6.09956e+06
6.09958e+06
6.0996e+06
6.09962e+06
6.09964e+06
6.09966e+06
6.09968e+06
6.0997e+06
6.09973e+06
6.09974e+06
6.09976e+06
6.09978e+06
6.0998e+06
6.09982e+06
6.09983e+06
6.09949e+06
6.09954e+06
6.09952e+06
6.09955e+06
6.09954e+06
6.09955e+06
6.09954e+06
6.09955e+06
6.09954e+06
6.09954e+06
6.09954e+06
6.09955e+06
6.09955e+06
6.09956e+06
6.09957e+06
6.09958e+06
6.0996e+06
6.09961e+06
6.09963e+06
6.09965e+06
6.09967e+06
6.09968e+06
6.0997e+06
6.09972e+06
6.09974e+06
6.09976e+06
6.09978e+06
6.09979e+06
6.09981e+06
6.09982e+06
6.09984e+06
6.09953e+06
6.09959e+06
6.09955e+06
6.09958e+06
6.09957e+06
6.09958e+06
6.09957e+06
6.09958e+06
6.09957e+06
6.09958e+06
6.09958e+06
6.09958e+06
6.09959e+06
6.0996e+06
6.09961e+06
6.09962e+06
6.09963e+06
6.09964e+06
6.09966e+06
6.09967e+06
6.09969e+06
6.09971e+06
6.09972e+06
6.09974e+06
6.09976e+06
6.09977e+06
6.09979e+06
6.0998e+06
6.09982e+06
6.09983e+06
6.09985e+06
6.09961e+06
6.09965e+06
6.09961e+06
6.09963e+06
6.09961e+06
6.09962e+06
6.09961e+06
6.09962e+06
6.09961e+06
6.09962e+06
6.09962e+06
6.09962e+06
6.09963e+06
6.09963e+06
6.09964e+06
6.09965e+06
6.09966e+06
6.09967e+06
6.09968e+06
6.0997e+06
6.09971e+06
6.09972e+06
6.09974e+06
6.09975e+06
6.09977e+06
6.09978e+06
6.0998e+06
6.09981e+06
6.09983e+06
6.09984e+06
6.09985e+06
6.09966e+06
6.09965e+06
6.09964e+06
6.09966e+06
6.09964e+06
6.09965e+06
6.09964e+06
6.09965e+06
6.09964e+06
6.09965e+06
6.09965e+06
6.09965e+06
6.09966e+06
6.09966e+06
6.09967e+06
6.09968e+06
6.09969e+06
6.0997e+06
6.09971e+06
6.09972e+06
6.09973e+06
6.09974e+06
6.09976e+06
6.09977e+06
6.09978e+06
6.0998e+06
6.09981e+06
6.09982e+06
6.09984e+06
6.09985e+06
6.09986e+06
6.09965e+06
6.09969e+06
6.09965e+06
6.09968e+06
6.09967e+06
6.09968e+06
6.09967e+06
6.09968e+06
6.09967e+06
6.09968e+06
6.09968e+06
6.09968e+06
6.09969e+06
6.09969e+06
6.0997e+06
6.0997e+06
6.09971e+06
6.09972e+06
6.09973e+06
6.09974e+06
6.09975e+06
6.09976e+06
6.09977e+06
6.09979e+06
6.0998e+06
6.09981e+06
6.09982e+06
6.09983e+06
6.09985e+06
6.09986e+06
6.09987e+06
6.09968e+06
6.09973e+06
6.09969e+06
6.09971e+06
6.0997e+06
6.0997e+06
6.09969e+06
6.0997e+06
6.0997e+06
6.0997e+06
6.09971e+06
6.09971e+06
6.09971e+06
6.09972e+06
6.09972e+06
6.09973e+06
6.09973e+06
6.09974e+06
6.09975e+06
6.09976e+06
6.09977e+06
6.09978e+06
6.09979e+06
6.0998e+06
6.09981e+06
6.09982e+06
6.09983e+06
6.09984e+06
6.09985e+06
6.09987e+06
6.09988e+06
6.09972e+06
6.09976e+06
6.09972e+06
6.09974e+06
6.09973e+06
6.09973e+06
6.09972e+06
6.09973e+06
6.09973e+06
6.09973e+06
6.09973e+06
6.09973e+06
6.09974e+06
6.09974e+06
6.09974e+06
6.09975e+06
6.09975e+06
6.09976e+06
6.09977e+06
6.09978e+06
6.09979e+06
6.09979e+06
6.0998e+06
6.09981e+06
6.09982e+06
6.09983e+06
6.09984e+06
6.09985e+06
6.09986e+06
6.09987e+06
6.09988e+06
6.09975e+06
6.09976e+06
6.09974e+06
6.09976e+06
6.09974e+06
6.09975e+06
6.09975e+06
6.09976e+06
6.09975e+06
6.09975e+06
6.09976e+06
6.09976e+06
6.09976e+06
6.09976e+06
6.09977e+06
6.09977e+06
6.09977e+06
6.09978e+06
6.09979e+06
6.09979e+06
6.0998e+06
6.09981e+06
6.09982e+06
6.09983e+06
6.09984e+06
6.09985e+06
6.09985e+06
6.09986e+06
6.09987e+06
6.09988e+06
6.09989e+06
6.09977e+06
6.09978e+06
6.09976e+06
6.09978e+06
6.09977e+06
6.09977e+06
6.09977e+06
6.09977e+06
6.09977e+06
6.09978e+06
6.09978e+06
6.09978e+06
6.09978e+06
6.09978e+06
6.09979e+06
6.09979e+06
6.09979e+06
6.0998e+06
6.0998e+06
6.09981e+06
6.09982e+06
6.09982e+06
6.09983e+06
6.09984e+06
6.09985e+06
6.09986e+06
6.09987e+06
6.09987e+06
6.09988e+06
6.09989e+06
6.0999e+06
6.09979e+06
6.0998e+06
6.09979e+06
6.0998e+06
6.09979e+06
6.09979e+06
6.09979e+06
6.0998e+06
6.0998e+06
6.0998e+06
6.0998e+06
6.0998e+06
6.0998e+06
6.0998e+06
6.09981e+06
6.09981e+06
6.09981e+06
6.09982e+06
6.09982e+06
6.09983e+06
6.09983e+06
6.09984e+06
6.09985e+06
6.09985e+06
6.09986e+06
6.09987e+06
6.09988e+06
6.09988e+06
6.09989e+06
6.0999e+06
6.09991e+06
6.09981e+06
6.09982e+06
6.09981e+06
6.09982e+06
6.09981e+06
6.09981e+06
6.09981e+06
6.09982e+06
6.09982e+06
6.09982e+06
6.09982e+06
6.09982e+06
6.09982e+06
6.09982e+06
6.09983e+06
6.09983e+06
6.09983e+06
6.09983e+06
6.09984e+06
6.09984e+06
6.09985e+06
6.09985e+06
6.09986e+06
6.09987e+06
6.09987e+06
6.09988e+06
6.09989e+06
6.09989e+06
6.0999e+06
6.09991e+06
6.09991e+06
6.09986e+06
6.09984e+06
6.09984e+06
6.09984e+06
6.09983e+06
6.09983e+06
6.09983e+06
6.09984e+06
6.09984e+06
6.09984e+06
6.09984e+06
6.09984e+06
6.09984e+06
6.09984e+06
6.09984e+06
6.09985e+06
6.09985e+06
6.09985e+06
6.09985e+06
6.09986e+06
6.09986e+06
6.09987e+06
6.09987e+06
6.09988e+06
6.09988e+06
6.09989e+06
6.0999e+06
6.0999e+06
6.09991e+06
6.09991e+06
6.09992e+06
6.09985e+06
6.09985e+06
6.09985e+06
6.09985e+06
6.09985e+06
6.09985e+06
6.09985e+06
6.09985e+06
6.09985e+06
6.09986e+06
6.09986e+06
6.09986e+06
6.09986e+06
6.09986e+06
6.09986e+06
6.09986e+06
6.09986e+06
6.09987e+06
6.09987e+06
6.09987e+06
6.09988e+06
6.09988e+06
6.09989e+06
6.09989e+06
6.0999e+06
6.0999e+06
6.09991e+06
6.09991e+06
6.09992e+06
6.09992e+06
6.09993e+06
6.09987e+06
6.09987e+06
6.09987e+06
6.09987e+06
6.09987e+06
6.09987e+06
6.09987e+06
6.09987e+06
6.09987e+06
6.09988e+06
6.09988e+06
6.09988e+06
6.09988e+06
6.09988e+06
6.09988e+06
6.09988e+06
6.09988e+06
6.09988e+06
6.09989e+06
6.09989e+06
6.09989e+06
6.09989e+06
6.0999e+06
6.0999e+06
6.09991e+06
6.09991e+06
6.09992e+06
6.09992e+06
6.09993e+06
6.09993e+06
6.09994e+06
6.09988e+06
6.09988e+06
6.09988e+06
6.09988e+06
6.09989e+06
6.09988e+06
6.09988e+06
6.09989e+06
6.09989e+06
6.09989e+06
6.09989e+06
6.09989e+06
6.09989e+06
6.09989e+06
6.09989e+06
6.09989e+06
6.0999e+06
6.0999e+06
6.0999e+06
6.0999e+06
6.0999e+06
6.09991e+06
6.09991e+06
6.09991e+06
6.09992e+06
6.09992e+06
6.09993e+06
6.09993e+06
6.09994e+06
6.09994e+06
6.09994e+06
6.09992e+06
6.09991e+06
6.09991e+06
6.09991e+06
6.09991e+06
6.09991e+06
6.09991e+06
6.09991e+06
6.09991e+06
6.09991e+06
6.09991e+06
6.09991e+06
6.09991e+06
6.09991e+06
6.09991e+06
6.09991e+06
6.09991e+06
6.09991e+06
6.09991e+06
6.09992e+06
6.09992e+06
6.09992e+06
6.09992e+06
6.09993e+06
6.09993e+06
6.09993e+06
6.09994e+06
6.09994e+06
6.09994e+06
6.09995e+06
6.09995e+06
6.09992e+06
6.09991e+06
6.09991e+06
6.09991e+06
6.09992e+06
6.09991e+06
6.09991e+06
6.09992e+06
6.09992e+06
6.09992e+06
6.09992e+06
6.09992e+06
6.09992e+06
6.09992e+06
6.09992e+06
6.09992e+06
6.09993e+06
6.09993e+06
6.09993e+06
6.09993e+06
6.09993e+06
6.09993e+06
6.09994e+06
6.09994e+06
6.09994e+06
6.09994e+06
6.09995e+06
6.09995e+06
6.09995e+06
6.09996e+06
6.09996e+06
6.09996e+06
6.09995e+06
6.09995e+06
6.09995e+06
6.09995e+06
6.09995e+06
6.09995e+06
6.09995e+06
6.09995e+06
6.09995e+06
6.09994e+06
6.09994e+06
6.09994e+06
6.09994e+06
6.09994e+06
6.09994e+06
6.09994e+06
6.09994e+06
6.09994e+06
6.09994e+06
6.09994e+06
6.09995e+06
6.09995e+06
6.09995e+06
6.09995e+06
6.09995e+06
6.09996e+06
6.09996e+06
6.09996e+06
6.09996e+06
6.09997e+06
6.09994e+06
6.09993e+06
6.09994e+06
6.09993e+06
6.09994e+06
6.09994e+06
6.09994e+06
6.09994e+06
6.09994e+06
6.09995e+06
6.09995e+06
6.09995e+06
6.09995e+06
6.09995e+06
6.09995e+06
6.09995e+06
6.09995e+06
6.09995e+06
6.09996e+06
6.09996e+06
6.09996e+06
6.09996e+06
6.09996e+06
6.09996e+06
6.09996e+06
6.09996e+06
6.09997e+06
6.09997e+06
6.09997e+06
6.09997e+06
6.09997e+06
6.10001e+06
6.1e+06
6.1e+06
6.1e+06
6.09999e+06
6.09999e+06
6.09999e+06
6.09999e+06
6.09998e+06
6.09998e+06
6.09998e+06
6.09998e+06
6.09998e+06
6.09997e+06
6.09997e+06
6.09997e+06
6.09997e+06
6.09997e+06
6.09997e+06
6.09997e+06
6.09997e+06
6.09997e+06
6.09997e+06
6.09997e+06
6.09997e+06
6.09998e+06
6.09998e+06
6.09998e+06
6.09998e+06
6.09998e+06
6.09998e+06
6.09995e+06
6.09995e+06
6.09995e+06
6.09995e+06
6.09995e+06
6.09995e+06
6.09995e+06
6.09996e+06
6.09996e+06
6.09996e+06
6.09997e+06
6.09997e+06
6.09997e+06
6.09997e+06
6.09998e+06
6.09998e+06
6.09998e+06
6.09998e+06
6.09998e+06
6.09998e+06
6.09998e+06
6.09998e+06
6.09998e+06
6.09998e+06
6.09998e+06
6.09999e+06
6.09999e+06
6.09999e+06
6.09999e+06
6.09999e+06
6.09999e+06
6.10005e+06
6.10005e+06
6.10005e+06
6.10005e+06
6.10005e+06
6.10004e+06
6.10004e+06
6.10004e+06
6.10003e+06
6.10003e+06
6.10003e+06
6.10002e+06
6.10002e+06
6.10001e+06
6.10001e+06
6.10001e+06
6.10001e+06
6.1e+06
6.1e+06
6.1e+06
6.1e+06
6.1e+06
6.1e+06
6.1e+06
6.1e+06
6.1e+06
6.1e+06
6.1e+06
6.1e+06
6.1e+06
6.1e+06
4.00883e+06
4.14071e+06
4.08101e+06
4.12488e+06
4.01626e+06
4.11495e+06
4.18857e+06
4.13719e+06
4.20137e+06
4.19729e+06
4.4562e+06
4.40252e+06
4.39566e+06
4.36975e+06
4.46365e+06
4.29655e+06
4.20786e+06
4.19993e+06
4.1588e+06
4.16621e+06
4.33473e+06
4.23905e+06
4.24384e+06
4.22652e+06
4.23882e+06
4.22784e+06
4.22059e+06
4.3018e+06
4.27469e+06
4.28606e+06
4.32634e+06
4.26842e+06
4.30869e+06
4.28719e+06
4.29799e+06
4.46138e+06
4.3513e+06
4.34691e+06
4.32475e+06
4.33232e+06
4.38116e+06
4.34983e+06
4.36973e+06
4.35514e+06
4.36078e+06
4.37854e+06
4.34104e+06
4.40119e+06
4.37999e+06
4.38822e+06
4.30642e+06
4.35899e+06
4.43031e+06
4.42201e+06
4.42577e+06
4.39375e+06
4.47164e+06
4.47829e+06
4.48898e+06
4.48383e+06
4.54547e+06
4.58795e+06
4.54019e+06
4.55874e+06
4.55041e+06
4.67747e+06
4.66813e+06
4.63415e+06
4.61548e+06
4.61842e+06
4.68333e+06
4.64941e+06
4.66031e+06
4.6107e+06
4.59833e+06
5.08141e+06
5.02639e+06
5.00298e+06
4.94705e+06
4.90345e+06
4.91118e+06
4.90074e+06
4.78237e+06
4.63317e+06
4.18887e+06
5.83922e+06
5.84792e+06
5.84072e+06
5.80654e+06
5.68383e+06
5.94479e+06
6.01437e+06
6.05989e+06
6.07466e+06
6.08519e+06
6.08975e+06
6.09304e+06
6.09487e+06
6.09618e+06
6.09704e+06
6.09767e+06
6.09813e+06
6.09847e+06
6.09873e+06
6.09893e+06
6.09909e+06
6.09922e+06
6.09933e+06
6.09941e+06
6.09949e+06
6.09955e+06
6.0996e+06
6.09965e+06
6.09969e+06
6.09972e+06
6.09975e+06
5.86497e+06
5.8716e+06
5.88755e+06
5.91396e+06
5.94946e+06
6.04639e+06
6.0536e+06
6.07626e+06
6.08185e+06
6.08846e+06
6.09138e+06
6.09387e+06
6.09533e+06
6.09644e+06
6.09719e+06
6.09776e+06
6.09818e+06
6.0985e+06
6.09874e+06
6.09894e+06
6.0991e+06
6.09922e+06
6.09933e+06
6.09941e+06
6.09949e+06
6.09955e+06
6.0996e+06
6.09965e+06
6.09969e+06
6.09972e+06
6.09975e+06
6.04068e+06
6.03999e+06
6.04264e+06
6.045e+06
6.04633e+06
6.06548e+06
6.07196e+06
6.08169e+06
6.08608e+06
6.0903e+06
6.09263e+06
6.09454e+06
6.09576e+06
6.0967e+06
6.09737e+06
6.09787e+06
6.09825e+06
6.09855e+06
6.09878e+06
6.09897e+06
6.09911e+06
6.09924e+06
6.09934e+06
6.09942e+06
6.09949e+06
6.09955e+06
6.0996e+06
6.09965e+06
6.09969e+06
6.09972e+06
6.09975e+06
6.05397e+06
6.05546e+06
6.05778e+06
6.06319e+06
6.06941e+06
6.0794e+06
6.08275e+06
6.08803e+06
6.09031e+06
6.0928e+06
6.09424e+06
6.09552e+06
6.0964e+06
6.09711e+06
6.09763e+06
6.09805e+06
6.09837e+06
6.09863e+06
6.09884e+06
6.099e+06
6.09914e+06
6.09926e+06
6.09935e+06
6.09943e+06
6.0995e+06
6.09956e+06
6.09961e+06
6.09965e+06
6.09969e+06
6.09972e+06
6.09975e+06
6.0839e+06
6.08404e+06
6.08529e+06
6.08606e+06
6.08683e+06
6.08894e+06
6.09008e+06
6.09199e+06
6.0932e+06
6.09451e+06
6.09544e+06
6.09629e+06
6.09693e+06
6.09746e+06
6.09788e+06
6.09822e+06
6.0985e+06
6.09872e+06
6.0989e+06
6.09905e+06
6.09918e+06
6.09928e+06
6.09937e+06
6.09945e+06
6.09951e+06
6.09957e+06
6.09961e+06
6.09966e+06
6.09969e+06
6.09973e+06
6.09975e+06
6.08702e+06
6.08761e+06
6.08851e+06
6.08975e+06
6.09069e+06
6.0922e+06
6.09305e+06
6.09425e+06
6.09501e+06
6.09582e+06
6.09642e+06
6.09699e+06
6.09743e+06
6.09782e+06
6.09814e+06
6.09841e+06
6.09863e+06
6.09882e+06
6.09897e+06
6.0991e+06
6.09922e+06
6.09931e+06
6.09939e+06
6.09946e+06
6.09952e+06
6.09958e+06
6.09962e+06
6.09966e+06
6.0997e+06
6.09973e+06
6.09976e+06
6.09438e+06
6.0943e+06
6.09476e+06
6.09517e+06
6.09531e+06
6.09569e+06
6.09586e+06
6.09621e+06
6.09652e+06
6.09689e+06
6.09722e+06
6.09756e+06
6.09786e+06
6.09813e+06
6.09837e+06
6.09858e+06
6.09876e+06
6.09891e+06
6.09904e+06
6.09916e+06
6.09926e+06
6.09934e+06
6.09942e+06
6.09948e+06
6.09954e+06
6.09959e+06
6.09963e+06
6.09967e+06
6.0997e+06
6.09973e+06
6.09976e+06
6.09539e+06
6.09539e+06
6.09566e+06
6.09612e+06
6.09631e+06
6.09667e+06
6.09682e+06
6.09706e+06
6.09729e+06
6.09752e+06
6.09774e+06
6.09798e+06
6.0982e+06
6.09839e+06
6.09857e+06
6.09873e+06
6.09888e+06
6.099e+06
6.09911e+06
6.09921e+06
6.0993e+06
6.09938e+06
6.09944e+06
6.0995e+06
6.09955e+06
6.0996e+06
6.09964e+06
6.09968e+06
6.09971e+06
6.09974e+06
6.09977e+06
6.09728e+06
6.09736e+06
6.09756e+06
6.09779e+06
6.09778e+06
6.09792e+06
6.09791e+06
6.09795e+06
6.09802e+06
6.09811e+06
6.09822e+06
6.09835e+06
6.09849e+06
6.09862e+06
6.09875e+06
6.09888e+06
6.09899e+06
6.09909e+06
6.09918e+06
6.09927e+06
6.09934e+06
6.09941e+06
6.09947e+06
6.09952e+06
6.09957e+06
6.09961e+06
6.09965e+06
6.09969e+06
6.09972e+06
6.09975e+06
6.09977e+06
6.09766e+06
6.0978e+06
6.09794e+06
6.09809e+06
6.09814e+06
6.09825e+06
6.0982e+06
6.09827e+06
6.09835e+06
6.09841e+06
6.0985e+06
6.0986e+06
6.0987e+06
6.0988e+06
6.0989e+06
6.099e+06
6.09909e+06
6.09917e+06
6.09925e+06
6.09932e+06
6.09938e+06
6.09944e+06
6.0995e+06
6.09954e+06
6.09959e+06
6.09963e+06
6.09966e+06
6.0997e+06
6.09973e+06
6.09975e+06
6.09978e+06
6.09847e+06
6.09856e+06
6.09857e+06
6.09865e+06
6.09865e+06
6.0987e+06
6.09871e+06
6.09872e+06
6.09872e+06
6.09873e+06
6.09878e+06
6.09883e+06
6.09889e+06
6.09896e+06
6.09903e+06
6.0991e+06
6.09917e+06
6.09924e+06
6.09931e+06
6.09937e+06
6.09942e+06
6.09947e+06
6.09952e+06
6.09957e+06
6.09961e+06
6.09964e+06
6.09968e+06
6.09971e+06
6.09973e+06
6.09976e+06
6.09978e+06
6.09866e+06
6.09877e+06
6.09874e+06
6.09881e+06
6.0988e+06
6.09882e+06
6.09883e+06
6.09885e+06
6.09887e+06
6.0989e+06
6.09894e+06
6.09898e+06
6.09903e+06
6.09908e+06
6.09914e+06
6.0992e+06
6.09925e+06
6.09931e+06
6.09936e+06
6.09941e+06
6.09946e+06
6.09951e+06
6.09955e+06
6.09959e+06
6.09962e+06
6.09966e+06
6.09969e+06
6.09972e+06
6.09974e+06
6.09977e+06
6.09979e+06
6.09908e+06
6.09916e+06
6.09911e+06
6.09915e+06
6.09911e+06
6.0991e+06
6.09908e+06
6.09908e+06
6.09907e+06
6.09908e+06
6.0991e+06
6.09912e+06
6.09916e+06
6.09919e+06
6.09923e+06
6.09928e+06
6.09932e+06
6.09937e+06
6.09941e+06
6.09945e+06
6.0995e+06
6.09954e+06
6.09957e+06
6.09961e+06
6.09964e+06
6.09967e+06
6.0997e+06
6.09973e+06
6.09975e+06
6.09977e+06
6.0998e+06
6.09899e+06
6.09908e+06
6.09916e+06
6.09922e+06
6.09918e+06
6.09918e+06
6.09917e+06
6.09918e+06
6.09917e+06
6.09918e+06
6.0992e+06
6.09922e+06
6.09925e+06
6.09928e+06
6.09931e+06
6.09934e+06
6.09938e+06
6.09942e+06
6.09946e+06
6.09949e+06
6.09953e+06
6.09956e+06
6.0996e+06
6.09963e+06
6.09966e+06
6.09969e+06
6.09971e+06
6.09974e+06
6.09976e+06
6.09978e+06
6.0998e+06
6.09922e+06
6.09928e+06
6.09926e+06
6.09934e+06
6.09932e+06
6.09933e+06
6.09931e+06
6.09931e+06
6.0993e+06
6.0993e+06
6.09931e+06
6.09932e+06
6.09933e+06
6.09935e+06
6.09938e+06
6.09941e+06
6.09943e+06
6.09947e+06
6.0995e+06
6.09953e+06
6.09956e+06
6.09959e+06
6.09962e+06
6.09965e+06
6.09968e+06
6.0997e+06
6.09973e+06
6.09975e+06
6.09977e+06
6.09979e+06
6.09981e+06
6.09928e+06
6.09935e+06
6.09932e+06
6.09939e+06
6.09937e+06
6.09939e+06
6.09937e+06
6.09937e+06
6.09936e+06
6.09936e+06
6.09937e+06
6.09938e+06
6.0994e+06
6.09941e+06
6.09943e+06
6.09946e+06
6.09948e+06
6.09951e+06
6.09953e+06
6.09956e+06
6.09959e+06
6.09962e+06
6.09964e+06
6.09967e+06
6.09969e+06
6.09972e+06
6.09974e+06
6.09976e+06
6.09978e+06
6.0998e+06
6.09982e+06
6.0994e+06
6.09947e+06
6.09943e+06
6.09949e+06
6.09947e+06
6.09948e+06
6.09946e+06
6.09946e+06
6.09944e+06
6.09944e+06
6.09944e+06
6.09945e+06
6.09946e+06
6.09947e+06
6.09949e+06
6.09951e+06
6.09953e+06
6.09955e+06
6.09957e+06
6.09959e+06
6.09962e+06
6.09964e+06
6.09966e+06
6.09969e+06
6.09971e+06
6.09973e+06
6.09975e+06
6.09977e+06
6.09979e+06
6.09981e+06
6.09982e+06
6.09942e+06
6.09949e+06
6.09946e+06
6.09951e+06
6.09948e+06
6.0995e+06
6.09949e+06
6.0995e+06
6.09948e+06
6.09948e+06
6.09949e+06
6.09949e+06
6.0995e+06
6.09952e+06
6.09953e+06
6.09955e+06
6.09956e+06
6.09958e+06
6.0996e+06
6.09962e+06
6.09964e+06
6.09966e+06
6.09968e+06
6.0997e+06
6.09973e+06
6.09974e+06
6.09976e+06
6.09978e+06
6.0998e+06
6.09982e+06
6.09983e+06
6.09949e+06
6.09954e+06
6.09952e+06
6.09955e+06
6.09954e+06
6.09955e+06
6.09954e+06
6.09955e+06
6.09954e+06
6.09954e+06
6.09954e+06
6.09955e+06
6.09955e+06
6.09956e+06
6.09957e+06
6.09958e+06
6.0996e+06
6.09961e+06
6.09963e+06
6.09965e+06
6.09967e+06
6.09968e+06
6.0997e+06
6.09972e+06
6.09974e+06
6.09976e+06
6.09978e+06
6.09979e+06
6.09981e+06
6.09982e+06
6.09984e+06
6.09953e+06
6.09959e+06
6.09955e+06
6.09958e+06
6.09957e+06
6.09958e+06
6.09957e+06
6.09958e+06
6.09957e+06
6.09958e+06
6.09958e+06
6.09958e+06
6.09959e+06
6.0996e+06
6.09961e+06
6.09962e+06
6.09963e+06
6.09964e+06
6.09966e+06
6.09967e+06
6.09969e+06
6.09971e+06
6.09972e+06
6.09974e+06
6.09976e+06
6.09977e+06
6.09979e+06
6.0998e+06
6.09982e+06
6.09983e+06
6.09985e+06
6.09961e+06
6.09965e+06
6.09961e+06
6.09963e+06
6.09961e+06
6.09962e+06
6.09961e+06
6.09962e+06
6.09961e+06
6.09962e+06
6.09962e+06
6.09962e+06
6.09963e+06
6.09963e+06
6.09964e+06
6.09965e+06
6.09966e+06
6.09967e+06
6.09968e+06
6.0997e+06
6.09971e+06
6.09972e+06
6.09974e+06
6.09975e+06
6.09977e+06
6.09978e+06
6.0998e+06
6.09981e+06
6.09983e+06
6.09984e+06
6.09985e+06
6.09966e+06
6.09965e+06
6.09964e+06
6.09966e+06
6.09964e+06
6.09965e+06
6.09964e+06
6.09965e+06
6.09964e+06
6.09965e+06
6.09965e+06
6.09965e+06
6.09966e+06
6.09966e+06
6.09967e+06
6.09968e+06
6.09969e+06
6.0997e+06
6.09971e+06
6.09972e+06
6.09973e+06
6.09974e+06
6.09976e+06
6.09977e+06
6.09978e+06
6.0998e+06
6.09981e+06
6.09982e+06
6.09984e+06
6.09985e+06
6.09986e+06
6.09965e+06
6.09969e+06
6.09965e+06
6.09968e+06
6.09967e+06
6.09968e+06
6.09967e+06
6.09968e+06
6.09967e+06
6.09968e+06
6.09968e+06
6.09968e+06
6.09969e+06
6.09969e+06
6.0997e+06
6.0997e+06
6.09971e+06
6.09972e+06
6.09973e+06
6.09974e+06
6.09975e+06
6.09976e+06
6.09977e+06
6.09979e+06
6.0998e+06
6.09981e+06
6.09982e+06
6.09983e+06
6.09985e+06
6.09986e+06
6.09987e+06
6.09968e+06
6.09973e+06
6.09969e+06
6.09971e+06
6.0997e+06
6.0997e+06
6.09969e+06
6.0997e+06
6.0997e+06
6.0997e+06
6.09971e+06
6.09971e+06
6.09971e+06
6.09972e+06
6.09972e+06
6.09973e+06
6.09973e+06
6.09974e+06
6.09975e+06
6.09976e+06
6.09977e+06
6.09978e+06
6.09979e+06
6.0998e+06
6.09981e+06
6.09982e+06
6.09983e+06
6.09984e+06
6.09985e+06
6.09987e+06
6.09988e+06
6.09972e+06
6.09976e+06
6.09972e+06
6.09974e+06
6.09973e+06
6.09973e+06
6.09972e+06
6.09973e+06
6.09973e+06
6.09973e+06
6.09973e+06
6.09973e+06
6.09974e+06
6.09974e+06
6.09974e+06
6.09975e+06
6.09975e+06
6.09976e+06
6.09977e+06
6.09978e+06
6.09979e+06
6.09979e+06
6.0998e+06
6.09981e+06
6.09982e+06
6.09983e+06
6.09984e+06
6.09985e+06
6.09986e+06
6.09987e+06
6.09988e+06
6.09975e+06
6.09976e+06
6.09974e+06
6.09976e+06
6.09974e+06
6.09975e+06
6.09975e+06
6.09976e+06
6.09975e+06
6.09975e+06
6.09976e+06
6.09976e+06
6.09976e+06
6.09976e+06
6.09977e+06
6.09977e+06
6.09977e+06
6.09978e+06
6.09979e+06
6.09979e+06
6.0998e+06
6.09981e+06
6.09982e+06
6.09983e+06
6.09984e+06
6.09985e+06
6.09985e+06
6.09986e+06
6.09987e+06
6.09988e+06
6.09989e+06
6.09977e+06
6.09978e+06
6.09976e+06
6.09978e+06
6.09977e+06
6.09977e+06
6.09977e+06
6.09977e+06
6.09977e+06
6.09978e+06
6.09978e+06
6.09978e+06
6.09978e+06
6.09978e+06
6.09979e+06
6.09979e+06
6.09979e+06
6.0998e+06
6.0998e+06
6.09981e+06
6.09982e+06
6.09982e+06
6.09983e+06
6.09984e+06
6.09985e+06
6.09986e+06
6.09987e+06
6.09987e+06
6.09988e+06
6.09989e+06
6.0999e+06
6.09979e+06
6.0998e+06
6.09979e+06
6.0998e+06
6.09979e+06
6.09979e+06
6.09979e+06
6.0998e+06
6.0998e+06
6.0998e+06
6.0998e+06
6.0998e+06
6.0998e+06
6.0998e+06
6.09981e+06
6.09981e+06
6.09981e+06
6.09982e+06
6.09982e+06
6.09983e+06
6.09983e+06
6.09984e+06
6.09985e+06
6.09985e+06
6.09986e+06
6.09987e+06
6.09988e+06
6.09988e+06
6.09989e+06
6.0999e+06
6.09991e+06
6.09981e+06
6.09982e+06
6.09981e+06
6.09982e+06
6.09981e+06
6.09981e+06
6.09981e+06
6.09982e+06
6.09982e+06
6.09982e+06
6.09982e+06
6.09982e+06
6.09982e+06
6.09982e+06
6.09983e+06
6.09983e+06
6.09983e+06
6.09983e+06
6.09984e+06
6.09984e+06
6.09985e+06
6.09985e+06
6.09986e+06
6.09987e+06
6.09987e+06
6.09988e+06
6.09989e+06
6.09989e+06
6.0999e+06
6.09991e+06
6.09991e+06
6.09986e+06
6.09984e+06
6.09984e+06
6.09984e+06
6.09983e+06
6.09983e+06
6.09983e+06
6.09984e+06
6.09984e+06
6.09984e+06
6.09984e+06
6.09984e+06
6.09984e+06
6.09984e+06
6.09984e+06
6.09985e+06
6.09985e+06
6.09985e+06
6.09985e+06
6.09986e+06
6.09986e+06
6.09987e+06
6.09987e+06
6.09988e+06
6.09988e+06
6.09989e+06
6.0999e+06
6.0999e+06
6.09991e+06
6.09991e+06
6.09992e+06
6.09985e+06
6.09985e+06
6.09985e+06
6.09985e+06
6.09985e+06
6.09985e+06
6.09985e+06
6.09985e+06
6.09985e+06
6.09986e+06
6.09986e+06
6.09986e+06
6.09986e+06
6.09986e+06
6.09986e+06
6.09986e+06
6.09986e+06
6.09987e+06
6.09987e+06
6.09987e+06
6.09988e+06
6.09988e+06
6.09989e+06
6.09989e+06
6.0999e+06
6.0999e+06
6.09991e+06
6.09991e+06
6.09992e+06
6.09992e+06
6.09993e+06
6.09987e+06
6.09987e+06
6.09987e+06
6.09987e+06
6.09987e+06
6.09987e+06
6.09987e+06
6.09987e+06
6.09987e+06
6.09988e+06
6.09988e+06
6.09988e+06
6.09988e+06
6.09988e+06
6.09988e+06
6.09988e+06
6.09988e+06
6.09988e+06
6.09989e+06
6.09989e+06
6.09989e+06
6.09989e+06
6.0999e+06
6.0999e+06
6.09991e+06
6.09991e+06
6.09992e+06
6.09992e+06
6.09993e+06
6.09993e+06
6.09994e+06
6.09988e+06
6.09988e+06
6.09988e+06
6.09988e+06
6.09989e+06
6.09988e+06
6.09988e+06
6.09989e+06
6.09989e+06
6.09989e+06
6.09989e+06
6.09989e+06
6.09989e+06
6.09989e+06
6.09989e+06
6.09989e+06
6.0999e+06
6.0999e+06
6.0999e+06
6.0999e+06
6.0999e+06
6.09991e+06
6.09991e+06
6.09991e+06
6.09992e+06
6.09992e+06
6.09993e+06
6.09993e+06
6.09994e+06
6.09994e+06
6.09994e+06
6.09992e+06
6.09991e+06
6.09991e+06
6.09991e+06
6.09991e+06
6.09991e+06
6.09991e+06
6.09991e+06
6.09991e+06
6.09991e+06
6.09991e+06
6.09991e+06
6.09991e+06
6.09991e+06
6.09991e+06
6.09991e+06
6.09991e+06
6.09991e+06
6.09991e+06
6.09992e+06
6.09992e+06
6.09992e+06
6.09992e+06
6.09993e+06
6.09993e+06
6.09993e+06
6.09994e+06
6.09994e+06
6.09994e+06
6.09995e+06
6.09995e+06
6.09992e+06
6.09991e+06
6.09991e+06
6.09991e+06
6.09992e+06
6.09991e+06
6.09991e+06
6.09992e+06
6.09992e+06
6.09992e+06
6.09992e+06
6.09992e+06
6.09992e+06
6.09992e+06
6.09992e+06
6.09992e+06
6.09993e+06
6.09993e+06
6.09993e+06
6.09993e+06
6.09993e+06
6.09993e+06
6.09994e+06
6.09994e+06
6.09994e+06
6.09994e+06
6.09995e+06
6.09995e+06
6.09995e+06
6.09996e+06
6.09996e+06
6.09996e+06
6.09995e+06
6.09995e+06
6.09995e+06
6.09995e+06
6.09995e+06
6.09995e+06
6.09995e+06
6.09995e+06
6.09995e+06
6.09994e+06
6.09994e+06
6.09994e+06
6.09994e+06
6.09994e+06
6.09994e+06
6.09994e+06
6.09994e+06
6.09994e+06
6.09994e+06
6.09994e+06
6.09995e+06
6.09995e+06
6.09995e+06
6.09995e+06
6.09995e+06
6.09996e+06
6.09996e+06
6.09996e+06
6.09996e+06
6.09997e+06
6.09994e+06
6.09993e+06
6.09994e+06
6.09993e+06
6.09994e+06
6.09994e+06
6.09994e+06
6.09994e+06
6.09994e+06
6.09995e+06
6.09995e+06
6.09995e+06
6.09995e+06
6.09995e+06
6.09995e+06
6.09995e+06
6.09995e+06
6.09995e+06
6.09996e+06
6.09996e+06
6.09996e+06
6.09996e+06
6.09996e+06
6.09996e+06
6.09996e+06
6.09996e+06
6.09997e+06
6.09997e+06
6.09997e+06
6.09997e+06
6.09997e+06
6.10001e+06
6.1e+06
6.1e+06
6.1e+06
6.09999e+06
6.09999e+06
6.09999e+06
6.09999e+06
6.09998e+06
6.09998e+06
6.09998e+06
6.09998e+06
6.09998e+06
6.09997e+06
6.09997e+06
6.09997e+06
6.09997e+06
6.09997e+06
6.09997e+06
6.09997e+06
6.09997e+06
6.09997e+06
6.09997e+06
6.09997e+06
6.09997e+06
6.09998e+06
6.09998e+06
6.09998e+06
6.09998e+06
6.09998e+06
6.09998e+06
6.09995e+06
6.09995e+06
6.09995e+06
6.09995e+06
6.09995e+06
6.09995e+06
6.09995e+06
6.09996e+06
6.09996e+06
6.09996e+06
6.09997e+06
6.09997e+06
6.09997e+06
6.09997e+06
6.09998e+06
6.09998e+06
6.09998e+06
6.09998e+06
6.09998e+06
6.09998e+06
6.09998e+06
6.09998e+06
6.09998e+06
6.09998e+06
6.09998e+06
6.09999e+06
6.09999e+06
6.09999e+06
6.09999e+06
6.09999e+06
6.09999e+06
6.10005e+06
6.10005e+06
6.10005e+06
6.10005e+06
6.10005e+06
6.10004e+06
6.10004e+06
6.10004e+06
6.10003e+06
6.10003e+06
6.10003e+06
6.10002e+06
6.10002e+06
6.10001e+06
6.10001e+06
6.10001e+06
6.10001e+06
6.1e+06
6.1e+06
6.1e+06
6.1e+06
6.1e+06
6.1e+06
6.1e+06
6.1e+06
6.1e+06
6.1e+06
6.1e+06
6.1e+06
6.1e+06
6.1e+06
)
;

boundaryField
{
    inlet
    {
        type            fixedValue;
        value           uniform 6.1e+06;
    }
    outlet
    {
        type            fixedValue;
        value           nonuniform List<scalar> 0();
    }
    walls
    {
        type            fixedFluxPressure;
        gradient        uniform 0;
        value           nonuniform List<scalar> 
86
(
4.01626e+06
4.19729e+06
4.46365e+06
4.16621e+06
4.23882e+06
4.28606e+06
4.29799e+06
4.33232e+06
4.36078e+06
4.38822e+06
4.42577e+06
4.48383e+06
4.55041e+06
4.61842e+06
4.59833e+06
4.90345e+06
4.18887e+06
4.01626e+06
4.19729e+06
4.46365e+06
4.16621e+06
4.23882e+06
4.28606e+06
4.29799e+06
4.33232e+06
4.36078e+06
4.38822e+06
4.42577e+06
4.48383e+06
4.55041e+06
4.61842e+06
4.59833e+06
4.90345e+06
4.18887e+06
5.94479e+06
6.01437e+06
6.05989e+06
6.07466e+06
6.08519e+06
6.08975e+06
6.09304e+06
6.09487e+06
6.09618e+06
6.09704e+06
6.09767e+06
6.09813e+06
6.09847e+06
6.09873e+06
6.09893e+06
6.09909e+06
6.09922e+06
6.09933e+06
6.09941e+06
6.09949e+06
6.09955e+06
6.0996e+06
6.09965e+06
6.09969e+06
6.09972e+06
6.09975e+06
5.94479e+06
6.01437e+06
6.05989e+06
6.07466e+06
6.08519e+06
6.08975e+06
6.09304e+06
6.09487e+06
6.09618e+06
6.09704e+06
6.09767e+06
6.09813e+06
6.09847e+06
6.09873e+06
6.09893e+06
6.09909e+06
6.09922e+06
6.09933e+06
6.09941e+06
6.09949e+06
6.09955e+06
6.0996e+06
6.09965e+06
6.09969e+06
6.09972e+06
6.09975e+06
)
;
    }
    side1
    {
        type            cyclic;
    }
    side2
    {
        type            cyclic;
    }
    procBoundary5to4
    {
        type            processor;
        value           nonuniform List<scalar> 
90
(
4.0029e+06
4.09303e+06
4.03335e+06
4.07567e+06
4.00408e+06
6.09978e+06
6.09978e+06
6.09978e+06
6.09978e+06
6.09978e+06
6.09978e+06
6.09979e+06
6.09979e+06
6.09979e+06
6.0998e+06
6.0998e+06
6.09981e+06
6.09981e+06
6.09982e+06
6.09983e+06
6.09983e+06
6.09984e+06
6.09985e+06
6.09985e+06
6.09986e+06
6.09987e+06
6.09987e+06
6.09988e+06
6.09989e+06
6.09989e+06
6.0999e+06
6.09991e+06
6.09991e+06
6.09992e+06
6.09993e+06
6.09993e+06
6.09994e+06
6.09995e+06
6.09995e+06
6.09996e+06
6.09997e+06
6.09998e+06
6.09998e+06
6.09999e+06
6.1e+06
4.00289e+06
4.09303e+06
4.03335e+06
4.07567e+06
4.00408e+06
6.09978e+06
6.09978e+06
6.09978e+06
6.09978e+06
6.09978e+06
6.09978e+06
6.09979e+06
6.09979e+06
6.09979e+06
6.0998e+06
6.0998e+06
6.09981e+06
6.09981e+06
6.09982e+06
6.09983e+06
6.09983e+06
6.09984e+06
6.09985e+06
6.09985e+06
6.09986e+06
6.09987e+06
6.09987e+06
6.09988e+06
6.09989e+06
6.09989e+06
6.0999e+06
6.09991e+06
6.09991e+06
6.09992e+06
6.09993e+06
6.09993e+06
6.09994e+06
6.09995e+06
6.09995e+06
6.09996e+06
6.09997e+06
6.09998e+06
6.09998e+06
6.09999e+06
6.1e+06
)
;
    }
}


// ************************************************************************* //
