/*--------------------------------*- C++ -*----------------------------------*\
| =========                 |                                                 |
| \\      /  F ield         | OpenFOAM: The Open Source CFD Toolbox           |
|  \\    /   O peration     | Version:  v2012                                 |
|   \\  /    A nd           | Website:  www.openfoam.com                      |
|    \\/     M anipulation  |                                                 |
\*---------------------------------------------------------------------------*/
FoamFile
{
    version     2.0;
    format      ascii;
    class       volVectorField;
    location    "0.6";
    object      U;
}
// * * * * * * * * * * * * * * * * * * * * * * * * * * * * * * * * * * * * * //

dimensions      [0 1 -1 0 0 0 0];


internalField   nonuniform List<vector> 
2650
(
(-0.0139228 -41.8851 0.000174723)
(-0.0656658 -44.6298 0.000612788)
(0.44499 -46.666 -0.0038584)
(1.77771 -34.3716 -0.0154905)
(2.71977 -8.95543 -0.0236807)
(-0.138708 -42.0029 0.00126304)
(-0.00458377 -45.4434 7.17046e-05)
(0.626702 -49.0164 -0.00544638)
(2.59777 -39.4774 -0.0226591)
(3.76922 -17.2372 -0.0328624)
(-0.0465945 -42.1773 0.000453765)
(0.286362 -46.4783 -0.00247556)
(0.649731 -51.2608 -0.00565739)
(0.446897 -42.2406 -0.00389215)
(1.29055 -21.2651 -0.0112479)
(-0.249388 -42.5877 0.00221264)
(0.763765 -47.6041 -0.00664993)
(0.336629 -51.3364 -0.00293324)
(0.362318 -41.0956 -0.00315572)
(0.411844 -18.3403 -0.00359337)
(-0.289437 -43.0121 0.00253112)
(0.801819 -48.6455 -0.00699049)
(-0.0187783 -51.0118 0.000164552)
(0.410847 -41.4351 -0.00357797)
(0.544589 -18.1128 -0.00474776)
(-0.326056 -43.2723 0.00286133)
(0.739604 -49.4611 -0.00645056)
(0.108127 -51.1729 -0.000945544)
(0.596953 -42.4088 -0.00519936)
(0.829766 -17.6625 -0.00724905)
(-0.204519 -43.4714 0.00178847)
(0.537178 -50.3413 -0.00468577)
(0.444897 -51.7535 -0.00388894)
(0.77002 -42.8965 -0.00671317)
(0.686152 -16.3613 -0.00599131)
(-0.164937 -43.9008 0.00144251)
(0.53245 -51.4429 -0.00464713)
(0.338985 -52.58 -0.00296382)
(0.96507 -43.128 -0.00841893)
(0.254876 -15.5451 -0.0022151)
(-0.0264594 -44.3578 0.000207969)
(0.2922 -52.1208 -0.00255907)
(0.224034 -53.4216 -0.00195546)
(1.08579 -43.3503 -0.00947594)
(0.0954723 -14.7044 -0.000825291)
(0.0519988 -44.6793 -0.0004737)
(0.0255458 -52.3392 -0.00023162)
(0.500875 -54.6511 -0.004368)
(0.833169 -43.5917 -0.00727419)
(0.159494 -13.8394 -0.00139303)
(0.159444 -44.9571 -0.00141044)
(-0.0998691 -52.8022 0.000866063)
(0.984487 -55.9472 -0.00859274)
(-0.00108399 -43.1596 5.48498e-06)
(0.236609 -13.3241 -0.00206324)
(0.0958647 -45.2837 -0.000825346)
(0.0950222 -53.7765 -0.000833156)
(0.782882 -56.096 -0.00683853)
(-0.816903 -42.2896 0.00712922)
(0.543885 -13.5302 -0.00474327)
(-0.0526093 -45.6068 0.000454633)
(0.220511 -54.5939 -0.00193191)
(-0.138506 -54.9429 0.00120036)
(-0.92603 -42.4669 0.00808673)
(1.11352 -13.7872 -0.00972379)
(-0.153217 -45.5021 0.0013391)
(0.363228 -54.2182 -0.00317302)
(-1.23234 -53.414 0.0107493)
(-0.322011 -44.0812 0.00281575)
(0.854828 -13.2031 -0.00746815)
(-0.13853 -45.9968 0.00121473)
(-0.425787 -52.9535 0.0037124)
(-2.25266 -52.7666 0.0196593)
(-0.639771 -46.0195 0.00558757)
(-0.362714 -14.0872 0.00316222)
(-0.192286 -43.7183 0.00168539)
(-1.27794 -48.3671 0.011152)
(-3.22507 -50.163 0.0281478)
(-2.88601 -44.7983 0.0251873)
(-3.25325 -11.5943 0.0284807)
(-1.04248 -41.712 0.0091019)
(-3.29926 -44.3771 0.0287943)
(-5.60501 -47.3586 0.0489191)
(-7.01906 -46.2215 0.0612643)
(-9.32506 -30.5849 0.0814491)
(-2.34415 -29.5926 0.0204572)
(-5.93887 -31.2889 0.051832)
(-10.4234 -32.5839 0.0909677)
(-16.795 -30.6522 0.146573)
(-22.6998 -21.158 0.198071)
(-18.6583 -2.17459 0.162915)
(-11.1187 -3.35947 0.0970632)
(-8.35239 -1.63751 0.07289)
(-5.61679 -1.09956 0.0490227)
(-4.27259 -0.683799 0.0372877)
(-3.09314 -0.446964 0.0269957)
(-2.3844 -0.293873 0.0208094)
(-1.80818 -0.197419 0.0157811)
(-1.41385 -0.133682 0.0123393)
(-1.10366 -0.0918211 0.00963239)
(-0.875918 -0.0636274 0.00764472)
(-0.697535 -0.0443267 0.00608798)
(-0.56217 -0.0309561 0.00490656)
(-0.454983 -0.021846 0.00397112)
(-0.372211 -0.0155351 0.00324872)
(-0.305792 -0.0110372 0.00266905)
(-0.253551 -0.00795742 0.0022131)
(-0.211353 -0.0057738 0.00184481)
(-0.17737 -0.00425936 0.00154821)
(-0.149646 -0.00318359 0.00130622)
(-0.126938 -0.00240517 0.00110803)
(-0.108159 -0.00183249 0.000944116)
(-0.0925682 -0.00141179 0.00080804)
(-0.0795183 -0.00109893 0.000694146)
(-0.0685275 -0.000868228 0.000598242)
(-0.0592048 -0.000697837 0.000516751)
(-1.47982 -14.5168 0.0129138)
(-3.45967 -15.3391 0.0301929)
(-6.05804 -14.5699 0.0528708)
(-9.12071 -14.6257 0.0796019)
(-11.6845 -13.4433 0.10198)
(-10.1491 -7.65571 0.0885891)
(-7.29433 -5.03192 0.063676)
(-6.55274 -3.05219 0.0571981)
(-4.99841 -2.13764 0.0436339)
(-4.25596 -1.42482 0.0371508)
(-3.40938 -1.03076 0.0297623)
(-2.85276 -0.734991 0.0249027)
(-2.34613 -0.545057 0.0204806)
(-1.96311 -0.404174 0.0171368)
(-1.63801 -0.305469 0.0142991)
(-1.37819 -0.231596 0.012031)
(-1.16084 -0.177154 0.0101338)
(-0.982933 -0.136034 0.00858069)
(-0.833528 -0.105188 0.00727648)
(-0.71033 -0.0815459 0.00620102)
(-0.606137 -0.0635452 0.00529146)
(-0.519401 -0.0497501 0.00453427)
(-0.446029 -0.0391617 0.00389377)
(-0.384232 -0.0310172 0.0033543)
(-0.331856 -0.0247158 0.00289704)
(-0.287408 -0.0198089 0.00250904)
(-0.249484 -0.015969 0.00217798)
(-0.217064 -0.0129528 0.00189497)
(-0.189218 -0.0105748 0.0016519)
(-0.16522 -0.00869518 0.00144242)
(-0.14446 -0.00720056 0.00126102)
(-0.737916 -13.1579 0.00643887)
(-1.93334 -14.0001 0.0168718)
(-3.09311 -13.1678 0.0269948)
(-4.09462 -11.0543 0.0357359)
(-5.69765 -8.08846 0.0497275)
(-5.98727 -5.0364 0.0522585)
(-5.38776 -4.19043 0.0470282)
(-4.87573 -2.85935 0.0425596)
(-4.13986 -2.23859 0.0361371)
(-3.61533 -1.62418 0.0315582)
(-3.0676 -1.25146 0.0267776)
(-2.65213 -0.943685 0.0231509)
(-2.27107 -0.73132 0.0198248)
(-1.96336 -0.565826 0.0171386)
(-1.69429 -0.443955 0.01479)
(-1.46969 -0.349725 0.0128295)
(-1.2753 -0.277769 0.0111327)
(-1.11012 -0.221531 0.00969078)
(-0.966869 -0.17767 0.00844032)
(-0.844511 -0.142939 0.00737223)
(-0.73776 -0.115455 0.00644037)
(-0.646 -0.0935612 0.00563935)
(-0.566066 -0.0760938 0.00494158)
(-0.49679 -0.062116 0.00433683)
(-0.436489 -0.0508984 0.00381042)
(-0.383999 -0.0418656 0.00335223)
(-0.338156 -0.0345765 0.00295204)
(-0.298093 -0.0286806 0.00260232)
(-0.262979 -0.0239011 0.00229581)
(-0.232145 -0.0200173 0.00202664)
(-0.205009 -0.0168492 0.00178958)
(-0.676807 -5.78426 0.00590592)
(-1.7619 -6.39767 0.0153758)
(-2.89778 -6.58459 0.0252897)
(-3.75086 -6.37693 0.0327363)
(-4.23275 -5.75893 0.0369433)
(-4.03317 -4.53313 0.0352027)
(-3.7565 -3.67948 0.0327886)
(-3.52883 -2.80253 0.0308022)
(-3.15028 -2.21963 0.0274986)
(-2.87219 -1.70241 0.0250709)
(-2.54367 -1.34296 0.0222038)
(-2.27793 -1.0489 0.019884)
(-2.01664 -0.833447 0.0176035)
(-1.79339 -0.662536 0.0156547)
(-1.5889 -0.532232 0.0138698)
(-1.41111 -0.429344 0.0123179)
(-1.25181 -0.348887 0.0109275)
(-1.11224 -0.284614 0.00970916)
(-0.987735 -0.233371 0.00862235)
(-0.878618 -0.191977 0.00766986)
(-0.781043 -0.158501 0.00681811)
(-0.695205 -0.131242 0.0060688)
(-0.618734 -0.109007 0.00540128)
(-0.551014 -0.0908049 0.00481012)
(-0.490829 -0.0758706 0.00428474)
(-0.437382 -0.0635829 0.0038182)
(-0.389808 -0.0534575 0.00340291)
(-0.347471 -0.0450981 0.00303334)
(-0.309725 -0.0381864 0.00270385)
(-0.276039 -0.0324606 0.00240979)
(-0.245941 -0.0277039 0.00214689)
(-0.282466 -5.15769 0.00246486)
(-0.720178 -5.57679 0.00628466)
(-1.27386 -5.46669 0.0111166)
(-1.74976 -4.91501 0.0152705)
(-2.25832 -4.18105 0.0197098)
(-2.49521 -3.383 0.0217778)
(-2.57659 -2.86611 0.0224888)
(-2.55565 -2.29983 0.0223071)
(-2.4316 -1.9129 0.0212249)
(-2.29314 -1.5419 0.0200162)
(-2.11116 -1.26718 0.018428)
(-1.94045 -1.02915 0.016938)
(-1.76378 -0.84451 0.015396)
(-1.60209 -0.691515 0.0139846)
(-1.44813 -0.569744 0.0126408)
(-1.3091 -0.470421 0.0114273)
(-1.18079 -0.390415 0.0103074)
(-1.06549 -0.324821 0.00930092)
(-0.960177 -0.271322 0.00838168)
(-0.866077 -0.227222 0.00756029)
(-0.78022 -0.190861 0.00681084)
(-0.703365 -0.160705 0.00613996)
(-0.633674 -0.135669 0.00553164)
(-0.57092 -0.114814 0.00498384)
(-0.514228 -0.0974143 0.00448895)
(-0.463077 -0.0828617 0.00404246)
(-0.41684 -0.0706763 0.00363885)
(-0.375078 -0.0604563 0.0032743)
(-0.337306 -0.0518746 0.0029446)
(-0.303131 -0.0446564 0.00264627)
(-0.272194 -0.0385715 0.00237606)
(-0.265591 -2.49196 0.00231817)
(-0.701137 -2.79528 0.00611981)
(-1.17302 -3.00521 0.0102369)
(-1.54482 -2.99351 0.0134823)
(-1.8128 -2.83599 0.0158218)
(-1.92363 -2.53192 0.0167892)
(-1.97452 -2.241 0.0172336)
(-1.97131 -1.91447 0.0172064)
(-1.91348 -1.64434 0.0167023)
(-1.84224 -1.38121 0.0160803)
(-1.73803 -1.16689 0.0151708)
(-1.63303 -0.976341 0.0142544)
(-1.51747 -0.820609 0.0132458)
(-1.40561 -0.687857 0.0122694)
(-1.29395 -0.578486 0.0112948)
(-1.18914 -0.486939 0.01038)
(-1.08893 -0.411356 0.0095054)
(-0.996357 -0.34795 0.00869736)
(-0.909476 -0.295213 0.00793902)
(-0.830279 -0.250934 0.00724773)
(-0.756485 -0.21382 0.00660359)
(-0.689327 -0.182549 0.00601736)
(-0.627406 -0.156203 0.00547686)
(-0.570803 -0.13394 0.00498277)
(-0.518924 -0.115109 0.0045299)
(-0.471464 -0.099147 0.00411563)
(-0.427989 -0.0856051 0.00373614)
(-0.388215 -0.0740995 0.00338895)
(-0.351794 -0.0643144 0.00307104)
(-0.318446 -0.0559789 0.00277993)
(-0.287911 -0.0488647 0.00251325)
(-0.135584 -1.99399 0.00118325)
(-0.347217 -2.18345 0.00303047)
(-0.615093 -2.3011 0.0053685)
(-0.866013 -2.25836 0.00755847)
(-1.09783 -2.12361 0.00958106)
(-1.26784 -1.91751 0.0110652)
(-1.38658 -1.72809 0.0121017)
(-1.45191 -1.5175 0.0126725)
(-1.4724 -1.3425 0.0128521)
(-1.46312 -1.16583 0.012771)
(-1.42209 -1.01592 0.0124129)
(-1.36764 -0.876562 0.0119377)
(-1.2987 -0.757278 0.0113361)
(-1.2253 -0.651233 0.0106954)
(-1.147 -0.560307 0.0100119)
(-1.06995 -0.481443 0.00933955)
(-0.993182 -0.414336 0.00866953)
(-0.920143 -0.356377 0.008032)
(-0.849578 -0.307042 0.00741608)
(-0.783948 -0.264694 0.00684323)
(-0.721436 -0.22856 0.00629757)
(-0.663598 -0.197601 0.00579271)
(-0.609381 -0.171138 0.00531947)
(-0.559099 -0.148468 0.00488056)
(-0.512381 -0.129051 0.00447275)
(-0.469096 -0.112392 0.00409492)
(-0.428962 -0.0980946 0.00374459)
(-0.391818 -0.085808 0.00342037)
(-0.357427 -0.0752412 0.00312019)
(-0.325603 -0.0661393 0.00284238)
(-0.296165 -0.0582853 0.00258528)
(-0.124381 -0.90745 0.00108545)
(-0.312844 -1.0531 0.00273037)
(-0.531864 -1.22444 0.00464183)
(-0.7365 -1.31968 0.00642794)
(-0.907431 -1.34515 0.00791927)
(-1.03341 -1.30871 0.00901908)
(-1.12247 -1.25017 0.00979647)
(-1.17301 -1.15888 0.0102381)
(-1.19654 -1.06864 0.0104443)
(-1.19903 -0.964577 0.0104659)
(-1.18047 -0.867035 0.010304)
(-1.15098 -0.770001 0.0100466)
(-1.10963 -0.681912 0.00968567)
(-1.06263 -0.600016 0.00927538)
(-1.00923 -0.527052 0.00880937)
(-0.954534 -0.461513 0.00833199)
(-0.897526 -0.404195 0.00783448)
(-0.841593 -0.353234 0.00734626)
(-0.785652 -0.308888 0.00685801)
(-0.732412 -0.269958 0.00639331)
(-0.680403 -0.23613 0.00593934)
(-0.631376 -0.206639 0.0055114)
(-0.584575 -0.181045 0.00510289)
(-0.540487 -0.158809 0.00471805)
(-0.498935 -0.139517 0.00435533)
(-0.459933 -0.122764 0.0040149)
(-0.423332 -0.108221 0.00369542)
(-0.389078 -0.0955871 0.00339642)
(-0.357027 -0.0846055 0.00311667)
(-0.327073 -0.0750475 0.00285519)
(-0.299103 -0.0667152 0.00261092)
(-0.0767701 -0.554872 0.00066994)
(-0.192282 -0.66142 0.00167819)
(-0.332106 -0.791611 0.00289856)
(-0.478637 -0.877769 0.00417752)
(-0.612134 -0.924097 0.00534214)
(-0.726663 -0.927894 0.0063419)
(-0.820316 -0.91798 0.00715911)
(-0.885434 -0.879556 0.0077279)
(-0.930597 -0.837208 0.00812316)
(-0.955186 -0.77852 0.0083377)
(-0.962536 -0.719 0.00840181)
(-0.957842 -0.655572 0.00836079)
(-0.94101 -0.595068 0.00821389)
(-0.916617 -0.535929 0.00800094)
(-0.883994 -0.481103 0.00771619)
(-0.847815 -0.429737 0.00740044)
(-0.80728 -0.38335 0.00704671)
(-0.765741 -0.340679 0.00668413)
(-0.722396 -0.302536 0.00630581)
(-0.679998 -0.268176 0.00593574)
(-0.637346 -0.237669 0.00556345)
(-0.596285 -0.210543 0.00520504)
(-0.556297 -0.186594 0.00485601)
(-0.517994 -0.165462 0.00452167)
(-0.481354 -0.146871 0.00420183)
(-0.446504 -0.13052 0.00389765)
(-0.413402 -0.116158 0.00360871)
(-0.38208 -0.103542 0.00333531)
(-0.352471 -0.092459 0.00307687)
(-0.324533 -0.0827136 0.00283301)
(-0.298214 -0.0741324 0.00260314)
(-0.0650123 -0.0215923 0.000567476)
(-0.161959 -0.108714 0.00141383)
(-0.27266 -0.246142 0.00237982)
(-0.385232 -0.370827 0.0033625)
(-0.487963 -0.469045 0.0042595)
(-0.580766 -0.53641 0.00506941)
(-0.657729 -0.588629 0.00574021)
(-0.714373 -0.61021 0.00623484)
(-0.759082 -0.619094 0.00662597)
(-0.787886 -0.602442 0.00687734)
(-0.803405 -0.576639 0.00701275)
(-0.809269 -0.542231 0.00706389)
(-0.804915 -0.505644 0.00702589)
(-0.793905 -0.466675 0.00692976)
(-0.775009 -0.428485 0.00676483)
(-0.752161 -0.390662 0.00656543)
(-0.724308 -0.355142 0.0063224)
(-0.694389 -0.321153 0.00606124)
(-0.661527 -0.289783 0.00577444)
(-0.628397 -0.260684 0.00548527)
(-0.593946 -0.234181 0.00518457)
(-0.560015 -0.210078 0.0048884)
(-0.526238 -0.188371 0.00459358)
(-0.493293 -0.168878 0.00430602)
(-0.461266 -0.151459 0.00402645)
(-0.430369 -0.135922 0.00375678)
(-0.400644 -0.122099 0.00349732)
(-0.372195 -0.109811 0.003249)
(-0.345022 -0.0988968 0.00301183)
(-0.319138 -0.089196 0.00278589)
(-0.294538 -0.0805656 0.00257104)
(-0.0397056 0.193116 0.000346594)
(-0.0997722 0.119532 0.000871042)
(-0.172038 -0.00674912 0.00150191)
(-0.250923 -0.123864 0.00219045)
(-0.331297 -0.221827 0.00289193)
(-0.405012 -0.298801 0.00353549)
(-0.475407 -0.36222 0.00414994)
(-0.536268 -0.405072 0.00468103)
(-0.589008 -0.437689 0.00514152)
(-0.629444 -0.446304 0.00549434)
(-0.658942 -0.444603 0.00575175)
(-0.677939 -0.432559 0.00591753)
(-0.686327 -0.415978 0.00599074)
(-0.687522 -0.39463 0.00600114)
(-0.680193 -0.371578 0.00593717)
(-0.668011 -0.346565 0.00583087)
(-0.650183 -0.321658 0.00567533)
(-0.629409 -0.29642 0.00549401)
(-0.605015 -0.272096 0.00528111)
(-0.579534 -0.248654 0.00505871)
(-0.551995 -0.226602 0.00481835)
(-0.524202 -0.205979 0.00457575)
(-0.495874 -0.186954 0.00432851)
(-0.467719 -0.169508 0.00408275)
(-0.439888 -0.153632 0.00383982)
(-0.412647 -0.139242 0.00360206)
(-0.386096 -0.126253 0.0033703)
(-0.360387 -0.114554 0.00314591)
(-0.335572 -0.104035 0.00292932)
(-0.311708 -0.0945773 0.00272101)
(-0.288831 -0.0860699 0.00252121)
(-0.0332658 0.437691 0.000290372)
(-0.0852263 0.380818 0.000744032)
(-0.147595 0.266536 0.00128848)
(-0.213847 0.150019 0.00186675)
(-0.279528 0.0375263 0.00244008)
(-0.338966 -0.059617 0.00295898)
(-0.395757 -0.145892 0.00345466)
(-0.444613 -0.211393 0.00388094)
(-0.490988 -0.263246 0.00428583)
(-0.528836 -0.295966 0.0046161)
(-0.559083 -0.316944 0.00488006)
(-0.580595 -0.325876 0.00506779)
(-0.593462 -0.327769 0.0051801)
(-0.600286 -0.322596 0.00523963)
(-0.599573 -0.313431 0.00523341)
(-0.594408 -0.300331 0.00518836)
(-0.583841 -0.285412 0.0050962)
(-0.570149 -0.268579 0.00497669)
(-0.552539 -0.251176 0.00482301)
(-0.533375 -0.233406 0.00465576)
(-0.511705 -0.215942 0.00446663)
(-0.489245 -0.199007 0.00427059)
(-0.465746 -0.182918 0.00406549)
(-0.441903 -0.16779 0.00385738)
(-0.4179 -0.153728 0.00364786)
(-0.394033 -0.140741 0.00343955)
(-0.370443 -0.128824 0.00323365)
(-0.347319 -0.117928 0.00303182)
(-0.324754 -0.107995 0.00283487)
(-0.302839 -0.0989494 0.00264358)
(-0.281647 -0.0907131 0.00245848)
(-0.024744 0.582598 0.00021595)
(-0.0642538 0.54037 0.000560873)
(-0.111239 0.432472 0.000971073)
(-0.160242 0.315554 0.00139881)
(-0.211284 0.201069 0.00184432)
(-0.260235 0.0982003 0.00227165)
(-0.310293 0.00820866 0.00270861)
(-0.356459 -0.064352 0.00311145)
(-0.401026 -0.125213 0.0035006)
(-0.438712 -0.170424 0.00382945)
(-0.471121 -0.205514 0.00411228)
(-0.496317 -0.229148 0.00433216)
(-0.513797 -0.245211 0.00448474)
(-0.525652 -0.253255 0.00458818)
(-0.53034 -0.256003 0.00462909)
(-0.53051 -0.25346 0.00463059)
(-0.525399 -0.247688 0.00458605)
(-0.517047 -0.238703 0.00451316)
(-0.504749 -0.227941 0.00440584)
(-0.490685 -0.215728 0.0042831)
(-0.473869 -0.20288 0.00413634)
(-0.455914 -0.189738 0.00397962)
(-0.436571 -0.176741 0.0038108)
(-0.416505 -0.164116 0.00363566)
(-0.395911 -0.152062 0.0034559)
(-0.375094 -0.140671 0.00327422)
(-0.354218 -0.13001 0.003092)
(-0.333494 -0.12009 0.00291112)
(-0.313042 -0.110901 0.00273262)
(-0.29298 -0.102409 0.00255751)
(-0.273407 -0.094569 0.00238654)
(-0.0205925 0.729825 0.000179802)
(-0.0548318 0.698034 0.00047888)
(-0.0927385 0.594718 0.000809469)
(-0.136358 0.479939 0.00119024)
(-0.179508 0.363731 0.00156703)
(-0.22362 0.257118 0.00195206)
(-0.267752 0.160582 0.00233718)
(-0.308378 0.0781618 0.00269164)
(-0.347327 0.00620503 0.00303179)
(-0.380108 -0.0522364 0.00331785)
(-0.409415 -0.100812 0.00357362)
(-0.432838 -0.137957 0.00377804)
(-0.450375 -0.166772 0.00393112)
(-0.463538 -0.186636 0.00404596)
(-0.470775 -0.200051 0.00410914)
(-0.474267 -0.206985 0.00413964)
(-0.473076 -0.209557 0.00412931)
(-0.468894 -0.207793 0.00409282)
(-0.460865 -0.203285 0.00402276)
(-0.450977 -0.196381 0.00393648)
(-0.438254 -0.188044 0.00382543)
(-0.424164 -0.178684 0.00370246)
(-0.408457 -0.168843 0.00356538)
(-0.39174 -0.158824 0.00341947)
(-0.374207 -0.148908 0.00326644)
(-0.356157 -0.139256 0.0031089)
(-0.337766 -0.129993 0.00294838)
(-0.319261 -0.121186 0.00278687)
(-0.30078 -0.11287 0.00262558)
(-0.282464 -0.105048 0.00246571)
(-0.264431 -0.0977111 0.00230818)
(-0.0157074 0.828782 0.000137155)
(-0.0423418 0.807641 0.00036978)
(-0.0726855 0.710559 0.000634663)
(-0.10837 0.599283 0.00094627)
(-0.14393 0.484833 0.00125642)
(-0.182797 0.377881 0.0015957)
(-0.220819 0.278359 0.00192757)
(-0.257723 0.190904 0.00224954)
(-0.293215 0.112454 0.00255946)
(-0.324329 0.0462016 0.00283098)
(-0.352741 -0.0111158 0.00307895)
(-0.376464 -0.0576267 0.00328598)
(-0.395018 -0.0960014 0.00344793)
(-0.409769 -0.125166 0.00357665)
(-0.419209 -0.147369 0.00365904)
(-0.425215 -0.162346 0.00371148)
(-0.426933 -0.172213 0.00372653)
(-0.425845 -0.176874 0.00371703)
(-0.421166 -0.178067 0.00367622)
(-0.414637 -0.176084 0.00361926)
(-0.405287 -0.17203 0.00353766)
(-0.394425 -0.166335 0.00344285)
(-0.381807 -0.159619 0.00333274)
(-0.367979 -0.152239 0.00321205)
(-0.353127 -0.14453 0.00308241)
(-0.337536 -0.136707 0.00294634)
(-0.321385 -0.128947 0.00280538)
(-0.304903 -0.121356 0.00266152)
(-0.28824 -0.114014 0.0025161)
(-0.271551 -0.106959 0.00237043)
(-0.254967 -0.100212 0.00222556)
(-0.0133613 0.919347 0.000116678)
(-0.0359346 0.906511 0.00031386)
(-0.0616351 0.816321 0.000538224)
(-0.0930525 0.708671 0.000812567)
(-0.123808 0.597391 0.00108074)
(-0.157981 0.490868 0.00137904)
(-0.19128 0.389236 0.00166967)
(-0.223498 0.297476 0.00195074)
(-0.254815 0.212832 0.00222422)
(-0.282035 0.139001 0.00246176)
(-0.307598 0.0729494 0.00268487)
(-0.329094 0.0175323 0.00287248)
(-0.346816 -0.0296363 0.00302719)
(-0.361701 -0.0670146 0.00315707)
(-0.372312 -0.0969685 0.0032497)
(-0.380229 -0.118974 0.0033188)
(-0.384404 -0.135355 0.0033553)
(-0.386094 -0.145829 0.00337005)
(-0.384369 -0.152304 0.00335501)
(-0.380749 -0.154968 0.00332344)
(-0.37437 -0.155031 0.00326777)
(-0.36634 -0.15292 0.00319769)
(-0.35646 -0.149308 0.00311147)
(-0.345202 -0.144586 0.00301322)
(-0.332748 -0.139134 0.00290452)
(-0.319369 -0.133206 0.00278775)
(-0.305244 -0.127022 0.00266448)
(-0.290606 -0.120729 0.00253672)
(-0.275615 -0.11444 0.00240589)
(-0.260434 -0.108227 0.00227338)
(-0.245205 -0.102142 0.00214035)
(-0.0113193 0.989864 9.88478e-05)
(-0.0301117 0.984471 0.000263017)
(-0.0520405 0.901087 0.000454466)
(-0.0789389 0.797614 0.000689329)
(-0.105393 0.688656 0.000919913)
(-0.134659 0.582813 0.00117538)
(-0.163412 0.479279 0.00142637)
(-0.191027 0.384131 0.00166733)
(-0.218146 0.295258 0.00190436)
(-0.241725 0.216248 0.00211013)
(-0.264821 0.144598 0.00231173)
(-0.285313 0.0833124 0.00249055)
(-0.303001 0.0300637 0.0026449)
(-0.318726 -0.013434 0.0027821)
(-0.330772 -0.0495489 0.00288721)
(-0.340436 -0.0774936 0.00297153)
(-0.346682 -0.099503 0.00302607)
(-0.350532 -0.115208 0.00305966)
(-0.351241 -0.12648 0.00306586)
(-0.35 -0.133497 0.00305503)
(-0.346076 -0.137459 0.0030208)
(-0.340385 -0.138805 0.00297113)
(-0.332789 -0.138222 0.00290484)
(-0.323702 -0.136131 0.00282553)
(-0.313306 -0.132939 0.00273479)
(-0.301854 -0.128936 0.00263486)
(-0.289524 -0.124373 0.00252724)
(-0.27654 -0.119429 0.00241393)
(-0.263066 -0.114251 0.00229634)
(-0.249268 -0.108938 0.0021759)
(-0.235295 -0.103569 0.00205384)
(-0.00993435 1.05494 8.67564e-05)
(-0.0257504 1.05519 0.000224928)
(-0.0446117 0.978008 0.000389591)
(-0.0676561 0.877461 0.00059076)
(-0.0900917 0.7707 0.000786516)
(-0.114948 0.665257 0.00100356)
(-0.139374 0.559964 0.00121647)
(-0.163646 0.461685 0.00142827)
(-0.187491 0.368378 0.00163678)
(-0.208231 0.285055 0.00181777)
(-0.229277 0.209255 0.00200147)
(-0.248271 0.143504 0.00216722)
(-0.265396 0.0853993 0.00231665)
(-0.281136 0.0367939 0.00245399)
(-0.293928 -0.00450877 0.00256561)
(-0.304829 -0.0376573 0.00266073)
(-0.312726 -0.0646067 0.00272967)
(-0.318411 -0.0851071 0.00277928)
(-0.321098 -0.100788 0.00280273)
(-0.321783 -0.111902 0.00280872)
(-0.319901 -0.119555 0.00279231)
(-0.316188 -0.124224 0.0027599)
(-0.310558 -0.126581 0.00271078)
(-0.303362 -0.127072 0.00264798)
(-0.294773 -0.126124 0.00257302)
(-0.285027 -0.12405 0.00248797)
(-0.274296 -0.12113 0.00239431)
(-0.262799 -0.117569 0.00229397)
(-0.250699 -0.113539 0.00218838)
(-0.238166 -0.109168 0.00207899)
(-0.225352 -0.104558 0.00196705)
(-0.00844672 1.107 7.37589e-05)
(-0.0212292 1.1116 0.00018543)
(-0.037172 1.04002 0.000324637)
(-0.0561721 0.942018 0.000490479)
(-0.0755224 0.837225 0.000659321)
(-0.0956895 0.732051 0.000835416)
(-0.11641 0.627164 0.0010163)
(-0.137785 0.527554 0.00120285)
(-0.159328 0.431932 0.00139095)
(-0.179626 0.345692 0.00156811)
(-0.199829 0.267095 0.00174445)
(-0.218524 0.198054 0.00190758)
(-0.235511 0.136414 0.00205581)
(-0.251212 0.0838193 0.0021928)
(-0.264412 0.0383026 0.00230799)
(-0.275739 0.00068237 0.00240682)
(-0.284429 -0.0306868 0.00248268)
(-0.290992 -0.0555908 0.00253995)
(-0.29489 -0.0753697 0.00257397)
(-0.296857 -0.0903547 0.00259115)
(-0.296424 -0.10152 0.00258738)
(-0.294186 -0.10938 0.00256785)
(-0.290081 -0.114582 0.00253203)
(-0.284403 -0.117591 0.00248248)
(-0.27731 -0.118849 0.00242057)
(-0.269011 -0.118691 0.00234816)
(-0.259666 -0.117415 0.0022666)
(-0.249478 -0.115251 0.00217769)
(-0.238608 -0.112393 0.00208283)
(-0.22722 -0.10899 0.00198344)
(-0.215467 -0.105168 0.00188076)
(-0.00729226 1.15274 6.36743e-05)
(-0.0181033 1.16043 0.000158124)
(-0.0314788 1.09353 0.000274923)
(-0.0479114 0.998427 0.000418372)
(-0.0646261 0.894079 0.000564231)
(-0.0820957 0.788962 0.000716722)
(-0.0999917 0.684806 0.000872982)
(-0.118537 0.585192 0.00103486)
(-0.13791 0.489409 0.00120397)
(-0.156773 0.401524 0.00136863)
(-0.175837 0.320488 0.00153501)
(-0.193575 0.248357 0.00168979)
(-0.209912 0.183521 0.00183235)
(-0.225124 0.12724 0.00196508)
(-0.238262 0.0780583 0.00207971)
(-0.249755 0.0364881 0.00218001)
(-0.258997 0.00130986 0.00226067)
(-0.266299 -0.0274675 0.0023244)
(-0.271139 -0.0509082 0.00236665)
(-0.274106 -0.0693894 0.00239255)
(-0.274829 -0.0837675 0.00239887)
(-0.273805 -0.0945846 0.00238994)
(-0.270982 -0.102466 0.00236532)
(-0.266602 -0.107882 0.0023271)
(-0.260802 -0.111275 0.00227648)
(-0.253766 -0.112991 0.00221508)
(-0.245639 -0.113342 0.00214415)
(-0.236614 -0.112571 0.00206539)
(-0.226844 -0.110892 0.00198013)
(-0.21649 -0.108472 0.00188978)
(-0.205707 -0.105456 0.00179557)
(-0.00634023 1.19086 5.53545e-05)
(-0.0156122 1.20073 0.000136351)
(-0.0272202 1.13846 0.00023773)
(-0.0413656 1.04602 0.000361239)
(-0.0560453 0.943827 0.000489351)
(-0.07198 0.838991 0.000628421)
(-0.0881053 0.735462 0.000769196)
(-0.105065 0.635846 0.000917259)
(-0.122588 0.540356 0.00107026)
(-0.139883 0.451659 0.00122121)
(-0.15764 0.369166 0.00137618)
(-0.174394 0.294771 0.00152237)
(-0.190048 0.227368 0.00165896)
(-0.204574 0.168015 0.00178571)
(-0.21732 0.115613 0.00189693)
(-0.228449 0.0705574 0.00199404)
(-0.237618 0.0318928 0.00207406)
(-0.245008 -0.000409767 0.00213855)
(-0.250279 -0.027238 0.00218457)
(-0.253871 -0.0489617 0.00221593)
(-0.255398 -0.0663523 0.00222926)
(-0.255269 -0.0799489 0.00222814)
(-0.253428 -0.0903666 0.00221209)
(-0.250078 -0.0980785 0.00218285)
(-0.245332 -0.103529 0.00214144)
(-0.239352 -0.107066 0.00208926)
(-0.232267 -0.109011 0.00202743)
(-0.224253 -0.109617 0.0019575)
(-0.215456 -0.109112 0.00188073)
(-0.20603 -0.107677 0.00179847)
(-0.196126 -0.105473 0.00171194)
(-0.0053134 1.22532 4.64035e-05)
(-0.0139079 1.23731 0.000121541)
(-0.0234252 1.17851 0.000204532)
(-0.036846 1.08859 0.000321728)
(-0.0493948 0.987907 0.000431329)
(-0.0640317 0.884034 0.000559072)
(-0.0786301 0.781291 0.000686488)
(-0.0943376 0.681834 0.000823614)
(-0.110417 0.586523 0.000964017)
(-0.126141 0.497166 0.00110126)
(-0.142487 0.413579 0.00124389)
(-0.157886 0.337272 0.00137826)
(-0.172465 0.267663 0.00150547)
(-0.186038 0.205604 0.00162389)
(-0.198164 0.150378 0.0017297)
(-0.208899 0.102311 0.00182338)
(-0.217994 0.0606077 0.00190277)
(-0.225536 0.0252504 0.00196858)
(-0.231168 -0.00458389 0.00201774)
(-0.235242 -0.0292283 0.00205331)
(-0.237434 -0.0493972 0.00207245)
(-0.238055 -0.0655842 0.00207788)
(-0.237051 -0.0783907 0.00206913)
(-0.234586 -0.088285 0.00204763)
(-0.230755 -0.095708 0.00201419)
(-0.225694 -0.101007 0.00197003)
(-0.21952 -0.104506 0.00191615)
(-0.212397 -0.106464 0.001854)
(-0.204463 -0.107118 0.00178477)
(-0.195869 -0.106661 0.00170977)
(-0.186762 -0.105269 0.00163021)
(-0.00431529 1.25373 3.76934e-05)
(-0.0118065 1.26812 0.000103153)
(-0.0198345 1.2133 0.000173277)
(-0.0321264 1.12644 0.000280659)
(-0.0433353 1.02732 0.000378415)
(-0.0573891 0.924858 0.000501093)
(-0.0704969 0.823057 0.000615497)
(-0.0854362 0.724087 0.000745908)
(-0.100273 0.628867 0.000875452)
(-0.114948 0.538954 0.00100354)
(-0.130107 0.454364 0.00113582)
(-0.144362 0.376406 0.0012602)
(-0.157913 0.30481 0.00137845)
(-0.170543 0.240375 0.00148863)
(-0.18195 0.18263 0.00158818)
(-0.192123 0.131913 0.00167695)
(-0.200898 0.0875077 0.00175354)
(-0.208297 0.0494535 0.00181811)
(-0.21409 0.0169213 0.00186868)
(-0.218493 -0.0103331 0.00190712)
(-0.221175 -0.0330333 0.00193053)
(-0.222367 -0.0516148 0.00194095)
(-0.222005 -0.0666508 0.00193779)
(-0.220232 -0.0786017 0.00192233)
(-0.217134 -0.0879037 0.0018953)
(-0.212831 -0.0948963 0.00185775)
(-0.207426 -0.0999003 0.00181059)
(-0.201069 -0.103177 0.00175512)
(-0.193892 -0.104967 0.00169249)
(-0.186037 -0.105473 0.00162394)
(-0.177649 -0.104883 0.00155066)
(-0.00367281 1.27794 3.20869e-05)
(-0.0104604 1.29448 9.13966e-05)
(-0.017347 1.2438 0.00015159)
(-0.0286807 1.16039 0.000250626)
(-0.0389997 1.06328 0.000340551)
(-0.0520135 0.962133 0.000454153)
(-0.0639179 0.861194 0.000558046)
(-0.0775243 0.762768 0.000676818)
(-0.09095 0.667635 0.000794031)
(-0.10415 0.577215 0.000909239)
(-0.117928 0.491608 0.00102948)
(-0.130814 0.412181 0.00114191)
(-0.143246 0.338838 0.0012504)
(-0.154966 0.272453 0.00135266)
(-0.165758 0.212588 0.00144684)
(-0.175612 0.159683 0.00153283)
(-0.184312 0.11295 0.00160877)
(-0.191856 0.0725571 0.0016746)
(-0.197935 0.0376094 0.00172766)
(-0.202683 0.00796212 0.00176912)
(-0.205873 -0.0171033 0.00179697)
(-0.207623 -0.0379506 0.00181224)
(-0.207876 -0.0551231 0.00181446)
(-0.206741 -0.069048 0.00180457)
(-0.204302 -0.0801591 0.00178329)
(-0.200668 -0.0887885 0.00175158)
(-0.195937 -0.0952522 0.0017103)
(-0.190253 -0.0998107 0.0016607)
(-0.183743 -0.102709 0.0016039)
(-0.176548 -0.104158 0.00154111)
(-0.168808 -0.104355 0.00147348)
(-0.00325149 1.29966 2.84101e-05)
(-0.00939501 1.31851 8.20991e-05)
(-0.015784 1.27129 0.00013795)
(-0.0260422 1.19157 0.000227583)
(-0.0356927 1.0963 0.00031164)
(-0.0478738 0.996269 0.000417972)
(-0.0587129 0.895889 0.000512576)
(-0.0707132 0.797618 0.00061734)
(-0.0824862 0.702552 0.000720216)
(-0.0939551 0.611694 0.000820336)
(-0.10619 0.525329 0.000927115)
(-0.11788 0.444801 0.0010291)
(-0.12939 0.370123 0.00112953)
(-0.140534 0.3022 0.00122676)
(-0.150959 0.240618 0.00131772)
(-0.160658 0.185842 0.00140235)
(-0.169352 0.137104 0.00147822)
(-0.176972 0.0945963 0.00154472)
(-0.183337 0.0574645 0.00160027)
(-0.188419 0.0255958 0.00164463)
(-0.192034 -0.00167528 0.00167618)
(-0.194215 -0.0246702 0.00169522)
(-0.194944 -0.0438832 0.00170159)
(-0.194293 -0.0596997 0.00169592)
(-0.192364 -0.0725453 0.00167909)
(-0.189262 -0.0827491 0.00165202)
(-0.185085 -0.090621 0.00161557)
(-0.179967 -0.0964199 0.00157092)
(-0.174034 -0.100393 0.00151915)
(-0.16742 -0.102757 0.00146143)
(-0.160263 -0.10372 0.00139889)
(-0.00285097 1.31899 2.49133e-05)
(-0.00804902 1.34023 7.03474e-05)
(-0.0138784 1.29663 0.000121309)
(-0.0229949 1.22003 0.000200953)
(-0.0319782 1.12684 0.00027926)
(-0.0430489 1.02773 0.000375907)
(-0.0530092 0.926986 0.000462737)
(-0.0642576 0.828468 0.000560944)
(-0.0745608 0.733 0.000651039)
(-0.084596 0.641741 0.000738646)
(-0.0954842 0.555093 0.000833673)
(-0.106059 0.474052 0.000925936)
(-0.11674 0.398593 0.00101912)
(-0.127326 0.329614 0.00111148)
(-0.1374 0.266748 0.00119938)
(-0.146973 0.210404 0.00128291)
(-0.155675 0.159979 0.00135885)
(-0.16343 0.115561 0.00142652)
(-0.169995 0.0764623 0.00148381)
(-0.175276 0.0425319 0.0015299)
(-0.179209 0.013207 0.00156423)
(-0.181741 -0.0118179 0.00158634)
(-0.182877 -0.0329694 0.00159626)
(-0.182653 -0.0506011 0.00159431)
(-0.181164 -0.0651106 0.00158132)
(-0.17852 -0.0768267 0.00155825)
(-0.174817 -0.0860536 0.00152595)
(-0.170189 -0.0930474 0.00148557)
(-0.16476 -0.0980568 0.00143819)
(-0.15866 -0.101304 0.00138496)
(-0.152027 -0.103005 0.001327)
(-0.00254988 1.3351 2.22787e-05)
(-0.0068069 1.35841 5.95013e-05)
(-0.0119792 1.31836 0.000104711)
(-0.0195205 1.24493 0.000170583)
(-0.0277209 1.15454 0.000242129)
(-0.03767 1.05642 0.000328969)
(-0.0471276 0.955811 0.000411491)
(-0.0572908 0.856982 0.00050022)
(-0.0669507 0.76099 0.000584585)
(-0.076801 0.669381 0.00067059)
(-0.0868832 0.582572 0.000758584)
(-0.0969347 0.501239 0.000846287)
(-0.107089 0.425318 0.000934875)
(-0.117167 0.355566 0.00102281)
(-0.126872 0.291668 0.00110749)
(-0.136099 0.23397 0.001188)
(-0.144556 0.182016 0.0012618)
(-0.152102 0.135818 0.00132765)
(-0.158611 0.0948639 0.00138445)
(-0.163906 0.0589559 0.00143066)
(-0.167944 0.0276544 0.00146591)
(-0.17063 0.000669613 0.00148936)
(-0.171978 -0.022363 0.00150113)
(-0.172011 -0.0417609 0.00150142)
(-0.170814 -0.0578827 0.00149098)
(-0.168499 -0.0710574 0.00147078)
(-0.165163 -0.0815879 0.00144168)
(-0.160934 -0.0897296 0.00140478)
(-0.155931 -0.0957329 0.00136113)
(-0.150282 -0.099826 0.00131183)
(-0.144117 -0.102235 0.00125797)
(-0.00226023 1.34959 1.97466e-05)
(-0.00601723 1.37433 5.25996e-05)
(-0.0104206 1.33671 9.10933e-05)
(-0.0168224 1.26623 0.000147018)
(-0.0237471 1.17823 0.000207465)
(-0.0324716 1.08156 0.000283608)
(-0.0411868 0.981824 0.000359673)
(-0.0508632 0.88303 0.000444157)
(-0.0601653 0.786902 0.000525354)
(-0.0697327 0.695125 0.000608882)
(-0.0794206 0.608052 0.00069343)
(-0.0890786 0.526361 0.000777702)
(-0.0987932 0.450032 0.000862462)
(-0.108415 0.37955 0.000946416)
(-0.117725 0.314772 0.00102764)
(-0.126596 0.255862 0.00110505)
(-0.13478 0.202562 0.00117647)
(-0.142111 0.154774 0.00124044)
(-0.148464 0.112148 0.00129588)
(-0.15364 0.0744578 0.00134105)
(-0.157661 0.0413568 0.00137615)
(-0.160405 0.0125678 0.0014001)
(-0.161889 -0.0122167 0.00141306)
(-0.162114 -0.0332773 0.00141503)
(-0.161148 -0.0509319 0.00140661)
(-0.159098 -0.0654945 0.00138872)
(-0.156065 -0.0772665 0.00136226)
(-0.152172 -0.0865016 0.00132829)
(-0.147538 -0.093451 0.00128786)
(-0.142287 -0.0983488 0.00124204)
(-0.136546 -0.10143 0.00119188)
(-0.00212991 1.36219 1.86063e-05)
(-0.00542569 1.38819 4.7424e-05)
(-0.00963877 1.35275 8.42611e-05)
(-0.0151264 1.28432 0.000132215)
(-0.0211001 1.19886 0.000184366)
(-0.0288859 1.10399 0.000252322)
(-0.0368599 1.00551 0.00032192)
(-0.046007 0.90717 0.000401784)
(-0.0549789 0.811334 0.000480097)
(-0.0643312 0.71952 0.000561732)
(-0.0737838 0.63234 0.000644222)
(-0.0831595 0.55036 0.000726035)
(-0.0925601 0.473637 0.000808058)
(-0.101747 0.402477 0.000888216)
(-0.110621 0.336843 0.000965644)
(-0.119011 0.276789 0.00103885)
(-0.126753 0.222186 0.00110641)
(-0.133677 0.17289 0.00116682)
(-0.139729 0.128669 0.00121964)
(-0.1447 0.0892855 0.00126302)
(-0.148593 0.0544679 0.00129701)
(-0.151283 0.02396 0.00132048)
(-0.152777 -0.00249946 0.00133353)
(-0.153072 -0.025153 0.00133611)
(-0.15223 -0.044278 0.00132877)
(-0.150349 -0.0601658 0.00131236)
(-0.147537 -0.0731183 0.00128782)
(-0.143911 -0.0833902 0.00125619)
(-0.139588 -0.0912345 0.00121846)
(-0.134685 -0.0968919 0.00117569)
(-0.129326 -0.100607 0.00112886)
(-0.00189279 1.37443 1.65428e-05)
(-0.00487766 1.40158 4.26433e-05)
(-0.00888749 1.36786 7.76809e-05)
(-0.0141147 1.30089 0.000123376)
(-0.019296 1.21729 0.000168625)
(-0.0262296 1.12437 0.000229148)
(-0.0334531 1.02734 0.000292202)
(-0.0420595 0.929883 0.00036734)
(-0.0506675 0.834516 0.000442475)
(-0.0597487 0.742774 0.000521732)
(-0.0689564 0.6555 0.000602082)
(-0.0780575 0.573158 0.000681499)
(-0.0871308 0.495967 0.000760666)
(-0.0959183 0.424086 0.000837337)
(-0.104373 0.357586 0.000911101)
(-0.112332 0.296448 0.000980555)
(-0.119672 0.240613 0.0010446)
(-0.126232 0.189929 0.00110184)
(-0.131955 0.144221 0.00115179)
(-0.136647 0.103272 0.00119273)
(-0.140338 0.0668549 0.00122494)
(-0.142904 0.0347429 0.00124735)
(-0.144355 0.00671237 0.00126001)
(-0.144676 -0.0174422 0.00126282)
(-0.143914 -0.0379595 0.00125618)
(-0.142161 -0.0551014 0.00124088)
(-0.139525 -0.0691678 0.00121789)
(-0.136123 -0.0804153 0.00118821)
(-0.132071 -0.0890997 0.00115285)
(-0.127481 -0.0954687 0.0011128)
(-0.12247 -0.0997759 0.00106901)
(-0.00166904 1.38445 1.45859e-05)
(-0.00418577 1.41331 3.66063e-05)
(-0.00838601 1.38184 7.33156e-05)
(-0.013484 1.31604 0.000117868)
(-0.0186668 1.23382 0.000163134)
(-0.0249985 1.14259 0.000218414)
(-0.031654 1.04715 0.000276501)
(-0.0397107 0.950883 0.000346838)
(-0.0479172 0.856266 0.000418465)
(-0.0566625 0.764811 0.000494792)
(-0.0655766 0.67753 0.000572579)
(-0.0743373 0.594863 0.000649023)
(-0.0830287 0.517177 0.000724858)
(-0.0913771 0.444569 0.000797697)
(-0.0993635 0.37719 0.000867379)
(-0.106839 0.315001 0.000932609)
(-0.113708 0.257977 0.000992541)
(-0.119828 0.205988 0.00104594)
(-0.125181 0.15888 0.00109266)
(-0.129579 0.11647 0.00113104)
(-0.133029 0.0785528 0.00116115)
(-0.135415 0.0449365 0.00118198)
(-0.136744 0.0154268 0.00119359)
(-0.137007 -0.0101462 0.00119589)
(-0.136251 -0.0319826 0.00118929)
(-0.134559 -0.0503114 0.00117453)
(-0.132043 -0.065426 0.00115258)
(-0.128819 -0.0775876 0.00112445)
(-0.124997 -0.0870558 0.0010911)
(-0.120686 -0.0940865 0.00105349)
(-0.115995 -0.0989439 0.0010125)
(-0.00154468 1.39373 1.34994e-05)
(-0.00366441 1.42466 3.20528e-05)
(-0.00748823 1.39638 6.54819e-05)
(-0.0125853 1.33209 0.000110023)
(-0.0177794 1.25065 0.000155386)
(-0.0236544 1.16051 0.000206684)
(-0.0298452 1.06646 0.000260709)
(-0.0373977 0.97134 0.000326646)
(-0.0451615 0.87752 0.000394402)
(-0.0535185 0.786362 0.000467338)
(-0.0620747 0.699006 0.000542001)
(-0.0704863 0.615926 0.000615398)
(-0.0788051 0.53764 0.000687985)
(-0.0867884 0.464247 0.000757642)
(-0.0943935 0.395944 0.000823997)
(-0.101516 0.332706 0.000886147)
(-0.10804 0.274507 0.000943063)
(-0.113856 0.221254 0.000993816)
(-0.11891 0.172792 0.00103792)
(-0.123029 0.128979 0.00107387)
(-0.126249 0.0896239 0.00110198)
(-0.128456 0.054571 0.00112123)
(-0.129664 0.0236536 0.00113178)
(-0.129865 -0.00326561 0.00113354)
(-0.129104 -0.0263506 0.00112691)
(-0.12746 -0.0458013 0.00111257)
(-0.125044 -0.0618987 0.00109149)
(-0.121977 -0.0749117 0.00106472)
(-0.118364 -0.0851064 0.0010332)
(-0.114311 -0.0927486 0.000997837)
(-0.109918 -0.0981136 0.000959458)
(-0.0016249 1.40173 1.41999e-05)
(-0.00356947 1.43368 3.12239e-05)
(-0.00726966 1.40838 6.35793e-05)
(-0.0122828 1.3462 0.000107381)
(-0.0177391 1.26557 0.00015503)
(-0.0235305 1.17631 0.000205601)
(-0.0294956 1.08361 0.00025765)
(-0.0364956 0.98965 0.000318762)
(-0.0437689 0.896711 0.000382259)
(-0.0515709 0.806 0.000450358)
(-0.0596088 0.718719 0.000520501)
(-0.0675208 0.635399 0.000589537)
(-0.0753557 0.55666 0.000657898)
(-0.0829313 0.482625 0.000723997)
(-0.0901316 0.413526 0.000786817)
(-0.0969018 0.349352 0.000845887)
(-0.103083 0.290086 0.00089982)
(-0.108582 0.235656 0.000947796)
(-0.113362 0.185924 0.00098951)
(-0.117238 0.140776 0.00102333)
(-0.120235 0.100053 0.00104949)
(-0.12224 0.063632 0.00106699)
(-0.123282 0.03138 0.00107609)
(-0.123367 0.00318954 0.00107683)
(-0.122549 -0.0210707 0.00106969)
(-0.120909 -0.0415744 0.00105539)
(-0.11856 -0.0585871 0.00103489)
(-0.115621 -0.0723876 0.00100924)
(-0.112194 -0.0832512 0.000979344)
(-0.108378 -0.0914546 0.000946047)
(-0.104264 -0.0972851 0.000910108)
(-0.00144072 1.41115 1.25927e-05)
(-0.00305541 1.4443 2.67298e-05)
(-0.00649829 1.4223 5.68429e-05)
(-0.011474 1.36247 0.000100325)
(-0.0171749 1.28267 0.000150063)
(-0.0228925 1.19392 0.00019999)
(-0.0287768 1.10186 0.000251374)
(-0.0353098 1.00867 0.000308407)
(-0.0420588 0.916386 0.00036734)
(-0.0493119 0.825908 0.000430648)
(-0.0568661 0.738519 0.000496569)
(-0.0643622 0.654828 0.000561976)
(-0.0718264 0.575522 0.000627101)
(-0.0791205 0.500745 0.000690744)
(-0.0860414 0.430771 0.000751124)
(-0.0925862 0.365574 0.000808226)
(-0.0985309 0.30519 0.00086009)
(-0.10381 0.249528 0.00090615)
(-0.108344 0.198504 0.000945711)
(-0.11196 0.152011 0.000977266)
(-0.114716 0.109934 0.00100132)
(-0.116508 0.0721773 0.00101695)
(-0.117381 0.0386414 0.00102457)
(-0.117351 0.00924221 0.00102432)
(-0.11648 -0.0161269 0.00101672)
(-0.114847 -0.0376177 0.00100247)
(-0.112563 -0.0554803 0.00098254)
(-0.109747 -0.0700059 0.000957973)
(-0.1065 -0.0814823 0.000929634)
(-0.10291 -0.0901983 0.000898312)
(-0.0990608 -0.0964544 0.000864688)
(-0.00141339 1.41685 1.23503e-05)
(-0.00285834 1.45098 2.50054e-05)
(-0.00625978 1.43265 5.47397e-05)
(-0.0112723 1.37581 9.85279e-05)
(-0.0176975 1.29733 0.000154609)
(-0.0240587 1.20892 0.000210145)
(-0.0304449 1.11704 0.000265904)
(-0.0366488 1.02436 0.000320066)
(-0.0431128 0.932701 0.000376532)
(-0.0497176 0.842682 0.000434187)
(-0.0566456 0.755497 0.000494642)
(-0.063541 0.671813 0.000554806)
(-0.0704645 0.592295 0.000615212)
(-0.0772669 0.517109 0.000674565)
(-0.0837196 0.446532 0.000730858)
(-0.0898284 0.380541 0.000784155)
(-0.0953432 0.319216 0.000832267)
(-0.100206 0.262461 0.000874694)
(-0.104351 0.210258 0.000910858)
(-0.107615 0.162505 0.000939341)
(-0.110041 0.119156 0.000960508)
(-0.111543 0.0801395 0.000973618)
(-0.112176 0.0453988 0.000979147)
(-0.111973 0.0148728 0.00097738)
(-0.111004 -0.0115231 0.00096892)
(-0.109347 -0.0339228 0.000954462)
(-0.107108 -0.0525645 0.000934931)
(-0.104403 -0.0677519 0.000911325)
(-0.101323 -0.0797863 0.000884446)
(-0.0979472 -0.0889695 0.000854991)
(-0.0943484 -0.0956147 0.000823556)
(-0.00124424 1.42561 1.08712e-05)
(-0.00234162 1.46084 2.049e-05)
(-0.00503413 1.44634 4.40251e-05)
(-0.00947183 1.39362 8.27898e-05)
(-0.0158309 1.31737 0.000138308)
(-0.0225041 1.22947 0.000196562)
(-0.0293554 1.13733 0.000256371)
(-0.0358098 1.04424 0.00031273)
(-0.0422714 0.952265 0.000369189)
(-0.0485717 0.862051 0.00042418)
(-0.0552026 0.774616 0.000482035)
(-0.0617986 0.690536 0.000539587)
(-0.0684516 0.610433 0.000597635)
(-0.0749993 0.534478 0.000654765)
(-0.0811928 0.462968 0.000708799)
(-0.087042 0.395885 0.00075983)
(-0.0922768 0.33337 0.000805499)
(-0.0968487 0.275321 0.000845389)
(-0.100671 0.221788 0.00087874)
(-0.103611 0.172683 0.000904389)
(-0.105728 0.128011 0.000922868)
(-0.106967 0.0877268 0.000933676)
(-0.107392 0.0518029 0.000937384)
(-0.107048 0.0201949 0.000934391)
(-0.106012 -0.00717081 0.000925348)
(-0.104362 -0.0304345 0.000910947)
(-0.102193 -0.049804 0.000892024)
(-0.0996118 -0.0656007 0.000869499)
(-0.0967029 -0.078145 0.000844116)
(-0.093537 -0.0877548 0.000816492)
(-0.0901764 -0.0947572 0.00078714)
(-0.0012724 1.4291 1.11163e-05)
(-0.0024777 1.46413 2.16736e-05)
(-0.00521789 1.45251 4.56194e-05)
(-0.00948151 1.40371 8.28605e-05)
(-0.0159726 1.33045 0.000139535)
(-0.0230655 1.24384 0.000201464)
(-0.0305703 1.15182 0.000266971)
(-0.0375141 1.05849 0.000327598)
(-0.04427 0.966299 0.000386631)
(-0.0505687 0.876074 0.000441597)
(-0.0569611 0.788769 0.000497367)
(-0.0631573 0.704757 0.000551431)
(-0.0693221 0.624578 0.00060522)
(-0.0753145 0.548358 0.000657505)
(-0.0809269 0.476385 0.000706469)
(-0.0861767 0.408647 0.000752272)
(-0.0908188 0.34532 0.00079277)
(-0.094816 0.28632 0.000827642)
(-0.0981031 0.231751 0.000856322)
(-0.100579 0.181557 0.000877928)
(-0.10228 0.135792 0.000892768)
(-0.103177 0.0944429 0.000900599)
(-0.103335 0.057514 0.000901973)
(-0.102811 0.024979 0.000897399)
(-0.101696 -0.00323623 0.00088767)
(-0.100045 -0.0272087 0.000873266)
(-0.0979324 -0.0472031 0.000854832)
(-0.0954674 -0.0635355 0.000833321)
(-0.0927228 -0.0765385 0.000809372)
(-0.0897555 -0.0865394 0.000783481)
(-0.086616 -0.0938744 0.000756062)
(-0.00113218 1.43838 9.89292e-06)
(-0.00207599 1.47472 1.81674e-05)
(-0.0042643 1.46646 3.72819e-05)
(-0.00790434 1.42207 6.90862e-05)
(-0.0136493 1.35235 0.000119255)
(-0.0203877 1.26776 0.000178105)
(-0.0278054 1.17612 0.000242844)
(-0.0349407 1.08227 0.000305126)
(-0.0418997 0.989267 0.000365929)
(-0.0484177 0.898157 0.000422803)
(-0.0549191 0.810023 0.00047952)
(-0.0611823 0.725147 0.000534172)
(-0.0673351 0.643971 0.000587859)
(-0.073264 0.566644 0.000639593)
(-0.078759 0.493405 0.000687538)
(-0.0838389 0.424301 0.000731862)
(-0.0882743 0.359512 0.000770558)
(-0.0920396 0.299014 0.000803409)
(-0.0950633 0.242945 0.00082979)
(-0.0972876 0.191292 0.000849197)
(-0.0987628 0.144146 0.00086207)
(-0.0994938 0.101526 0.000868448)
(-0.0995472 0.0634567 0.000868916)
(-0.0989947 0.0299196 0.000864096)
(-0.0978737 0.000859159 0.000854313)
(-0.0962859 -0.0239472 0.000840458)
(-0.0943211 -0.0446174 0.000823314)
(-0.0920224 -0.0615003 0.000803253)
(-0.0894628 -0.0749552 0.000780916)
(-0.0866921 -0.0853318 0.000756739)
(-0.0837556 -0.0929818 0.000731096)
(-0.0011891 1.4401 1.0387e-05)
(-0.00212838 1.47527 1.86122e-05)
(-0.00467723 1.46881 4.08919e-05)
(-0.00848345 1.42737 7.41428e-05)
(-0.0146579 1.36062 0.00012808)
(-0.02181 1.27794 0.000190548)
(-0.029864 1.18698 0.000260828)
(-0.0375405 1.09301 0.000327819)
(-0.0449285 0.999621 0.000392355)
(-0.0517089 0.908236 0.000451514)
(-0.058113 0.819962 0.000507379)
(-0.0641303 0.735016 0.000559883)
(-0.0698372 0.653732 0.000609681)
(-0.0751897 0.576206 0.000656387)
(-0.0800543 0.50264 0.000698832)
(-0.0844433 0.433096 0.000737124)
(-0.0882025 0.367753 0.000769919)
(-0.091317 0.306626 0.000797089)
(-0.0937616 0.249872 0.000818416)
(-0.0955132 0.197519 0.000833698)
(-0.0965988 0.149675 0.00084317)
(-0.0970431 0.106384 0.000847048)
(-0.0968996 0.0676788 0.000845795)
(-0.0962138 0.0335512 0.000839809)
(-0.0951263 0.00390478 0.000830322)
(-0.0936217 -0.0212978 0.000817196)
(-0.0917053 -0.0423458 0.000800471)
(-0.0895132 -0.0595816 0.000781341)
(-0.0870891 -0.0733669 0.000760187)
(-0.0844711 -0.0840477 0.000737342)
(-0.0816943 -0.0919744 0.0007131)
(-0.000852599 1.44982 7.44356e-06)
(-0.00208249 1.48696 1.82061e-05)
(-0.00436851 1.48483 3.82024e-05)
(-0.00777087 1.44852 6.79478e-05)
(-0.0126337 1.38652 0.000110401)
(-0.0184462 1.30707 0.000161145)
(-0.0250655 1.21774 0.000218908)
(-0.0318255 1.12374 0.000277912)
(-0.0386593 1.02983 0.000337618)
(-0.0452879 0.937202 0.000395446)
(-0.0517706 0.84771 0.000451994)
(-0.0580027 0.761397 0.000506372)
(-0.0639527 0.678608 0.000558297)
(-0.0695787 0.599469 0.000607395)
(-0.074713 0.52413 0.000652199)
(-0.0793709 0.452745 0.000692842)
(-0.0834018 0.385483 0.000728013)
(-0.0868065 0.322453 0.000757718)
(-0.0895248 0.263834 0.000781436)
(-0.0915614 0.209714 0.000799208)
(-0.0929538 0.160218 0.000811361)
(-0.0937313 0.115414 0.000818149)
(-0.0939304 0.0753411 0.00081989)
(-0.0936266 0.0399889 0.000817247)
(-0.092705 0.00929171 0.000809204)
(-0.0913301 -0.0169152 0.000797201)
(-0.0897242 -0.0388398 0.000783189)
(-0.0877873 -0.056811 0.000766291)
(-0.085576 -0.0712094 0.000746994)
(-0.0831337 -0.0824039 0.000725681)
(-0.0805058 -0.0907606 0.000702742)
(-0.0610163 -41.8852 -0.00047933)
(-0.0663486 -44.6296 -0.000539606)
(0.446622 -46.6657 0.00392227)
(1.77724 -34.3717 0.0155444)
(2.71982 -8.95551 0.0237367)
(-0.197726 -42.0029 -0.00167504)
(-0.0145502 -45.4423 -9.78349e-05)
(0.625216 -49.0168 0.00547512)
(2.59834 -39.4773 0.022705)
(3.76918 -17.2371 0.0329063)
(-0.0878331 -42.177 -0.000719055)
(0.294176 -46.4786 0.00259084)
(0.651814 -51.2605 0.00570092)
(0.446578 -42.2406 0.00391052)
(1.29057 -21.2652 0.0112872)
(-0.313583 -42.5883 -0.00270316)
(0.753395 -47.6033 0.00659061)
(0.335078 -51.3367 0.00292988)
(0.36256 -41.0956 0.00316949)
(0.411531 -18.3403 0.00362692)
(-0.422265 -43.0112 -0.00368031)
(0.811555 -48.645 0.00708971)
(-0.0175674 -51.0116 -0.000150836)
(0.410245 -41.4352 0.00358818)
(0.544395 -18.1129 0.00476897)
(-0.36895 -43.272 -0.00320457)
(0.722536 -49.4606 0.00631031)
(0.107051 -51.1732 0.000933251)
(0.597268 -42.4087 0.00522151)
(0.829685 -17.6624 0.00726124)
(-0.215908 -43.471 -0.00188096)
(0.553956 -50.3413 0.00483649)
(0.445648 -51.7533 0.00388492)
(0.769769 -42.8965 0.00672586)
(0.686161 -16.3614 0.00601608)
(-0.140601 -43.9019 -0.00122484)
(0.520996 -51.4431 0.00454486)
(0.33799 -52.5802 0.00294412)
(0.965295 -43.128 0.00842831)
(0.25488 -15.545 0.0022529)
(-0.00996954 -44.3581 -0.000110616)
(0.299531 -52.1207 0.0026065)
(0.22489 -53.4214 0.00196208)
(1.08562 -43.3503 0.00947574)
(0.0954684 -14.7044 0.000855934)
(0.122451 -44.6804 0.00104846)
(0.00874872 -52.3396 6.71395e-05)
(0.500913 -54.6513 0.00437399)
(0.833198 -43.5917 0.00726991)
(0.159474 -13.8394 0.0014056)
(0.203641 -44.9558 0.00175882)
(-0.0874722 -52.8029 -0.000769141)
(0.984426 -55.9471 0.00859106)
(-0.00112348 -43.1596 -1.1344e-05)
(0.236596 -13.3241 0.00207355)
(0.116891 -45.285 0.00103149)
(0.0902329 -53.7769 0.000783082)
(0.782762 -56.0961 0.00682641)
(-0.816876 -42.2896 -0.00712816)
(0.543889 -13.5302 0.00475458)
(-0.0612695 -45.6059 -0.000539856)
(0.223303 -54.5936 0.00194261)
(-0.138416 -54.9428 -0.00121415)
(-0.926049 -42.4669 -0.00807948)
(1.11351 -13.7872 0.00973154)
(-0.0917276 -45.5028 -0.000799948)
(0.356461 -54.2188 0.0031072)
(-1.2322 -53.4141 -0.0107588)
(-0.322012 -44.0812 -0.00280991)
(0.854838 -13.2031 0.00746653)
(-0.140331 -45.9963 -0.00121726)
(-0.418578 -52.9537 -0.0036557)
(-2.25287 -52.7666 -0.019664)
(-0.639748 -46.0195 -0.00558739)
(-0.362704 -14.0872 -0.00316577)
(-0.197291 -43.7181 -0.00171562)
(-1.27792 -48.3672 -0.0111532)
(-3.22503 -50.163 -0.0281443)
(-2.88598 -44.7983 -0.0251894)
(-3.25323 -11.5943 -0.0284822)
(-1.0341 -41.7121 -0.00902221)
(-3.29884 -44.3771 -0.0287893)
(-5.60501 -47.3586 -0.0489161)
(-7.01909 -46.2215 -0.0612646)
(-9.32508 -30.5849 -0.0814482)
(-2.34965 -29.5925 -0.0205075)
(-5.93819 -31.2889 -0.0518246)
(-10.4235 -32.5839 -0.0909666)
(-16.795 -30.6522 -0.146571)
(-22.6998 -21.158 -0.198068)
(-18.6583 -2.17459 -0.162911)
(-11.1187 -3.35947 -0.0970608)
(-8.35239 -1.63751 -0.0728888)
(-5.61679 -1.09956 -0.0490221)
(-4.27259 -0.683799 -0.0372872)
(-3.09314 -0.446964 -0.0269953)
(-2.3844 -0.293873 -0.020809)
(-1.80818 -0.197419 -0.0157808)
(-1.41385 -0.133682 -0.0123392)
(-1.10366 -0.0918211 -0.00963231)
(-0.875918 -0.0636274 -0.00764462)
(-0.697536 -0.0443267 -0.00608781)
(-0.56217 -0.0309561 -0.00490645)
(-0.454983 -0.021846 -0.00397099)
(-0.372211 -0.0155351 -0.00324861)
(-0.305792 -0.0110372 -0.00266895)
(-0.253551 -0.00795742 -0.00221302)
(-0.211353 -0.0057738 -0.00184474)
(-0.17737 -0.00425936 -0.00154814)
(-0.149646 -0.00318359 -0.00130619)
(-0.126938 -0.00240517 -0.00110798)
(-0.108159 -0.00183249 -0.000944071)
(-0.0925682 -0.00141179 -0.000807994)
(-0.0795183 -0.00109893 -0.000694078)
(-0.0685275 -0.000868229 -0.000598111)
(-0.0592048 -0.000697836 -0.000516854)
(-1.47911 -14.5168 -0.0129099)
(-3.45935 -15.3391 -0.0301931)
(-6.05807 -14.5699 -0.0528705)
(-9.12071 -14.6257 -0.0795993)
(-11.6845 -13.4433 -0.101979)
(-10.1491 -7.65571 -0.0885865)
(-7.29433 -5.03192 -0.0636727)
(-6.55274 -3.05219 -0.0571957)
(-4.99841 -2.13764 -0.0436325)
(-4.25596 -1.42482 -0.0371498)
(-3.40938 -1.03076 -0.0297614)
(-2.85276 -0.734991 -0.0249019)
(-2.34613 -0.545057 -0.02048)
(-1.96311 -0.404174 -0.0171365)
(-1.63801 -0.305469 -0.0142987)
(-1.37819 -0.231596 -0.0120306)
(-1.16084 -0.177154 -0.0101334)
(-0.982933 -0.136034 -0.00858038)
(-0.833528 -0.105188 -0.00727617)
(-0.71033 -0.0815459 -0.00620075)
(-0.606137 -0.0635452 -0.00529122)
(-0.519401 -0.0497501 -0.00453407)
(-0.446029 -0.0391617 -0.00389358)
(-0.384232 -0.0310172 -0.00335413)
(-0.331856 -0.0247158 -0.00289694)
(-0.287408 -0.0198089 -0.00250892)
(-0.249484 -0.015969 -0.00217785)
(-0.217064 -0.0129528 -0.00189485)
(-0.189218 -0.0105748 -0.00165174)
(-0.16522 -0.00869519 -0.00144222)
(-0.14446 -0.00720056 -0.00126118)
(-0.737775 -13.1579 -0.00643985)
(-1.93344 -14.0001 -0.0168755)
(-3.09309 -13.1678 -0.0269951)
(-4.09462 -11.0543 -0.0357352)
(-5.69765 -8.08846 -0.049726)
(-5.98727 -5.0364 -0.0522567)
(-5.38776 -4.19043 -0.0470257)
(-4.87573 -2.85935 -0.0425569)
(-4.13986 -2.23859 -0.0361352)
(-3.61533 -1.62418 -0.031557)
(-3.0676 -1.25146 -0.0267765)
(-2.65213 -0.943685 -0.0231499)
(-2.27107 -0.73132 -0.019824)
(-1.96336 -0.565826 -0.0171381)
(-1.69429 -0.443955 -0.0147895)
(-1.46969 -0.349725 -0.012829)
(-1.2753 -0.277769 -0.0111321)
(-1.11012 -0.221531 -0.00969033)
(-0.966869 -0.17767 -0.00843988)
(-0.844511 -0.142939 -0.00737184)
(-0.73776 -0.115455 -0.00644003)
(-0.646 -0.0935612 -0.00563905)
(-0.566066 -0.0760938 -0.00494131)
(-0.49679 -0.062116 -0.00433659)
(-0.436489 -0.0508984 -0.00381024)
(-0.383999 -0.0418656 -0.00335204)
(-0.338156 -0.0345765 -0.00295186)
(-0.298093 -0.0286806 -0.00260214)
(-0.262979 -0.0239011 -0.0022956)
(-0.232145 -0.0200174 -0.00202643)
(-0.205009 -0.0168492 -0.00178973)
(-0.676768 -5.78426 -0.00590707)
(-1.7619 -6.39767 -0.0153781)
(-2.89778 -6.58459 -0.0252911)
(-3.75086 -6.37693 -0.0327364)
(-4.23276 -5.75893 -0.0369429)
(-4.03317 -4.53313 -0.0352025)
(-3.7565 -3.67948 -0.0327873)
(-3.52883 -2.80253 -0.0307999)
(-3.15028 -2.21963 -0.0274965)
(-2.87219 -1.70241 -0.0250696)
(-2.54367 -1.34296 -0.0222026)
(-2.27793 -1.0489 -0.019883)
(-2.01664 -0.833447 -0.0176027)
(-1.79339 -0.662536 -0.0156541)
(-1.5889 -0.532232 -0.0138692)
(-1.41111 -0.429344 -0.0123173)
(-1.25181 -0.348887 -0.0109269)
(-1.11224 -0.284614 -0.00970863)
(-0.987735 -0.233371 -0.00862184)
(-0.878618 -0.191977 -0.0076694)
(-0.781043 -0.158501 -0.0068177)
(-0.695205 -0.131242 -0.00606845)
(-0.618734 -0.109007 -0.00540095)
(-0.551014 -0.0908049 -0.00480983)
(-0.490829 -0.0758706 -0.00428451)
(-0.437382 -0.0635829 -0.00381796)
(-0.389808 -0.0534575 -0.00340268)
(-0.347471 -0.0450981 -0.00303313)
(-0.309725 -0.0381864 -0.00270362)
(-0.276039 -0.0324606 -0.00240958)
(-0.245941 -0.0277039 -0.00214701)
(-0.282537 -5.15769 -0.00246605)
(-0.720446 -5.57678 -0.00628811)
(-1.27381 -5.4667 -0.0111179)
(-1.74976 -4.91501 -0.0152714)
(-2.25832 -4.18105 -0.0197095)
(-2.49521 -3.383 -0.0217779)
(-2.5766 -2.86611 -0.0224884)
(-2.55565 -2.29983 -0.0223053)
(-2.4316 -1.9129 -0.0212228)
(-2.29314 -1.5419 -0.0200148)
(-2.11116 -1.26718 -0.0184269)
(-1.94045 -1.02915 -0.0169369)
(-1.76378 -0.84451 -0.0153951)
(-1.60209 -0.691515 -0.013984)
(-1.44813 -0.569744 -0.0126402)
(-1.3091 -0.470421 -0.0114266)
(-1.18079 -0.390415 -0.0103067)
(-1.06549 -0.324821 -0.00930034)
(-0.960177 -0.271322 -0.00838112)
(-0.866077 -0.227222 -0.00755978)
(-0.78022 -0.190861 -0.00681039)
(-0.703365 -0.160705 -0.00613956)
(-0.633674 -0.135669 -0.00553127)
(-0.57092 -0.114814 -0.00498351)
(-0.514228 -0.0974143 -0.00448868)
(-0.463077 -0.0828617 -0.00404219)
(-0.41684 -0.0706763 -0.0036386)
(-0.375078 -0.0604563 -0.00327407)
(-0.337306 -0.0518746 -0.00294435)
(-0.303131 -0.0446564 -0.00264605)
(-0.272194 -0.0385715 -0.00237614)
(-0.265411 -2.49196 -0.00231608)
(-0.700645 -2.79527 -0.0061145)
(-1.17315 -3.00521 -0.0102392)
(-1.54482 -2.99351 -0.0134828)
(-1.8128 -2.83599 -0.0158216)
(-1.92363 -2.53192 -0.0167895)
(-1.97453 -2.241 -0.0172338)
(-1.97131 -1.91447 -0.0172053)
(-1.91348 -1.64434 -0.0167004)
(-1.84224 -1.38121 -0.016079)
(-1.73803 -1.16689 -0.0151698)
(-1.63303 -0.976341 -0.0142534)
(-1.51747 -0.820609 -0.0132449)
(-1.40561 -0.687857 -0.0122687)
(-1.29395 -0.578486 -0.0112942)
(-1.18914 -0.486939 -0.0103794)
(-1.08893 -0.411356 -0.00950472)
(-0.996357 -0.34795 -0.00869677)
(-0.909476 -0.295213 -0.00793845)
(-0.830279 -0.250934 -0.0072472)
(-0.756485 -0.21382 -0.00660312)
(-0.689327 -0.182549 -0.00601694)
(-0.627406 -0.156203 -0.00547648)
(-0.570803 -0.13394 -0.00498242)
(-0.518924 -0.115109 -0.00452961)
(-0.471464 -0.099147 -0.00411535)
(-0.427989 -0.0856051 -0.00373588)
(-0.388215 -0.0740996 -0.0033887)
(-0.351794 -0.0643144 -0.00307078)
(-0.318446 -0.0559789 -0.0027797)
(-0.287911 -0.0488647 -0.00251331)
(-0.135554 -1.99399 -0.00118304)
(-0.347066 -2.18346 -0.00302894)
(-0.615062 -2.3011 -0.0053676)
(-0.866003 -2.25836 -0.00755761)
(-1.09784 -2.12361 -0.00958175)
(-1.26784 -1.91751 -0.0110655)
(-1.38658 -1.72809 -0.0121019)
(-1.45192 -1.5175 -0.0126719)
(-1.4724 -1.3425 -0.0128503)
(-1.46312 -1.16583 -0.0127698)
(-1.42209 -1.01592 -0.0124119)
(-1.36764 -0.876562 -0.0119368)
(-1.2987 -0.757278 -0.0113352)
(-1.2253 -0.651233 -0.0106947)
(-1.147 -0.560307 -0.0100114)
(-1.06995 -0.481443 -0.00933893)
(-0.993182 -0.414336 -0.00866885)
(-0.920143 -0.356377 -0.00803141)
(-0.849578 -0.307042 -0.0074155)
(-0.783948 -0.264694 -0.0068427)
(-0.721436 -0.22856 -0.0062971)
(-0.663598 -0.197601 -0.00579228)
(-0.609381 -0.171138 -0.00531908)
(-0.559099 -0.148468 -0.00488021)
(-0.512381 -0.129051 -0.00447245)
(-0.469096 -0.112392 -0.00409463)
(-0.428962 -0.0980946 -0.00374433)
(-0.391818 -0.0858081 -0.00342012)
(-0.357427 -0.0752412 -0.00311993)
(-0.325603 -0.0661393 -0.00284215)
(-0.296164 -0.0582853 -0.00258533)
(-0.124355 -0.90745 -0.00108533)
(-0.312714 -1.0531 -0.00272926)
(-0.531868 -1.22444 -0.00464187)
(-0.736491 -1.31968 -0.0064276)
(-0.907435 -1.34515 -0.00792018)
(-1.03341 -1.30871 -0.00901957)
(-1.12247 -1.25017 -0.00979704)
(-1.17301 -1.15888 -0.0102378)
(-1.19654 -1.06864 -0.0104425)
(-1.19903 -0.964577 -0.0104646)
(-1.18047 -0.867035 -0.0103028)
(-1.15098 -0.770001 -0.0100456)
(-1.10963 -0.681912 -0.00968478)
(-1.06263 -0.600016 -0.00927469)
(-1.00923 -0.527052 -0.00880875)
(-0.954534 -0.461513 -0.00833137)
(-0.897526 -0.404195 -0.00783381)
(-0.841593 -0.353234 -0.00734568)
(-0.785652 -0.308888 -0.00685743)
(-0.732412 -0.269958 -0.00639278)
(-0.680403 -0.23613 -0.00593887)
(-0.631376 -0.206639 -0.00551097)
(-0.584575 -0.181045 -0.00510249)
(-0.540487 -0.158809 -0.0047177)
(-0.498935 -0.139517 -0.00435504)
(-0.459933 -0.122764 -0.00401461)
(-0.423332 -0.108221 -0.00369515)
(-0.389078 -0.0955871 -0.00339617)
(-0.357027 -0.0846055 -0.00311641)
(-0.327073 -0.0750475 -0.00285496)
(-0.299103 -0.0667152 -0.00261095)
(-0.0767602 -0.554872 -0.000669952)
(-0.192215 -0.66142 -0.00167754)
(-0.332094 -0.791612 -0.00289821)
(-0.478631 -0.877769 -0.00417697)
(-0.612143 -0.924097 -0.00534276)
(-0.726664 -0.927892 -0.00634212)
(-0.820317 -0.917981 -0.00715983)
(-0.885436 -0.879556 -0.00772787)
(-0.930595 -0.837208 -0.0081211)
(-0.955186 -0.77852 -0.00833603)
(-0.962536 -0.719 -0.00840037)
(-0.957842 -0.655572 -0.00835957)
(-0.94101 -0.595068 -0.00821281)
(-0.916617 -0.535929 -0.00800009)
(-0.883994 -0.481103 -0.00771546)
(-0.847815 -0.429737 -0.00739975)
(-0.80728 -0.38335 -0.00704599)
(-0.765741 -0.340679 -0.0066835)
(-0.722396 -0.302536 -0.00630522)
(-0.679998 -0.268176 -0.00593521)
(-0.637346 -0.237669 -0.00556297)
(-0.596285 -0.210543 -0.00520462)
(-0.556297 -0.186594 -0.00485562)
(-0.517994 -0.165462 -0.00452132)
(-0.481354 -0.146871 -0.00420154)
(-0.446504 -0.13052 -0.00389736)
(-0.413402 -0.116158 -0.00360845)
(-0.38208 -0.103542 -0.00333506)
(-0.352471 -0.092459 -0.00307662)
(-0.324533 -0.0827136 -0.00283277)
(-0.298214 -0.0741324 -0.00260316)
(-0.0649841 -0.0215923 -0.000567041)
(-0.161835 -0.108714 -0.00141215)
(-0.272691 -0.246142 -0.00237968)
(-0.38523 -0.370828 -0.00336167)
(-0.487956 -0.469044 -0.00425781)
(-0.580758 -0.53641 -0.0050679)
(-0.657741 -0.588629 -0.00574085)
(-0.714376 -0.610208 -0.0062349)
(-0.75908 -0.619094 -0.00662424)
(-0.787886 -0.602442 -0.0068759)
(-0.803405 -0.576639 -0.00701148)
(-0.809269 -0.542231 -0.0070628)
(-0.804915 -0.505644 -0.0070249)
(-0.793905 -0.466675 -0.00692897)
(-0.775009 -0.428485 -0.00676414)
(-0.752161 -0.390662 -0.00656478)
(-0.724308 -0.355142 -0.00632171)
(-0.694389 -0.321153 -0.00606065)
(-0.661527 -0.289783 -0.00577388)
(-0.628397 -0.260684 -0.00548476)
(-0.593946 -0.234181 -0.00518411)
(-0.560015 -0.210078 -0.00488799)
(-0.526238 -0.188371 -0.0045932)
(-0.493293 -0.168878 -0.00430568)
(-0.461266 -0.151459 -0.00402616)
(-0.430369 -0.135922 -0.00375649)
(-0.400644 -0.122099 -0.00349706)
(-0.372195 -0.109811 -0.00324876)
(-0.345022 -0.0988968 -0.00301157)
(-0.319138 -0.089196 -0.00278565)
(-0.294538 -0.0805656 -0.00257107)
(-0.0397055 0.193116 -0.000346447)
(-0.0997584 0.119531 -0.00087036)
(-0.172025 -0.00674837 -0.00150086)
(-0.250923 -0.123864 -0.00218934)
(-0.331296 -0.221827 -0.00289079)
(-0.405011 -0.298803 -0.00353396)
(-0.475405 -0.362218 -0.00414828)
(-0.536267 -0.405071 -0.00467964)
(-0.589008 -0.43769 -0.00513985)
(-0.629444 -0.446304 -0.00549295)
(-0.658942 -0.444603 -0.00575056)
(-0.677939 -0.432559 -0.00591651)
(-0.686327 -0.415978 -0.00598982)
(-0.687523 -0.39463 -0.0060004)
(-0.680193 -0.371578 -0.00593653)
(-0.668011 -0.346565 -0.00583027)
(-0.650183 -0.321658 -0.00567469)
(-0.629409 -0.29642 -0.00549345)
(-0.605015 -0.272096 -0.00528057)
(-0.579534 -0.248654 -0.00505822)
(-0.551995 -0.226602 -0.0048179)
(-0.524202 -0.205979 -0.00457535)
(-0.495874 -0.186954 -0.00432813)
(-0.467719 -0.169508 -0.00408242)
(-0.439888 -0.153632 -0.00383954)
(-0.412647 -0.139242 -0.00360178)
(-0.386096 -0.126253 -0.00337005)
(-0.360387 -0.114554 -0.00314567)
(-0.335572 -0.104035 -0.00292907)
(-0.311708 -0.0945773 -0.00272078)
(-0.288831 -0.0860699 -0.00252123)
(-0.0332733 0.437691 -0.000290326)
(-0.0852227 0.380817 -0.00074355)
(-0.147597 0.266536 -0.00128777)
(-0.213848 0.150019 -0.0018659)
(-0.279527 0.0375263 -0.00243904)
(-0.338967 -0.059617 -0.00295767)
(-0.395758 -0.145892 -0.00345333)
(-0.444614 -0.211394 -0.00387988)
(-0.490987 -0.263246 -0.0042845)
(-0.528836 -0.295966 -0.00461496)
(-0.559083 -0.316944 -0.00487906)
(-0.580595 -0.325876 -0.00506693)
(-0.593462 -0.327769 -0.00517929)
(-0.600286 -0.322596 -0.00523899)
(-0.599573 -0.313431 -0.00523285)
(-0.594408 -0.300331 -0.00518782)
(-0.583841 -0.285412 -0.00509562)
(-0.570149 -0.268579 -0.00497618)
(-0.552539 -0.251176 -0.00482251)
(-0.533375 -0.233406 -0.0046553)
(-0.511705 -0.215942 -0.00446621)
(-0.489245 -0.199007 -0.00427021)
(-0.465746 -0.182918 -0.00406514)
(-0.441903 -0.16779 -0.00385705)
(-0.4179 -0.153728 -0.00364759)
(-0.394033 -0.140741 -0.00343928)
(-0.370443 -0.128824 -0.0032334)
(-0.347319 -0.117928 -0.00303158)
(-0.324754 -0.107995 -0.00283462)
(-0.302839 -0.0989494 -0.00264336)
(-0.281647 -0.0907131 -0.00245851)
(-0.024769 0.582598 -0.000216156)
(-0.0643059 0.540373 -0.000561113)
(-0.111233 0.43247 -0.000970514)
(-0.160244 0.315554 -0.00139819)
(-0.211283 0.201069 -0.0018436)
(-0.260235 0.0982003 -0.00227072)
(-0.310293 0.00820867 -0.00270753)
(-0.356459 -0.064352 -0.00311055)
(-0.401025 -0.125213 -0.00349935)
(-0.438712 -0.170424 -0.00382839)
(-0.471121 -0.205514 -0.00411134)
(-0.496317 -0.229148 -0.00433135)
(-0.513797 -0.245211 -0.00448398)
(-0.525653 -0.253255 -0.00458758)
(-0.53034 -0.256003 -0.00462857)
(-0.53051 -0.25346 -0.00463009)
(-0.525399 -0.247688 -0.00458549)
(-0.517047 -0.238703 -0.00451267)
(-0.504749 -0.227941 -0.00440536)
(-0.490685 -0.215728 -0.00428265)
(-0.473869 -0.20288 -0.00413593)
(-0.455914 -0.189738 -0.00397925)
(-0.436571 -0.176741 -0.00381046)
(-0.416505 -0.164116 -0.00363534)
(-0.395911 -0.152062 -0.00345564)
(-0.375094 -0.140671 -0.00327395)
(-0.354218 -0.13001 -0.00309176)
(-0.333494 -0.12009 -0.00291089)
(-0.313042 -0.110901 -0.00273238)
(-0.29298 -0.102409 -0.00255729)
(-0.273407 -0.094569 -0.00238657)
(-0.0205228 0.729825 -0.000179036)
(-0.0545888 0.698035 -0.00047623)
(-0.0928094 0.594719 -0.000809898)
(-0.136357 0.47994 -0.00118985)
(-0.179509 0.36373 -0.00156625)
(-0.223621 0.257118 -0.00195119)
(-0.267753 0.160582 -0.00233641)
(-0.308379 0.0781618 -0.0026911)
(-0.347327 0.00620502 -0.00303085)
(-0.380108 -0.0522364 -0.00331703)
(-0.409415 -0.100812 -0.00357287)
(-0.432838 -0.137957 -0.00377738)
(-0.450375 -0.166772 -0.00393047)
(-0.463538 -0.186636 -0.00404546)
(-0.470775 -0.200051 -0.00410869)
(-0.474267 -0.206985 -0.00413921)
(-0.473076 -0.209557 -0.00412881)
(-0.468894 -0.207793 -0.00409237)
(-0.460865 -0.203285 -0.00402232)
(-0.450977 -0.196381 -0.00393606)
(-0.438254 -0.188044 -0.00382505)
(-0.424164 -0.178684 -0.00370211)
(-0.408457 -0.168843 -0.00356505)
(-0.39174 -0.158824 -0.00341917)
(-0.374207 -0.148908 -0.00326617)
(-0.356157 -0.139256 -0.00310864)
(-0.337766 -0.129993 -0.00294814)
(-0.319261 -0.121186 -0.00278664)
(-0.30078 -0.11287 -0.00262534)
(-0.282464 -0.105048 -0.00246548)
(-0.264431 -0.0977111 -0.00230821)
(-0.0157032 0.828782 -0.000136965)
(-0.0422991 0.807638 -0.000368948)
(-0.072659 0.710561 -0.000633839)
(-0.108362 0.599283 -0.000945232)
(-0.143933 0.484832 -0.00125586)
(-0.182797 0.377881 -0.00159496)
(-0.22082 0.278359 -0.00192679)
(-0.257724 0.190904 -0.002249)
(-0.293214 0.112454 -0.00255861)
(-0.324329 0.0462016 -0.00283023)
(-0.352741 -0.0111158 -0.00307824)
(-0.376464 -0.0576267 -0.00328537)
(-0.395018 -0.0960014 -0.00344732)
(-0.409769 -0.125166 -0.00357617)
(-0.419209 -0.147369 -0.00365862)
(-0.425215 -0.162346 -0.00371108)
(-0.426933 -0.172213 -0.00372607)
(-0.425845 -0.176874 -0.00371662)
(-0.421166 -0.178067 -0.00367581)
(-0.414637 -0.176084 -0.00361886)
(-0.405287 -0.17203 -0.00353729)
(-0.394425 -0.166335 -0.00344252)
(-0.381807 -0.159619 -0.00333242)
(-0.367979 -0.152239 -0.00321175)
(-0.353127 -0.14453 -0.00308216)
(-0.337536 -0.136707 -0.00294609)
(-0.321385 -0.128947 -0.00280514)
(-0.304903 -0.121356 -0.0026613)
(-0.28824 -0.114014 -0.00251587)
(-0.271551 -0.106959 -0.00237021)
(-0.254967 -0.100212 -0.00222559)
(-0.013357 0.919347 -0.000116491)
(-0.0359009 0.906511 -0.000313105)
(-0.0616345 0.81632 -0.000537619)
(-0.0930463 0.708671 -0.000811582)
(-0.123811 0.597391 -0.00108031)
(-0.157981 0.490867 -0.00137847)
(-0.191281 0.389236 -0.00166909)
(-0.223499 0.297476 -0.0019504)
(-0.254814 0.212832 -0.00222358)
(-0.282036 0.139001 -0.0024612)
(-0.307598 0.0729495 -0.00268431)
(-0.329094 0.0175323 -0.00287198)
(-0.346816 -0.0296363 -0.00302665)
(-0.361701 -0.0670146 -0.00315664)
(-0.372312 -0.0969685 -0.00324929)
(-0.380229 -0.118974 -0.00331842)
(-0.384404 -0.135355 -0.00335486)
(-0.386094 -0.145829 -0.00336966)
(-0.384369 -0.152304 -0.00335463)
(-0.380749 -0.154968 -0.00332307)
(-0.37437 -0.155031 -0.00326742)
(-0.36634 -0.15292 -0.00319737)
(-0.35646 -0.149308 -0.00311117)
(-0.345202 -0.144586 -0.00301293)
(-0.332748 -0.139134 -0.00290427)
(-0.319369 -0.133206 -0.00278751)
(-0.305244 -0.127022 -0.00266425)
(-0.290606 -0.120729 -0.0025365)
(-0.275615 -0.11444 -0.00240566)
(-0.260434 -0.108227 -0.00227316)
(-0.245204 -0.102142 -0.00214036)
(-0.0113188 0.989864 -9.87142e-05)
(-0.0300969 0.984471 -0.000262466)
(-0.052034 0.901087 -0.000453846)
(-0.0789334 0.797614 -0.000688477)
(-0.105397 0.688657 -0.000919731)
(-0.13466 0.582814 -0.00117506)
(-0.163412 0.479278 -0.00142594)
(-0.191028 0.384131 -0.00166703)
(-0.218146 0.295258 -0.00190338)
(-0.241725 0.216248 -0.00210918)
(-0.264821 0.144598 -0.00231077)
(-0.285313 0.0833125 -0.00248968)
(-0.303001 0.0300637 -0.0026441)
(-0.318726 -0.013434 -0.00278143)
(-0.330772 -0.0495489 -0.00288664)
(-0.340436 -0.0774937 -0.00297103)
(-0.346682 -0.099503 -0.00302557)
(-0.350532 -0.115208 -0.00305923)
(-0.351241 -0.12648 -0.00306545)
(-0.35 -0.133497 -0.00305466)
(-0.346076 -0.137459 -0.00302045)
(-0.340385 -0.138805 -0.00297081)
(-0.332789 -0.138222 -0.00290454)
(-0.323702 -0.136131 -0.00282526)
(-0.313306 -0.132939 -0.00273455)
(-0.301854 -0.128936 -0.00263462)
(-0.289524 -0.124373 -0.00252702)
(-0.27654 -0.119429 -0.00241371)
(-0.263066 -0.114251 -0.00229611)
(-0.249268 -0.108938 -0.00217569)
(-0.235295 -0.103569 -0.00205385)
(-0.00993054 1.05494 -8.66055e-05)
(-0.0257193 1.05519 -0.000224287)
(-0.0446184 0.978008 -0.000389147)
(-0.0676557 0.87746 -0.000590151)
(-0.0900891 0.7707 -0.000785985)
(-0.114945 0.665257 -0.0010028)
(-0.13938 0.559965 -0.00121632)
(-0.163647 0.461686 -0.00142815)
(-0.18749 0.368378 -0.00163588)
(-0.208231 0.285055 -0.00181691)
(-0.229277 0.209255 -0.00200058)
(-0.248271 0.143504 -0.00216641)
(-0.265396 0.0853993 -0.0023159)
(-0.281136 0.0367939 -0.00245335)
(-0.293928 -0.00450875 -0.00256505)
(-0.304829 -0.0376572 -0.00266024)
(-0.312726 -0.0646066 -0.0027292)
(-0.318411 -0.0851071 -0.00277887)
(-0.321098 -0.100788 -0.00280236)
(-0.321783 -0.111902 -0.00280837)
(-0.319901 -0.119555 -0.00279199)
(-0.316188 -0.124224 -0.00275961)
(-0.310558 -0.126581 -0.0027105)
(-0.303362 -0.127072 -0.00264771)
(-0.294773 -0.126124 -0.00257279)
(-0.285027 -0.12405 -0.00248774)
(-0.274296 -0.12113 -0.00239409)
(-0.262799 -0.117569 -0.00229376)
(-0.250699 -0.113539 -0.00218816)
(-0.238166 -0.109168 -0.00207878)
(-0.225352 -0.104558 -0.00196705)
(-0.0084447 1.107 -7.36557e-05)
(-0.0212224 1.1116 -0.000185069)
(-0.0371682 1.04002 -0.000324157)
(-0.0561724 0.942018 -0.000489986)
(-0.0755222 0.837225 -0.000658896)
(-0.0956891 0.73205 -0.000834813)
(-0.116407 0.627165 -0.00101558)
(-0.137783 0.527554 -0.00120214)
(-0.159328 0.431932 -0.0013901)
(-0.179626 0.345692 -0.00156724)
(-0.199829 0.267095 -0.00174357)
(-0.218524 0.198054 -0.00190677)
(-0.23551 0.136414 -0.00205507)
(-0.251212 0.0838193 -0.00219217)
(-0.264412 0.0383026 -0.00230744)
(-0.275739 0.00068237 -0.00240635)
(-0.284429 -0.0306868 -0.00248223)
(-0.290992 -0.0555908 -0.00253956)
(-0.29489 -0.0753697 -0.00257361)
(-0.296857 -0.0903547 -0.00259081)
(-0.296424 -0.10152 -0.00258707)
(-0.294186 -0.10938 -0.00256757)
(-0.290081 -0.114582 -0.00253177)
(-0.284403 -0.117591 -0.00248223)
(-0.27731 -0.118849 -0.00242035)
(-0.269011 -0.118691 -0.00234794)
(-0.259666 -0.117415 -0.00226639)
(-0.249478 -0.115251 -0.00217749)
(-0.238608 -0.112393 -0.00208262)
(-0.22722 -0.10899 -0.00198322)
(-0.215467 -0.105168 -0.00188076)
(-0.0072933 1.15274 -6.36162e-05)
(-0.0180995 1.16043 -0.000157837)
(-0.0314794 1.09353 -0.000274536)
(-0.0479115 0.998427 -0.000417903)
(-0.064626 0.894079 -0.000563796)
(-0.0820958 0.788962 -0.000716235)
(-0.0999911 0.684806 -0.000872338)
(-0.118536 0.585192 -0.00103416)
(-0.13791 0.489409 -0.00120322)
(-0.156773 0.401524 -0.00136781)
(-0.175837 0.320488 -0.00153421)
(-0.193575 0.248357 -0.00168906)
(-0.209912 0.183521 -0.00183168)
(-0.225124 0.12724 -0.00196451)
(-0.238262 0.0780582 -0.00207923)
(-0.249755 0.0364881 -0.00217959)
(-0.258997 0.00130986 -0.00226028)
(-0.266299 -0.0274675 -0.00232405)
(-0.271139 -0.0509082 -0.00236632)
(-0.274106 -0.0693894 -0.00239225)
(-0.274829 -0.0837675 -0.00239859)
(-0.273805 -0.0945846 -0.00238967)
(-0.270982 -0.102466 -0.00236506)
(-0.266602 -0.107882 -0.00232686)
(-0.260802 -0.111275 -0.00227626)
(-0.253766 -0.112991 -0.00221486)
(-0.245639 -0.113342 -0.00214395)
(-0.236614 -0.112571 -0.00206519)
(-0.226844 -0.110892 -0.00197993)
(-0.21649 -0.108472 -0.00188957)
(-0.205707 -0.105456 -0.00179556)
(-0.0063425 1.19086 -5.53297e-05)
(-0.0156224 1.20073 -0.000136246)
(-0.0272185 1.13846 -0.000237374)
(-0.0413659 1.04602 -0.000360783)
(-0.0560451 0.943827 -0.000488896)
(-0.0719798 0.838991 -0.000627962)
(-0.0881047 0.735462 -0.000768645)
(-0.105064 0.635846 -0.000916611)
(-0.122589 0.540356 -0.0010695)
(-0.139883 0.451659 -0.00122041)
(-0.15764 0.369166 -0.00137541)
(-0.174394 0.294771 -0.00152167)
(-0.190048 0.227368 -0.00165833)
(-0.204575 0.168015 -0.00178518)
(-0.21732 0.115613 -0.00189647)
(-0.228449 0.0705574 -0.00199364)
(-0.237618 0.0318928 -0.00207368)
(-0.245008 -0.000409766 -0.00213822)
(-0.250279 -0.027238 -0.00218425)
(-0.253871 -0.0489617 -0.00221563)
(-0.255398 -0.0663523 -0.00222899)
(-0.255269 -0.0799489 -0.00222789)
(-0.253428 -0.0903666 -0.00221184)
(-0.250078 -0.0980785 -0.00218262)
(-0.245332 -0.103529 -0.00214123)
(-0.239352 -0.107066 -0.00208905)
(-0.232267 -0.109011 -0.00202723)
(-0.224253 -0.109617 -0.0019573)
(-0.215456 -0.109112 -0.00188052)
(-0.20603 -0.107677 -0.00179826)
(-0.196126 -0.105473 -0.00171192)
(-0.00530607 1.22532 -4.62718e-05)
(-0.0138602 1.23731 -0.000120835)
(-0.0234372 1.17851 -0.000204452)
(-0.0368453 1.08859 -0.000321395)
(-0.0493949 0.987907 -0.00043084)
(-0.0640317 0.884034 -0.000558576)
(-0.0786294 0.781291 -0.000685962)
(-0.0943369 0.681834 -0.000823012)
(-0.110418 0.586523 -0.000963294)
(-0.126141 0.497166 -0.00110051)
(-0.142487 0.413579 -0.00124318)
(-0.157886 0.337272 -0.00137763)
(-0.172465 0.267663 -0.00150491)
(-0.186038 0.205604 -0.00162343)
(-0.198164 0.150378 -0.0017293)
(-0.208899 0.102311 -0.00182303)
(-0.217994 0.0606077 -0.00190243)
(-0.225536 0.0252504 -0.00196829)
(-0.231168 -0.00458389 -0.00201746)
(-0.235242 -0.0292283 -0.00205305)
(-0.237434 -0.0493972 -0.0020722)
(-0.238055 -0.0655842 -0.00207765)
(-0.237051 -0.0783907 -0.0020689)
(-0.234586 -0.088285 -0.00204741)
(-0.230755 -0.095708 -0.00201399)
(-0.225694 -0.101007 -0.00196983)
(-0.21952 -0.104506 -0.00191596)
(-0.212397 -0.106464 -0.00185381)
(-0.204463 -0.107118 -0.00178457)
(-0.195869 -0.106661 -0.00170957)
(-0.186762 -0.105269 -0.00163018)
(-0.00431419 1.25373 -3.76156e-05)
(-0.0117917 1.26812 -0.00010281)
(-0.0198293 1.2133 -0.000172892)
(-0.0321265 1.12644 -0.000280092)
(-0.043335 1.02732 -0.000377977)
(-0.0573892 0.924858 -0.000500609)
(-0.0704962 0.823057 -0.00061499)
(-0.0854356 0.724087 -0.000745342)
(-0.100274 0.628867 -0.000874796)
(-0.114948 0.538954 -0.00100284)
(-0.130107 0.454364 -0.00113517)
(-0.144362 0.376406 -0.00125963)
(-0.157913 0.30481 -0.00137793)
(-0.170543 0.240375 -0.00148821)
(-0.18195 0.18263 -0.00158781)
(-0.192123 0.131913 -0.00167663)
(-0.200898 0.0875077 -0.00175323)
(-0.208297 0.0494535 -0.00181783)
(-0.21409 0.0169213 -0.00186841)
(-0.218494 -0.0103331 -0.00190686)
(-0.221175 -0.0330333 -0.00193029)
(-0.222367 -0.0516148 -0.00194072)
(-0.222005 -0.0666508 -0.00193757)
(-0.220232 -0.0786017 -0.00192212)
(-0.217134 -0.0879037 -0.00189511)
(-0.212831 -0.0948963 -0.00185756)
(-0.207426 -0.0999003 -0.0018104)
(-0.201069 -0.103177 -0.00175494)
(-0.193892 -0.104967 -0.0016923)
(-0.186037 -0.105473 -0.00162375)
(-0.177649 -0.104883 -0.00155062)
(-0.00367164 1.27794 -3.20078e-05)
(-0.0104476 1.29448 -9.10857e-05)
(-0.017347 1.2438 -0.000151204)
(-0.0286808 1.16039 -0.00024998)
(-0.0389995 1.06328 -0.000340165)
(-0.0520136 0.962133 -0.000453721)
(-0.0639172 0.861194 -0.000557606)
(-0.0775236 0.762768 -0.000676333)
(-0.0909505 0.667635 -0.000793485)
(-0.10415 0.577215 -0.00090866)
(-0.117928 0.491608 -0.00102893)
(-0.130814 0.412181 -0.00114143)
(-0.143246 0.338838 -0.00124996)
(-0.154966 0.272453 -0.00135228)
(-0.165758 0.212588 -0.0014465)
(-0.175612 0.159683 -0.00153253)
(-0.184312 0.11295 -0.00160848)
(-0.191856 0.0725571 -0.00167434)
(-0.197935 0.0376094 -0.00172741)
(-0.202684 0.00796213 -0.00176888)
(-0.205873 -0.0171033 -0.00179674)
(-0.207623 -0.0379506 -0.00181202)
(-0.207876 -0.0551231 -0.00181425)
(-0.206741 -0.069048 -0.00180437)
(-0.204302 -0.0801591 -0.00178311)
(-0.200668 -0.0887885 -0.0017514)
(-0.195937 -0.0952522 -0.00171012)
(-0.190253 -0.0998107 -0.00166052)
(-0.183743 -0.102709 -0.00160371)
(-0.176547 -0.104158 -0.00154092)
(-0.168808 -0.104355 -0.00147345)
(-0.00325215 1.29966 -2.83476e-05)
(-0.00938894 1.31851 -8.1842e-05)
(-0.0157824 1.27129 -0.000137547)
(-0.0260423 1.19157 -0.000226969)
(-0.0356925 1.0963 -0.000311352)
(-0.0478737 0.996269 -0.000417643)
(-0.0587123 0.895889 -0.000512229)
(-0.0707126 0.797618 -0.000616931)
(-0.0824867 0.702552 -0.00071957)
(-0.0939551 0.611694 -0.000819622)
(-0.10619 0.525329 -0.000926415)
(-0.11788 0.444801 -0.00102847)
(-0.12939 0.370123 -0.00112897)
(-0.140534 0.3022 -0.00122627)
(-0.150959 0.240618 -0.00131729)
(-0.160658 0.185842 -0.00140197)
(-0.169352 0.137104 -0.00147787)
(-0.176972 0.0945963 -0.00154441)
(-0.183337 0.0574645 -0.00159998)
(-0.188419 0.0255958 -0.00164436)
(-0.192034 -0.00167527 -0.00167593)
(-0.194215 -0.0246702 -0.00169499)
(-0.194944 -0.0438832 -0.00170138)
(-0.194293 -0.0596997 -0.00169572)
(-0.192364 -0.0725453 -0.0016789)
(-0.189262 -0.0827491 -0.00165185)
(-0.185085 -0.090621 -0.0016154)
(-0.179967 -0.0964199 -0.00157075)
(-0.174034 -0.100393 -0.00151897)
(-0.16742 -0.102757 -0.00146124)
(-0.160263 -0.10372 -0.00139886)
(-0.00285258 1.31899 -2.48609e-05)
(-0.00803826 1.34023 -7.00585e-05)
(-0.0138802 1.29663 -0.000120946)
(-0.022995 1.22003 -0.00020041)
(-0.031978 1.12684 -0.000278902)
(-0.0430489 1.02773 -0.000375487)
(-0.0530085 0.926986 -0.0004625)
(-0.0642569 0.828468 -0.000560649)
(-0.0745613 0.733 -0.000650419)
(-0.084596 0.641741 -0.000737954)
(-0.0954842 0.555093 -0.000832985)
(-0.106059 0.474052 -0.00092531)
(-0.11674 0.398593 -0.00101856)
(-0.127326 0.329614 -0.00111098)
(-0.1374 0.266748 -0.00119894)
(-0.146973 0.210404 -0.00128252)
(-0.155675 0.159979 -0.0013585)
(-0.16343 0.115561 -0.00142621)
(-0.169995 0.0764623 -0.00148353)
(-0.175276 0.0425319 -0.00152965)
(-0.179209 0.013207 -0.001564)
(-0.181741 -0.0118179 -0.00158612)
(-0.182877 -0.0329694 -0.00159605)
(-0.182653 -0.0506011 -0.00159412)
(-0.181164 -0.0651106 -0.00158115)
(-0.17852 -0.0768267 -0.00155808)
(-0.174817 -0.0860536 -0.00152578)
(-0.170189 -0.0930474 -0.0014854)
(-0.16476 -0.0980568 -0.00143802)
(-0.15866 -0.101304 -0.00138478)
(-0.152027 -0.103005 -0.00132697)
(-0.002549 1.3351 -2.22195e-05)
(-0.00680273 1.35841 -5.92789e-05)
(-0.011978 1.31836 -0.000104371)
(-0.0195207 1.24493 -0.000170136)
(-0.0277208 1.15454 -0.000241719)
(-0.03767 1.05642 -0.00032854)
(-0.0471269 0.955811 -0.000411094)
(-0.0572901 0.856982 -0.000499762)
(-0.0669512 0.76099 -0.000584022)
(-0.076801 0.669381 -0.000669949)
(-0.0868832 0.582572 -0.000757943)
(-0.0969347 0.501239 -0.000845692)
(-0.107089 0.425318 -0.000934341)
(-0.117167 0.355566 -0.00102233)
(-0.126872 0.291668 -0.00110706)
(-0.136099 0.23397 -0.00118762)
(-0.144556 0.182016 -0.00126146)
(-0.152102 0.135818 -0.00132734)
(-0.158611 0.0948639 -0.00138417)
(-0.163906 0.0589559 -0.00143041)
(-0.167944 0.0276544 -0.00146568)
(-0.17063 0.000669613 -0.00148915)
(-0.171978 -0.022363 -0.00150093)
(-0.172011 -0.0417609 -0.00150123)
(-0.170814 -0.0578827 -0.00149081)
(-0.168499 -0.0710574 -0.00147062)
(-0.165163 -0.0815879 -0.00144152)
(-0.160934 -0.0897296 -0.00140462)
(-0.155931 -0.0957329 -0.00136096)
(-0.150282 -0.099826 -0.00131166)
(-0.144117 -0.102235 -0.00125793)
(-0.0022609 1.34959 -1.97091e-05)
(-0.00601455 1.37433 -5.24097e-05)
(-0.0104207 1.33671 -9.07958e-05)
(-0.0168225 1.26623 -0.000146607)
(-0.0237471 1.17823 -0.000207024)
(-0.0324717 1.08156 -0.000283163)
(-0.0411861 0.981824 -0.000359211)
(-0.0508625 0.88303 -0.000443629)
(-0.0601659 0.786902 -0.000524814)
(-0.0697327 0.695125 -0.000608277)
(-0.0794206 0.608052 -0.000692833)
(-0.0890786 0.526361 -0.000777142)
(-0.0987932 0.450032 -0.000861953)
(-0.108415 0.37955 -0.000945953)
(-0.117725 0.314772 -0.00102723)
(-0.126596 0.255862 -0.00110468)
(-0.13478 0.202562 -0.00117615)
(-0.142111 0.154774 -0.00124015)
(-0.148464 0.112148 -0.00129563)
(-0.15364 0.0744578 -0.00134082)
(-0.157661 0.0413568 -0.00137593)
(-0.160405 0.0125678 -0.0013999)
(-0.161889 -0.0122167 -0.00141287)
(-0.162114 -0.0332773 -0.00141486)
(-0.161148 -0.0509319 -0.00140645)
(-0.159098 -0.0654945 -0.00138857)
(-0.156065 -0.0772665 -0.00136211)
(-0.152172 -0.0865016 -0.00132814)
(-0.147538 -0.093451 -0.0012877)
(-0.142287 -0.0983488 -0.00124187)
(-0.136545 -0.10143 -0.00119183)
(-0.00212457 1.36219 -1.8524e-05)
(-0.00542297 1.38819 -4.72563e-05)
(-0.0096386 1.35275 -8.39781e-05)
(-0.0151266 1.28432 -0.000131809)
(-0.0211 1.19886 -0.000183922)
(-0.0288859 1.10399 -0.000251861)
(-0.0368592 1.00551 -0.000321439)
(-0.0460063 0.90717 -0.000401236)
(-0.0549794 0.811334 -0.000479538)
(-0.0643311 0.719521 -0.000561139)
(-0.0737838 0.63234 -0.000643647)
(-0.0831595 0.55036 -0.000725489)
(-0.0925601 0.473637 -0.000807557)
(-0.101747 0.402477 -0.000887761)
(-0.110621 0.336843 -0.000965239)
(-0.119011 0.276789 -0.00103849)
(-0.126753 0.222186 -0.00110609)
(-0.133677 0.17289 -0.00116654)
(-0.139729 0.128669 -0.00121938)
(-0.1447 0.0892855 -0.00126279)
(-0.148593 0.0544679 -0.00129679)
(-0.151283 0.02396 -0.00132029)
(-0.152777 -0.00249946 -0.00133335)
(-0.153072 -0.025153 -0.00133594)
(-0.15223 -0.044278 -0.00132862)
(-0.150349 -0.0601658 -0.00131221)
(-0.147537 -0.0731183 -0.00128768)
(-0.143911 -0.0833902 -0.00125604)
(-0.139588 -0.0912345 -0.00121831)
(-0.134685 -0.0968919 -0.00117553)
(-0.129326 -0.100607 -0.00112881)
(-0.0019078 1.37443 -1.66256e-05)
(-0.00490494 1.40158 -4.27203e-05)
(-0.00887877 1.36786 -7.73604e-05)
(-0.0141144 1.30089 -0.000122987)
(-0.019296 1.21729 -0.000168176)
(-0.0262296 1.12437 -0.000228673)
(-0.0334524 1.02734 -0.000291691)
(-0.0420588 0.929883 -0.000366776)
(-0.050668 0.834516 -0.000441902)
(-0.0597486 0.742774 -0.000521148)
(-0.0689565 0.6555 -0.000601524)
(-0.0780575 0.573158 -0.000680968)
(-0.0871308 0.495967 -0.00076018)
(-0.0959183 0.424086 -0.000836901)
(-0.104373 0.357586 -0.000910714)
(-0.112332 0.296448 -0.000980209)
(-0.119672 0.240613 -0.00104429)
(-0.126232 0.189929 -0.00110158)
(-0.131955 0.144221 -0.00115155)
(-0.136647 0.103272 -0.00119251)
(-0.140338 0.0668549 -0.00122475)
(-0.142904 0.0347429 -0.00124717)
(-0.144355 0.00671237 -0.00125984)
(-0.144676 -0.0174422 -0.00126266)
(-0.143914 -0.0379595 -0.00125604)
(-0.142161 -0.0551014 -0.00124074)
(-0.139525 -0.0691678 -0.00121775)
(-0.136123 -0.0804153 -0.00118807)
(-0.132071 -0.0890997 -0.0011527)
(-0.127481 -0.0954687 -0.00111264)
(-0.12247 -0.0997759 -0.00106896)
(-0.00167515 1.38445 -1.45935e-05)
(-0.00418081 1.41331 -3.6412e-05)
(-0.00839118 1.38184 -7.31067e-05)
(-0.0134886 1.31604 -0.000117525)
(-0.0186649 1.23382 -0.000162665)
(-0.0249987 1.14259 -0.000217922)
(-0.0316533 1.04715 -0.000275992)
(-0.03971 0.950883 -0.000346281)
(-0.0479177 0.856266 -0.000417906)
(-0.0566624 0.764811 -0.000494219)
(-0.0655767 0.67753 -0.000572033)
(-0.0743374 0.594863 -0.000648508)
(-0.0830286 0.517177 -0.000724385)
(-0.0913772 0.444569 -0.000797276)
(-0.0993636 0.37719 -0.000867006)
(-0.106839 0.315001 -0.000932278)
(-0.113708 0.257977 -0.000992253)
(-0.119828 0.205988 -0.00104569)
(-0.125181 0.15888 -0.00109243)
(-0.129579 0.11647 -0.00113083)
(-0.133029 0.0785528 -0.00116096)
(-0.135415 0.0449365 -0.00118181)
(-0.136744 0.0154268 -0.00119342)
(-0.137007 -0.0101462 -0.00119574)
(-0.136251 -0.0319826 -0.00118915)
(-0.134559 -0.0503114 -0.00117439)
(-0.132043 -0.065426 -0.00115244)
(-0.128819 -0.0775876 -0.00112432)
(-0.124997 -0.0870558 -0.00109096)
(-0.120686 -0.0940865 -0.00105334)
(-0.115995 -0.0989439 -0.00101245)
(-0.00155072 1.39373 -1.35098e-05)
(-0.00365973 1.42466 -3.18666e-05)
(-0.00748987 1.39638 -6.52352e-05)
(-0.0125887 1.33209 -0.000109672)
(-0.0177777 1.25065 -0.000154926)
(-0.0236547 1.16051 -0.000206194)
(-0.0298445 1.06646 -0.000260213)
(-0.037397 0.97134 -0.000326101)
(-0.045162 0.87752 -0.000393869)
(-0.0535185 0.786362 -0.000466796)
(-0.0620747 0.699006 -0.000541485)
(-0.0704863 0.615926 -0.000614914)
(-0.0788051 0.53764 -0.000687537)
(-0.0867885 0.464247 -0.000757237)
(-0.0943935 0.395944 -0.000823636)
(-0.101516 0.332706 -0.000885827)
(-0.108039 0.274507 -0.000942785)
(-0.113856 0.221254 -0.000993573)
(-0.11891 0.172792 -0.00103771)
(-0.123029 0.128979 -0.00107367)
(-0.126249 0.0896239 -0.0011018)
(-0.128456 0.054571 -0.00112107)
(-0.129664 0.0236536 -0.00113163)
(-0.129865 -0.00326561 -0.0011334)
(-0.129104 -0.0263506 -0.00112677)
(-0.12746 -0.0458013 -0.00111244)
(-0.125045 -0.0618987 -0.00109137)
(-0.121977 -0.0749117 -0.0010646)
(-0.118364 -0.0851064 -0.00103307)
(-0.114311 -0.0927486 -0.000997696)
(-0.109918 -0.0981136 -0.000959403)
(-0.00163179 1.40173 -1.42179e-05)
(-0.00356784 1.43368 -3.10647e-05)
(-0.00727109 1.40838 -6.33219e-05)
(-0.0122862 1.3462 -0.000107032)
(-0.0177366 1.26557 -0.000154571)
(-0.0235301 1.17631 -0.000205109)
(-0.0294949 1.08361 -0.000257173)
(-0.0364949 0.98965 -0.000318242)
(-0.0437695 0.896711 -0.000381708)
(-0.0515708 0.806 -0.000449782)
(-0.0596088 0.718719 -0.000519945)
(-0.0675208 0.635399 -0.000589015)
(-0.0753556 0.55666 -0.000657415)
(-0.0829313 0.482625 -0.000723556)
(-0.0901316 0.413526 -0.000786425)
(-0.0969018 0.349352 -0.000845539)
(-0.103083 0.290086 -0.000899519)
(-0.108582 0.235656 -0.00094753)
(-0.113362 0.185924 -0.000989277)
(-0.117238 0.140776 -0.00102313)
(-0.120235 0.100053 -0.0010493)
(-0.12224 0.063632 -0.00106682)
(-0.123282 0.03138 -0.00107593)
(-0.123367 0.00318954 -0.00107669)
(-0.122549 -0.0210707 -0.00106957)
(-0.120909 -0.0415744 -0.00105527)
(-0.11856 -0.0585871 -0.00103477)
(-0.115621 -0.0723876 -0.00100912)
(-0.112194 -0.0832512 -0.000979223)
(-0.108378 -0.0914546 -0.000945914)
(-0.104264 -0.0972851 -0.000910051)
(-0.00144753 1.41115 -1.26099e-05)
(-0.00305186 1.4443 -2.65702e-05)
(-0.00649935 1.4223 -5.65856e-05)
(-0.0114741 1.36247 -9.99449e-05)
(-0.0171764 1.28267 -0.000149725)
(-0.0228942 1.19392 -0.000199597)
(-0.0287741 1.10186 -0.000250882)
(-0.0353091 1.00867 -0.000307903)
(-0.0420594 0.916386 -0.000366782)
(-0.0493119 0.825908 -0.000430066)
(-0.0568661 0.738519 -0.000496006)
(-0.0643622 0.654827 -0.000561445)
(-0.0718264 0.575522 -0.00062661)
(-0.0791205 0.500745 -0.000690293)
(-0.0860414 0.430771 -0.000750724)
(-0.0925862 0.365574 -0.000807871)
(-0.0985309 0.30519 -0.000859785)
(-0.10381 0.249528 -0.000905882)
(-0.108344 0.198504 -0.000945481)
(-0.11196 0.152011 -0.000977065)
(-0.114716 0.109934 -0.00100114)
(-0.116508 0.0721773 -0.00101679)
(-0.117381 0.0386414 -0.00102443)
(-0.117351 0.00924221 -0.00102419)
(-0.11648 -0.0161269 -0.0010166)
(-0.114847 -0.0376177 -0.00100235)
(-0.112563 -0.0554803 -0.00098243)
(-0.109747 -0.0700059 -0.000957864)
(-0.1065 -0.0814823 -0.000929521)
(-0.10291 -0.0901983 -0.000898187)
(-0.0990608 -0.0964545 -0.00086463)
(-0.00141944 1.41685 -1.23689e-05)
(-0.00285814 1.45098 -2.48835e-05)
(-0.00625943 1.43265 -5.45157e-05)
(-0.0112725 1.37581 -9.82194e-05)
(-0.0176974 1.29733 -0.000154284)
(-0.0240589 1.20892 -0.000209787)
(-0.0304454 1.11704 -0.000265503)
(-0.0366488 1.02436 -0.000319625)
(-0.0431129 0.932701 -0.000375987)
(-0.0497176 0.842682 -0.000433616)
(-0.0566456 0.755497 -0.000494091)
(-0.063541 0.671813 -0.000554287)
(-0.0704645 0.592295 -0.00061473)
(-0.0772669 0.517109 -0.00067412)
(-0.0837196 0.446532 -0.000730464)
(-0.0898284 0.380541 -0.000783806)
(-0.0953432 0.319216 -0.000831968)
(-0.100206 0.262461 -0.000874433)
(-0.104351 0.210258 -0.000910632)
(-0.107615 0.162505 -0.000939145)
(-0.110041 0.119156 -0.000960337)
(-0.111543 0.0801395 -0.000973467)
(-0.112176 0.0453988 -0.000979011)
(-0.111973 0.0148728 -0.000977255)
(-0.111004 -0.0115231 -0.000968807)
(-0.109347 -0.0339228 -0.000954355)
(-0.107108 -0.0525645 -0.000934827)
(-0.104403 -0.067752 -0.000911223)
(-0.101323 -0.0797863 -0.00088434)
(-0.0979472 -0.0889695 -0.000854875)
(-0.0943484 -0.0956148 -0.000823496)
(-0.00125125 1.42561 -1.09033e-05)
(-0.00234196 1.46084 -2.03837e-05)
(-0.00503439 1.44634 -4.38423e-05)
(-0.00947193 1.39362 -8.25287e-05)
(-0.0158309 1.31737 -0.000138001)
(-0.0225043 1.22947 -0.000196229)
(-0.0293551 1.13733 -0.000256005)
(-0.0358095 1.04424 -0.00031231)
(-0.0422716 0.952265 -0.000368644)
(-0.0485717 0.862051 -0.000423624)
(-0.0552026 0.774616 -0.000481511)
(-0.0617986 0.690536 -0.000539094)
(-0.0684516 0.610433 -0.000597177)
(-0.0749993 0.534478 -0.000654343)
(-0.0811928 0.462968 -0.000708424)
(-0.087042 0.395885 -0.0007595)
(-0.0922768 0.33337 -0.000805217)
(-0.0968487 0.275321 -0.000845144)
(-0.100671 0.221788 -0.000878531)
(-0.103611 0.172683 -0.000904209)
(-0.105728 0.128011 -0.000922711)
(-0.106967 0.0877268 -0.000933537)
(-0.107392 0.0518029 -0.000937259)
(-0.107048 0.0201949 -0.000934276)
(-0.106012 -0.00717082 -0.000925243)
(-0.104362 -0.0304345 -0.000910848)
(-0.102193 -0.049804 -0.000891927)
(-0.0996118 -0.0656007 -0.000869404)
(-0.0967029 -0.078145 -0.000844017)
(-0.093537 -0.0877548 -0.000816384)
(-0.0901764 -0.0947572 -0.000787078)
(-0.00128037 1.4291 -1.11587e-05)
(-0.00247971 1.46413 -2.15883e-05)
(-0.00521783 1.45251 -4.54529e-05)
(-0.00948166 1.40371 -8.26282e-05)
(-0.0159725 1.33045 -0.000139246)
(-0.0230654 1.24384 -0.000201121)
(-0.0305701 1.15182 -0.00026661)
(-0.0375139 1.05849 -0.000327193)
(-0.0442702 0.966299 -0.00038609)
(-0.0505687 0.876074 -0.000441069)
(-0.0569611 0.788769 -0.000496881)
(-0.0631573 0.704756 -0.000550973)
(-0.0693221 0.624578 -0.000604792)
(-0.0753145 0.548358 -0.00065711)
(-0.0809269 0.476385 -0.000706115)
(-0.0861767 0.408647 -0.000751957)
(-0.0908188 0.34532 -0.000792499)
(-0.094816 0.28632 -0.000827408)
(-0.0981031 0.231751 -0.000856121)
(-0.100579 0.181557 -0.000877755)
(-0.10228 0.135792 -0.000892618)
(-0.103177 0.0944429 -0.000900466)
(-0.103335 0.057514 -0.000901854)
(-0.102811 0.024979 -0.00089729)
(-0.101696 -0.00323623 -0.00088757)
(-0.100045 -0.0272087 -0.000873171)
(-0.0979325 -0.0472031 -0.000854741)
(-0.0954674 -0.0635355 -0.000833231)
(-0.0927228 -0.0765385 -0.000809279)
(-0.0897555 -0.0865394 -0.00078338)
(-0.086616 -0.0938744 -0.000755999)
(-0.00114368 1.43838 -9.96391e-06)
(-0.00207536 1.47472 -1.80604e-05)
(-0.00426505 1.46646 -3.71527e-05)
(-0.00790446 1.42207 -6.88731e-05)
(-0.0136493 1.35235 -0.000118972)
(-0.0203876 1.26776 -0.000177736)
(-0.0278052 1.17612 -0.000242471)
(-0.0349404 1.08227 -0.000304737)
(-0.0418999 0.989267 -0.00036541)
(-0.0484177 0.898157 -0.000422311)
(-0.0549191 0.810023 -0.00047908)
(-0.0611823 0.725147 -0.000533757)
(-0.0673351 0.643971 -0.00058747)
(-0.073264 0.566644 -0.000639233)
(-0.078759 0.493405 -0.000687212)
(-0.0838389 0.424301 -0.000731571)
(-0.0882742 0.359512 -0.000770307)
(-0.0920396 0.299014 -0.000803195)
(-0.0950634 0.242945 -0.000829609)
(-0.0972876 0.191292 -0.000849041)
(-0.0987628 0.144146 -0.000861934)
(-0.0994938 0.101526 -0.000868329)
(-0.0995472 0.0634567 -0.000868808)
(-0.0989947 0.0299196 -0.000863996)
(-0.0978737 0.000859156 -0.00085422)
(-0.0962859 -0.0239471 -0.000840369)
(-0.0943211 -0.0446174 -0.000823226)
(-0.0920224 -0.0615003 -0.000803167)
(-0.0894628 -0.0749552 -0.000780828)
(-0.0866921 -0.0853318 -0.000756645)
(-0.0837556 -0.0929818 -0.00073103)
(-0.00119587 1.4401 -1.04242e-05)
(-0.00212968 1.47527 -1.8547e-05)
(-0.0046773 1.46881 -4.07447e-05)
(-0.00848351 1.42737 -7.39248e-05)
(-0.0146579 1.36062 -0.000127754)
(-0.02181 1.27794 -0.000190122)
(-0.0298637 1.18698 -0.00026042)
(-0.0375403 1.09301 -0.000327427)
(-0.0449286 0.999621 -0.000391857)
(-0.0517089 0.908236 -0.000451055)
(-0.058113 0.819962 -0.00050698)
(-0.0641303 0.735016 -0.000559511)
(-0.0698372 0.653732 -0.00060933)
(-0.0751897 0.576206 -0.000656059)
(-0.0800543 0.50264 -0.000698533)
(-0.0844433 0.433096 -0.000736858)
(-0.0882025 0.367753 -0.00076969)
(-0.091317 0.306626 -0.000796894)
(-0.0937616 0.249872 -0.000818249)
(-0.0955132 0.197519 -0.000833554)
(-0.0965988 0.149675 -0.000843044)
(-0.0970431 0.106384 -0.000846935)
(-0.0968996 0.0676788 -0.000845692)
(-0.0962138 0.0335512 -0.000839713)
(-0.0951263 0.00390478 -0.000830231)
(-0.0936217 -0.0212978 -0.000817108)
(-0.0917053 -0.0423458 -0.000800385)
(-0.0895132 -0.0595816 -0.000781257)
(-0.0870891 -0.0733668 -0.000760103)
(-0.0844711 -0.0840477 -0.000737255)
(-0.0816942 -0.0919744 -0.00071303)
(-0.000865556 1.44982 -7.54192e-06)
(-0.00208389 1.48696 -1.81516e-05)
(-0.00436834 1.48483 -3.80445e-05)
(-0.00777048 1.44852 -6.76795e-05)
(-0.0126331 1.38652 -0.000110098)
(-0.0184455 1.30707 -0.000160805)
(-0.0250647 1.21774 -0.000218576)
(-0.031825 1.12374 -0.00027757)
(-0.0386595 1.02983 -0.000337155)
(-0.0452879 0.937202 -0.000395029)
(-0.0517707 0.84771 -0.000451642)
(-0.0580028 0.761397 -0.000506052)
(-0.0639527 0.678608 -0.000557989)
(-0.0695787 0.599469 -0.000607103)
(-0.0747131 0.52413 -0.00065193)
(-0.0793709 0.452745 -0.000692602)
(-0.0834018 0.385483 -0.000727807)
(-0.0868065 0.322453 -0.000757546)
(-0.0895248 0.263834 -0.000781291)
(-0.0915614 0.209714 -0.000799083)
(-0.0929538 0.160218 -0.000811249)
(-0.0937313 0.115414 -0.000818046)
(-0.0939304 0.0753411 -0.000819794)
(-0.0936266 0.0399889 -0.000817155)
(-0.092705 0.00929172 -0.000809116)
(-0.0913301 -0.0169152 -0.000797115)
(-0.0897242 -0.0388398 -0.000783105)
(-0.0877873 -0.0568109 -0.000766208)
(-0.085576 -0.0712094 -0.000746911)
(-0.0831337 -0.0824038 -0.000725597)
(-0.0805058 -0.0907606 -0.00070267)
)
;

boundaryField
{
    inlet
    {
        type            zeroGradient;
    }
    outlet
    {
        type            pressureInletOutletVelocity;
        value           nonuniform List<vector> 0();
    }
    walls
    {
        type            noSlip;
    }
    side1
    {
        type            cyclic;
    }
    side2
    {
        type            cyclic;
    }
    procBoundary5to4
    {
        type            processor;
        value           nonuniform List<vector> 
90
(
(0.0923338 -41.8561 -0.000761098)
(-0.066372 -44.0554 0.000624739)
(0.43608 -45.8411 -0.00378018)
(0.134799 -32.1548 -0.00114281)
(0.945172 -6.5538 -0.00819733)
(-0.0512745 -0.00056517 0.000447574)
(-0.126474 -0.0059986 0.00110408)
(-0.181109 -0.0142507 0.00158102)
(-0.219045 -0.0237378 0.00191219)
(-0.244199 -0.0334267 0.00213175)
(-0.259975 -0.0427763 0.00226946)
(-0.268969 -0.0514905 0.00234796)
(-0.273034 -0.059433 0.00238343)
(-0.273477 -0.066558 0.00238728)
(-0.271232 -0.0728703 0.00236768)
(-0.266986 -0.078403 0.0023306)
(-0.261251 -0.0832036 0.00228052)
(-0.254422 -0.0873274 0.0022209)
(-0.2468 -0.0908317 0.00215436)
(-0.238624 -0.0937738 0.00208298)
(-0.230076 -0.0962104 0.00200836)
(-0.221304 -0.0981965 0.00193178)
(-0.21242 -0.0997843 0.00185422)
(-0.203515 -0.101023 0.00177649)
(-0.194658 -0.101958 0.00169917)
(-0.185906 -0.102634 0.00162278)
(-0.177303 -0.103089 0.00154768)
(-0.168884 -0.103359 0.00147419)
(-0.160678 -0.103475 0.00140255)
(-0.15271 -0.103467 0.00133301)
(-0.145002 -0.103359 0.00126573)
(-0.137575 -0.103169 0.00120089)
(-0.130445 -0.102916 0.00113865)
(-0.123631 -0.102612 0.00107918)
(-0.117152 -0.102266 0.00102262)
(-0.111028 -0.101885 0.000969168)
(-0.105281 -0.101471 0.000919001)
(-0.0999376 -0.101025 0.000872357)
(-0.0950271 -0.100545 0.000829493)
(-0.0905895 -0.100028 0.000790757)
(-0.0866738 -0.0994698 0.000756576)
(-0.0833465 -0.0988691 0.000727532)
(-0.0806904 -0.0982421 0.000704347)
(-0.0787888 -0.0974835 0.000687744)
(-0.0777287 -0.0966308 0.000678503)
(0.0678393 -41.856 0.000637051)
(-0.0656474 -44.0554 -0.000527789)
(0.434579 -45.8413 0.00381948)
(0.135186 -32.1547 0.0012148)
(0.945148 -6.55375 0.00826088)
(-0.0512745 -0.000565174 -0.000447585)
(-0.126474 -0.0059986 -0.00110409)
(-0.181109 -0.0142507 -0.00158102)
(-0.219045 -0.0237378 -0.00191216)
(-0.244198 -0.0334267 -0.0021317)
(-0.259975 -0.0427763 -0.0022694)
(-0.268969 -0.0514905 -0.00234788)
(-0.273034 -0.059433 -0.00238334)
(-0.273477 -0.066558 -0.00238719)
(-0.271232 -0.0728703 -0.00236758)
(-0.266986 -0.078403 -0.0023305)
(-0.261251 -0.0832036 -0.00228043)
(-0.254422 -0.0873274 -0.0022208)
(-0.2468 -0.0908317 -0.00215427)
(-0.238624 -0.0937738 -0.00208289)
(-0.230076 -0.0962104 -0.00200827)
(-0.221304 -0.0981965 -0.00193169)
(-0.21242 -0.0997843 -0.00185414)
(-0.203515 -0.101023 -0.0017764)
(-0.194658 -0.101958 -0.00169909)
(-0.185906 -0.102634 -0.0016227)
(-0.177303 -0.103089 -0.00154759)
(-0.168884 -0.103359 -0.0014741)
(-0.160678 -0.103475 -0.00140247)
(-0.15271 -0.103467 -0.00133292)
(-0.145002 -0.103359 -0.00126564)
(-0.137575 -0.103169 -0.00120081)
(-0.130445 -0.102916 -0.00113857)
(-0.123631 -0.102612 -0.0010791)
(-0.117152 -0.102266 -0.00102254)
(-0.111028 -0.101885 -0.000969088)
(-0.105281 -0.101471 -0.000918923)
(-0.0999375 -0.101025 -0.00087228)
(-0.0950271 -0.100545 -0.000829418)
(-0.0905895 -0.100028 -0.000790684)
(-0.0866737 -0.0994698 -0.000756504)
(-0.0833465 -0.0988691 -0.000727462)
(-0.0806904 -0.0982421 -0.000704277)
(-0.0787888 -0.0974835 -0.000687675)
(-0.0777287 -0.0966308 -0.000678434)
)
;
    }
}


// ************************************************************************* //
