/*--------------------------------*- C++ -*----------------------------------*\
| =========                 |                                                 |
| \\      /  F ield         | OpenFOAM: The Open Source CFD Toolbox           |
|  \\    /   O peration     | Version:  v2006                                 |
|   \\  /    A nd           | Website:  www.openfoam.com                      |
|    \\/     M anipulation  |                                                 |
\*---------------------------------------------------------------------------*/
FoamFile
{
    version     2.0;
    format      ascii;
    class       vectorField;
    location    "constant/polyMesh";
    object      points;
}
// * * * * * * * * * * * * * * * * * * * * * * * * * * * * * * * * * * * * * //


1319
(
(0.01265167267 0.001106877933 0)
(0.0127 0 0)
(0 0 -0.02973650805)
(0 0 -0.0287391332)
(0 0 -0.02774175836)
(0 0 -0.02674438351)
(0 0 -0.02574700867)
(0 0 -0.02474963382)
(0 0 -0.02375225898)
(0 0 -0.02275488413)
(0 0 -0.02175750929)
(0 0 -0.02076013444)
(0 0 -0.0197627596)
(0 0 -0.01876538475)
(0 0 -0.01776800991)
(0 0 -0.01677063506)
(0 0 -0.01577326022)
(0 0 -0.01477588537)
(0 0 -0.01377851053)
(0 0 -0.01278113568)
(0 0 -0.01178376084)
(0 0 -0.01078638599)
(0 0 -0.009789011146)
(0 0 -0.008791636301)
(0 0 -0.007794261456)
(0 0 -0.006796886611)
(0 0 -0.005799511765)
(0 0 -0.00480213692)
(0 0 -0.003804762075)
(0.0127 0 -0.0005006134969)
(0.0127 0 -0.001001226994)
(0.0127 0 -0.001501840491)
(0.0127 0 -0.002002453988)
(0.0127 0 -0.002503067485)
(0.0127 0 -0.003003680982)
(0.0127 0 -0.003504294479)
(0.0127 0 -0.004004907975)
(0.0127 0 -0.004505521472)
(0.0127 0 -0.005006134969)
(0.0127 0 -0.005506748466)
(0.0127 0 -0.006007361963)
(0.0127 0 -0.00650797546)
(0.0127 0 -0.007008588957)
(0.0127 0 -0.007509202454)
(0.0127 0 -0.008009815951)
(0.0127 0 -0.008510429448)
(0.0127 0 -0.009011042945)
(0.0127 0 -0.009511656442)
(0.0127 0 -0.01001226994)
(0.0127 0 -0.01051288344)
(0.0127 0 -0.01101349693)
(0.0127 0 -0.01151411043)
(0.0127 0 -0.01201472393)
(0.0127 0 -0.01251533742)
(0.0127 0 -0.01301595092)
(0.0127 0 -0.01351656442)
(0.0127 0 -0.01401717791)
(0.0127 0 -0.01451779141)
(0.0127 0 -0.01501840491)
(0.0127 0 -0.0155190184)
(0.0127 0 -0.0160196319)
(0.0127 0 -0.0165202454)
(0.0127 0 -0.0170208589)
(0.0127 0 -0.01752147239)
(0.0127 0 -0.01802208589)
(0.0127 0 -0.01852269939)
(0.0127 0 -0.01902331288)
(0.0127 0 -0.01952392638)
(0.0127 0 -0.02002453988)
(0.0127 0 -0.02052515337)
(0.0127 0 -0.02102576687)
(0.0127 0 -0.02152638037)
(0.0127 0 -0.02202699387)
(0.0127 0 -0.02252760736)
(0.0127 0 -0.02302822086)
(0.0127 0 -0.02352883436)
(0.0127 0 -0.02402944785)
(0.0127 0 -0.02453006135)
(0.0127 0 -0.02503067485)
(0.0127 0 -0.02553128834)
(0.0127 0 -0.02603190184)
(0.0127 0 -0.02653251534)
(0.0127 0 -0.02703312883)
(0.0127 0 -0.02753374233)
(0.008689110508 0 0)
(0.009190471694 0 0)
(0.009691832881 0 0)
(0.01019319407 0 0)
(0.01069455525 0 0)
(0.01119591644 0 0)
(0.01169727763 0 0)
(0.01219863881 0 0)
(0.008669733389 0.0007585033873 0)
(0.009164167736 0.0008017607875 0)
(0.009658602083 0.0008450181878 0)
(0.01015303643 0.000888275588 0)
(0.01064747078 0.0009315329882 0)
(0.01114190512 0.0009747903885 0)
(0.01163633947 0.001018047789 0)
(0.01215723832 0.001063620533 0)
(0.01265167267 0.001106877933 -0.0005006134969)
(0.01265167267 0.001106877933 -0.001001226994)
(0.01265167267 0.001106877933 -0.001501840491)
(0.01265167267 0.001106877933 -0.002002453988)
(0.01265167267 0.001106877933 -0.002503067485)
(0.01265167267 0.001106877933 -0.003003680982)
(0.01265167267 0.001106877933 -0.003504294479)
(0.01265167267 0.001106877933 -0.004004907975)
(0.01265167267 0.001106877933 -0.004505521472)
(0.01265167267 0.001106877933 -0.005006134969)
(0.01265167267 0.001106877933 -0.005506748466)
(0.01265167267 0.001106877933 -0.006007361963)
(0.01265167267 0.001106877933 -0.00650797546)
(0.01265167267 0.001106877933 -0.007008588957)
(0.01265167267 0.001106877933 -0.007509202454)
(0.01265167267 0.001106877933 -0.008009815951)
(0.01265167267 0.001106877933 -0.008510429448)
(0.01265167267 0.001106877933 -0.009011042945)
(0.01265167267 0.001106877933 -0.009511656442)
(0.01265167267 0.001106877933 -0.01001226994)
(0.01265167267 0.001106877933 -0.01051288344)
(0.01265167267 0.001106877933 -0.01101349693)
(0.01265167267 0.001106877933 -0.01151411043)
(0.01265167267 0.001106877933 -0.01201472393)
(0.01265167267 0.001106877933 -0.01251533742)
(0.01265167267 0.001106877933 -0.01301595092)
(0.01265167267 0.001106877933 -0.01351656442)
(0.01265167267 0.001106877933 -0.01401717791)
(0.01265167267 0.001106877933 -0.01451779141)
(0.01265167267 0.001106877933 -0.01501840491)
(0.01265167267 0.001106877933 -0.0155190184)
(0.01265167267 0.001106877933 -0.0160196319)
(0.01265167267 0.001106877933 -0.0165202454)
(0.01265167267 0.001106877933 -0.0170208589)
(0.01265167267 0.001106877933 -0.01752147239)
(0.01265167267 0.001106877933 -0.01802208589)
(0.01265167267 0.001106877933 -0.01852269939)
(0.01265167267 0.001106877933 -0.01902331288)
(0.01265167267 0.001106877933 -0.01952392638)
(0.01265167267 0.001106877933 -0.02002453988)
(0.01265167267 0.001106877933 -0.02052515337)
(0.01265167267 0.001106877933 -0.02102576687)
(0.01265167267 0.001106877933 -0.02152638037)
(0.01265167267 0.001106877933 -0.02202699387)
(0.01265167267 0.001106877933 -0.02252760736)
(0.01265167267 0.001106877933 -0.02302822086)
(0.01265167267 0.001106877933 -0.02352883436)
(0.01265167267 0.001106877933 -0.02402944785)
(0.01265167267 0.001106877933 -0.02453006135)
(0.01265167267 0.001106877933 -0.02503067485)
(0.01265167267 0.001106877933 -0.02553128834)
(0.01265167267 0.001106877933 -0.02603190184)
(0.01265167267 0.001106877933 -0.02653251534)
(0.01265167267 0.001106877933 -0.02703312883)
(0.01265167267 0.001106877933 -0.02753374233)
(0.01268813043 0.000548950056 -4.440527462e-18)
(0.0008537044739 0 -0.03023162025)
(0.0008538315375 0 -0.02923417477)
(0.0008539705694 0 -0.0282367689)
(0.0008540687727 0 -0.02723939715)
(0.0008540953064 0 -0.02624202967)
(0.0008540639282 0 -0.02524463459)
(0.0008540233781 0 -0.02424720141)
(0.0008540252986 0 -0.02324974602)
(0.0008540939995 0 -0.02225229913)
(0.0008542118578 0 -0.02125489166)
(0.0008543215757 0 -0.02025754285)
(0.0008543469284 0 -0.01926025029)
(0.0008542296825 0 -0.01826298798)
(0.0008539626457 0 -0.01726572196)
(0.0008535919744 0 -0.01626843724)
(0.0008531839668 0 -0.0152711531)
(0.000852784011 0 -0.01427390717)
(0.0008524074154 0 -0.01327670867)
(0.0008520824376 0 -0.01227948333)
(0.0008519141994 0 -0.011282058)
(0.0008520633846 0 -0.01028424122)
(0.0008525166974 0 -0.009285997551)
(0.0008526515335 0 -0.008287617887)
(0.0008508650342 0 -0.007289748966)
(0.0008451099558 0 -0.006293163592)
(0.0008342702914 0 -0.005299157495)
(0.0008130985171 0 -0.004313174986)
(0.0007736278509 0 -0.00333958534)
(0.01232907363 0 -0.000767881053)
(0.01226878923 0 -0.00122192945)
(0.01224395416 0 -0.001692529987)
(0.01225628929 0 -0.002189676776)
(0.0122831525 0 -0.002670424359)
(0.01227434528 0 -0.003171258203)
(0.0122281476 0 -0.003663094629)
(0.01220258465 0 -0.004148801032)
(0.01220143531 0 -0.004643865438)
(0.01220001223 0 -0.005155364396)
(0.01219113822 0 -0.00564675058)
(0.01219574569 0 -0.006155640348)
(0.01219135093 0 -0.00666232239)
(0.01219192507 0 -0.007153318938)
(0.0121963708 0 -0.00766052752)
(0.01219109827 0 -0.008165827734)
(0.01219265587 0 -0.008657051108)
(0.01220464182 0 -0.0091689108)
(0.01220267658 0 -0.00966308785)
(0.01220918762 0 -0.01015935394)
(0.01220956787 0 -0.01067109544)
(0.01220508086 0 -0.01116532123)
(0.01221024277 0 -0.01166086214)
(0.0122084974 0 -0.01217064984)
(0.01219741601 0 -0.0126599295)
(0.01219981042 0 -0.01316676304)
(0.0121941649 0 -0.01367176292)
(0.01219437725 0 -0.01416164527)
(0.01219887831 0 -0.01466839366)
(0.01219351381 0 -0.01517343386)
(0.01219391148 0 -0.01566356294)
(0.0121988842 0 -0.0161707387)
(0.01219428379 0 -0.01667653442)
(0.01219607908 0 -0.01716826319)
(0.01220777016 0 -0.01768044707)
(0.0122051862 0 -0.01817456941)
(0.01221100806 0 -0.01867055896)
(0.01221073569 0 -0.01918199525)
(0.01220577162 0 -0.01967595573)
(0.01221062841 0 -0.02017135994)
(0.01220872057 0 -0.02068111708)
(0.012197514 0 -0.02117039292)
(0.01219978806 0 -0.02167728146)
(0.01219404702 0 -0.02218239559)
(0.01219428384 0 -0.02267245854)
(0.01219904756 0 -0.02317952852)
(0.01219420907 0 -0.02368519664)
(0.01219578386 0 -0.02417680163)
(0.01220730108 0 -0.02468887402)
(0.01220462604 0 -0.02518292041)
(0.0122104481 0 -0.02567889153)
(0.01221028096 0 -0.02619035654)
(0.01220550583 0 -0.02668437704)
(0.01221059756 0 -0.02717981103)
(0.01220898519 0 -0.0276895292)
(0.008451963466 0 -0.00047454174)
(0.008956021302 0 -0.0004602889764)
(0.009467212046 0 -0.0004519221589)
(0.009978370684 0 -0.0004502021273)
(0.0104825832 0 -0.0004456358468)
(0.01099208707 0 -0.0004229170147)
(0.01151624504 0 -0.0003959131927)
(0.0120200981 0 -0.0003719883454)
(0.001706854992 0 -0.02972835576)
(0.001707172952 0 -0.02873086493)
(0.001707457027 0 -0.0277334556)
(0.001707590171 0 -0.02673608666)
(0.001707551101 0 -0.0257386878)
(0.001707429009 0 -0.02474121659)
(0.001707356872 0 -0.02374368562)
(0.001707428898 0 -0.02274614465)
(0.001707655155 0 -0.02174865066)
(0.001707950929 0 -0.02075124954)
(0.001708155001 0 -0.0197539596)
(0.001708095592 0 -0.0187567541)
(0.001707688466 0 -0.01775956939)
(0.001706992494 0 -0.01676235426)
(0.001706164632 0 -0.01576512474)
(0.001705346453 0 -0.01476796986)
(0.001704579157 0 -0.01377098864)
(0.001703830394 0 -0.01277417145)
(0.001703154874 0 -0.01177727189)
(0.00170287178 0 -0.01077978577)
(0.001703425868 0 -0.009781177102)
(0.001704643513 0 -0.00878129252)
(0.001704555505 0 -0.007780722274)
(0.001698573507 0 -0.006780894619)
(0.001682250685 0 -0.005782942784)
(0.001657884573 0 -0.004787814137)
(0.001606727818 0 -0.003814445804)
(0.001505729514 0 -0.002874171949)
(0.01184194113 0 -0.0008286735011)
(0.01175686129 0 -0.001348243877)
(0.01171334786 0 -0.001868524134)
(0.01173871043 0 -0.00236991752)
(0.01183877764 0 -0.002837774187)
(0.01170874457 0 -0.003263320869)
(0.01163825711 0 -0.003750613414)
(0.0116147522 0 -0.004261469323)
(0.01161160272 0 -0.004774247027)
(0.0116097189 0 -0.0052828895)
(0.01161384927 0 -0.005789340954)
(0.01161701066 0 -0.006294692255)
(0.01161525344 0 -0.006798311404)
(0.01161717496 0 -0.007300251395)
(0.01161581984 0 -0.007800966269)
(0.01161236082 0 -0.008300948613)
(0.01161764264 0 -0.008801708841)
(0.01162071585 0 -0.009302083827)
(0.01162402643 0 -0.009802642037)
(0.01162940835 0 -0.01030394576)
(0.01162801061 0 -0.01080511663)
(0.01162821444 0 -0.01130558173)
(0.01163071415 0 -0.01180578367)
(0.01162578704 0 -0.01230543631)
(0.01162440387 0 -0.01280612241)
(0.0116231914 0 -0.01330706727)
(0.01161969926 0 -0.01380737341)
(0.01162203515 0 -0.01430762855)
(0.01162178071 0 -0.01480830162)
(0.01161853024 0 -0.01530900852)
(0.01162158581 0 -0.01580988141)
(0.01162251336 0 -0.01631124987)
(0.01162072239 0 -0.01681258028)
(0.011626029 0 -0.01731433388)
(0.01162778866 0 -0.01781494543)
(0.01162922863 0 -0.0183151428)
(0.01163283174 0 -0.018815736)
(0.01163000099 0 -0.0193161925)
(0.0116293202 0 -0.01981620402)
(0.01163135582 0 -0.02031621789)
(0.01162620189 0 -0.02081577936)
(0.01162460186 0 -0.02131650868)
(0.01162316773 0 -0.02181758352)
(0.0116195811 0 -0.02231818819)
(0.01162220737 0 -0.02281887366)
(0.01162262886 0 -0.02332000669)
(0.01162030968 0 -0.02382111759)
(0.01162514124 0 -0.02432268078)
(0.01162658421 0 -0.02482314264)
(0.01162791626 0 -0.02532328328)
(0.01163164291 0 -0.02582394715)
(0.01162913549 0 -0.02632453994)
(0.01162887901 0 -0.02682458547)
(0.01163144245 0 -0.02732462343)
(0.008733233514 0 -0.001076861972)
(0.009240214693 0 -0.001024953338)
(0.009773726103 0 -0.001018317093)
(0.01028587888 0 -0.001040973972)
(0.01080371561 0 -0.0009909164303)
(0.01133469604 0 -0.0009071510092)
(0.002556377345 0 -0.0292218517)
(0.00255695981 0 -0.02822432879)
(0.002557353073 0 -0.02722691751)
(0.002557401 0 -0.02622950638)
(0.002557186974 0 -0.02523199373)
(0.002556952751 0 -0.02423437043)
(0.002556918861 0 -0.0232367026)
(0.002557178706 0 -0.02223907034)
(0.002557677689 0 -0.02124154116)
(0.00255820382 0 -0.02024416477)
(0.002558429997 0 -0.01924694434)
(0.002558080521 0 -0.01824980542)
(0.002557127026 0 -0.01725264125)
(0.002555812833 0 -0.01625542845)
(0.002554460416 0 -0.015258294)
(0.002553237077 0 -0.01426147509)
(0.002552059307 0 -0.01326518081)
(0.002550738332 0 -0.01226934972)
(0.002549409397 0 -0.01127335645)
(0.002548945372 0 -0.01027596255)
(0.002550425308 0 -0.009275855149)
(0.002553219246 0 -0.008272439023)
(0.002552516715 0 -0.007266528135)
(0.002536930835 0 -0.006261409307)
(0.002498802572 0 -0.005257342262)
(0.002469865528 0 -0.004240476065)
(0.002370788451 0 -0.003282708886)
(0.01121100754 0 -0.001499868432)
(0.01113764633 0 -0.002118329424)
(0.01128067176 0 -0.002724120345)
(0.01105747109 0 -0.00322912848)
(0.01099340277 0 -0.003809390365)
(0.01096059475 0 -0.004365748862)
(0.01094884972 0 -0.004900706708)
(0.01094983143 0 -0.00542061649)
(0.01095859076 0 -0.00593214892)
(0.01096403642 0 -0.006440453997)
(0.01096331643 0 -0.006946222299)
(0.01095872689 0 -0.007447689109)
(0.01095299483 0 -0.007946204009)
(0.01095181265 0 -0.008445377092)
(0.01095572743 0 -0.008945074068)
(0.0109610367 0 -0.009445817246)
(0.01096677283 0 -0.009947467103)
(0.01097086705 0 -0.01044918255)
(0.01097216774 0 -0.01095086627)
(0.01097281754 0 -0.01145195041)
(0.01097235099 0 -0.01195212775)
(0.01097058283 0 -0.01245261739)
(0.01096955313 0 -0.01295307307)
(0.01096827216 0 -0.01345330052)
(0.01096747484 0 -0.01395376313)
(0.01096755068 0 -0.01445402941)
(0.01096679562 0 -0.01495460868)
(0.01096674196 0 -0.01545565529)
(0.01096815524 0 -0.01595646028)
(0.01096875488 0 -0.01645730554)
(0.01096986187 0 -0.01695866648)
(0.01097188088 0 -0.01745947199)
(0.01097327764 0 -0.01796015394)
(0.01097457147 0 -0.0184608752)
(0.01097518747 0 -0.0189611864)
(0.01097427426 0 -0.01946178947)
(0.01097407984 0 -0.01996236206)
(0.01097328205 0 -0.02046237513)
(0.01097150737 0 -0.02096288657)
(0.01097024335 0 -0.02146344289)
(0.01096896191 0 -0.02196391833)
(0.01096824065 0 -0.022464786)
(0.01096888541 0 -0.02296538481)
(0.01096862157 0 -0.02346601528)
(0.01096887008 0 -0.02396719183)
(0.01097021031 0 -0.0244678345)
(0.01097123466 0 -0.02496841081)
(0.01097251333 0 -0.02546911611)
(0.01097337934 0 -0.02596941199)
(0.01097302642 0 -0.02647002251)
(0.01097365098 0 -0.0269706353)
(0.01097362687 0 -0.02747083641)
(0.008529923791 0 -0.001789117107)
(0.009064077328 0 -0.001729078271)
(0.009551810917 0 -0.00158060876)
(0.01007940452 0 -0.001734562307)
(0.01064309413 0 -0.001674293456)
(0.00339938058 0 -0.02870931499)
(0.003400272776 0 -0.02771177784)
(0.00340062303 0 -0.02671432127)
(0.003400374261 0 -0.025716739)
(0.003399892833 0 -0.02471897012)
(0.003399612834 0 -0.02372110933)
(0.003399765888 0 -0.02272327616)
(0.00340038437 0 -0.02172554928)
(0.003401304159 0 -0.02072798757)
(0.003402086386 0 -0.01973064017)
(0.003402133961 0 -0.01873347079)
(0.003401110277 0 -0.01773631193)
(0.003399254944 0 -0.01673904376)
(0.003397160873 0 -0.01574178485)
(0.003395302963 0 -0.01474490413)
(0.003393719545 0 -0.01374891967)
(0.003391970125 0 -0.01275427835)
(0.003389509857 0 -0.01176084387)
(0.003386769823 0 -0.01076716842)
(0.003386118988 0 -0.009770378978)
(0.003389934768 0 -0.00876749355)
(0.003396118091 0 -0.007756464669)
(0.003394350746 0 -0.006737375156)
(0.003354870703 0 -0.005722736954)
(0.003264239371 0 -0.004716150507)
(0.003318514167 0 -0.00357056016)
(0.01050640432 0 -0.002489682502)
(0.01044427642 0 -0.003307369874)
(0.010350969 0 -0.003934551114)
(0.01029779856 0 -0.004517907442)
(0.01027356313 0 -0.005067440067)
(0.01027688925 0 -0.005595287944)
(0.01029630539 0 -0.006110653556)
(0.01030323993 0 -0.006624280315)
(0.01029316817 0 -0.007131664391)
(0.01027478967 0 -0.007629756777)
(0.01026681421 0 -0.008127539634)
(0.01026803312 0 -0.008626675321)
(0.01027629791 0 -0.009126476667)
(0.01028656995 0 -0.009627855051)
(0.01029603876 0 -0.01013051175)
(0.01030105995 0 -0.01063330362)
(0.01030245168 0 -0.01113480551)
(0.01030186554 0 -0.01163580796)
(0.01030063551 0 -0.01213596565)
(0.01029922525 0 -0.01263649883)
(0.01029812972 0 -0.01313660841)
(0.01029727398 0 -0.01363708595)
(0.01029672973 0 -0.01413726343)
(0.01029643935 0 -0.01463793621)
(0.01029676184 0 -0.01513834106)
(0.01029752478 0 -0.01563923007)
(0.01029871307 0 -0.01613974571)
(0.01029989828 0 -0.01664077461)
(0.01030125295 0 -0.01714146507)
(0.01030262182 0 -0.01764240777)
(0.01030377183 0 -0.01814296072)
(0.01030439251 0 -0.018643879)
(0.01030452666 0 -0.01914439871)
(0.01030408335 0 -0.01964534379)
(0.0103034023 0 -0.02014574274)
(0.01030239124 0 -0.02064638611)
(0.0103012265 0 -0.02114666162)
(0.01030023338 0 -0.02164727536)
(0.01029967678 0 -0.02214756293)
(0.01029941124 0 -0.02264831157)
(0.01029941404 0 -0.02314868098)
(0.01029934875 0 -0.02364957913)
(0.01029955358 0 -0.02415013248)
(0.01030010586 0 -0.02465092164)
(0.01030080033 0 -0.02515129896)
(0.01030143428 0 -0.02565204347)
(0.01030212482 0 -0.02615243876)
(0.01030267348 0 -0.02665330195)
(0.0103030754 0 -0.02715378814)
(0.008314679725 0 -0.002504383672)
(0.008924203504 0 -0.002413609744)
(0.00961661788 0 -0.002275977905)
(0.004231690255 0 -0.02918481393)
(0.004233363168 0 -0.02818700901)
(0.004234421248 0 -0.02718945247)
(0.004234321641 0 -0.02619176682)
(0.004233520556 0 -0.02519375126)
(0.004232834975 0 -0.02419556694)
(0.004232721765 0 -0.02319740983)
(0.00423327544 0 -0.02219940626)
(0.004234477153 0 -0.02120158755)
(0.004235999839 0 -0.02020397325)
(0.004236959422 0 -0.01920663119)
(0.004236306374 0 -0.0182093879)
(0.004233969234 0 -0.01721196249)
(0.004230878849 0 -0.01621436623)
(0.004228045851 0 -0.0152170512)
(0.004225911628 0 -0.01422078921)
(0.004224112748 0 -0.01322665721)
(0.004221415822 0 -0.01223570153)
(0.004216479346 0 -0.01124776481)
(0.004210776428 0 -0.01025967738)
(0.004210715681 0 -0.009264990651)
(0.004220459888 0 -0.008257606178)
(0.004232714796 0 -0.007230319434)
(0.004231427133 0 -0.006172426981)
(0.004129021908 0 -0.00514738772)
(0.003939197803 0 -0.004250697367)
(0.009789095101 0 -0.003512148018)
(0.009674530085 0 -0.004134693643)
(0.009603937213 0 -0.004713356784)
(0.009573710258 0 -0.005277704911)
(0.009587804159 0 -0.005811291901)
(0.009639588319 0 -0.006323956496)
(0.009635340467 0 -0.006846488431)
(0.009581351562 0 -0.007342942342)
(0.009557373358 0 -0.007843709672)
(0.009551486928 0 -0.008345929376)
(0.009557631679 0 -0.008847303843)
(0.009578052759 0 -0.009346385366)
(0.009598388203 0 -0.009850403578)
(0.009613172439 0 -0.01035403389)
(0.009614313142 0 -0.01085603405)
(0.009616060558 0 -0.01135696077)
(0.009611356939 0 -0.01185704402)
(0.0096118116 0 -0.01235727973)
(0.009607591852 0 -0.0128574277)
(0.009608835219 0 -0.01335778535)
(0.009605518528 0 -0.01385802917)
(0.009607709987 0 -0.01435849117)
(0.009605551939 0 -0.01485890124)
(0.009609016128 0 -0.01535949853)
(0.009607914245 0 -0.01586010175)
(0.00961205997 0 -0.0163608934)
(0.009611222051 0 -0.01686163411)
(0.009615337268 0 -0.01736246084)
(0.009614287961 0 -0.01786316153)
(0.009617900637 0 -0.01836399715)
(0.009615902087 0 -0.01886475982)
(0.00961831753 0 -0.01936565769)
(0.00961504839 0 -0.01986633579)
(0.009616388378 0 -0.0203670402)
(0.00961252113 0 -0.02086742478)
(0.00961382165 0 -0.02136788167)
(0.009610511882 0 -0.02186814279)
(0.009612685737 0 -0.02236858301)
(0.009610070661 0 -0.02286902514)
(0.009612545598 0 -0.02336970647)
(0.009610013068 0 -0.02387030209)
(0.009612635085 0 -0.02437097417)
(0.009610482296 0 -0.02487146299)
(0.00961357468 0 -0.02537207388)
(0.009611828986 0 -0.02587260824)
(0.009615242049 0 -0.02637327763)
(0.009613470389 0 -0.02687391239)
(0.004269334018 0 -0.003451156481)
(0.007359070354 0 -0.003310443193)
(0.008027507453 0 -0.003242035863)
(0.008665069795 0 -0.003129585328)
(0.00931247219 0 -0.002989951528)
(0.005053971001 0 -0.02864807547)
(0.005056458874 0 -0.02765027173)
(0.005056933405 0 -0.0266525267)
(0.005055720888 0 -0.02565413605)
(0.005054429283 0 -0.02465543227)
(0.005053903703 0 -0.02365675657)
(0.005054257486 0 -0.02265821817)
(0.005055436926 0 -0.021660132)
(0.005057476811 0 -0.02066215737)
(0.005059900381 0 -0.01966448138)
(0.005060509801 0 -0.01866695089)
(0.005058021511 0 -0.01766926945)
(0.005053666867 0 -0.01667113656)
(0.005049413768 0 -0.01567294942)
(0.005046285496 0 -0.01467564915)
(0.00504443532 0 -0.01368059561)
(0.005042798131 0 -0.01269022356)
(0.005038254799 0 -0.0117068795)
(0.005027837943 0 -0.01073111374)
(0.005016340095 0 -0.009755987759)
(0.005021303012 0 -0.008767421542)
(0.005044815915 0 -0.007755695749)
(0.00506165979 0 -0.006698158608)
(0.005077564724 0 -0.005471249157)
(0.00471679649 0 -0.004374828401)
(0.009941638431 0 -0.002889677404)
(0.008970992365 0 -0.004331004017)
(0.008880534246 0 -0.004950531031)
(0.008848125597 0 -0.005534271245)
(0.008889873273 0 -0.006078050775)
(0.009041762811 0 -0.006564108951)
(0.008886655433 0 -0.007035814616)
(0.00884043989 0 -0.007552801021)
(0.008818497962 0 -0.008075397491)
(0.008809638518 0 -0.008592267684)
(0.008820009017 0 -0.009098454491)
(0.00888160474 0 -0.00959559831)
(0.008909385416 0 -0.01010951651)
(0.008917095941 0 -0.01059942125)
(0.008917266776 0 -0.01110887265)
(0.008912823562 0 -0.01159727025)
(0.008910216662 0 -0.01210692371)
(0.008906917673 0 -0.01259646232)
(0.008905424287 0 -0.01310682175)
(0.008903504485 0 -0.01359680168)
(0.008903217496 0 -0.01410741658)
(0.008902894048 0 -0.01459770698)
(0.008904193759 0 -0.01510860872)
(0.0089055607 0 -0.01559908758)
(0.008908092521 0 -0.01611018614)
(0.00890997549 0 -0.0166007451)
(0.008912504064 0 -0.01711186612)
(0.008914259128 0 -0.01760227668)
(0.008916498969 0 -0.01811333669)
(0.008917311781 0 -0.01860367093)
(0.008918154932 0 -0.01911476077)
(0.008916987477 0 -0.01960507417)
(0.008916155633 0 -0.02011602274)
(0.008913690552 0 -0.02060616303)
(0.008912351332 0 -0.02111681626)
(0.008910456645 0 -0.02160681305)
(0.008910218749 0 -0.0221173983)
(0.008909763436 0 -0.02260749136)
(0.00891026643 0 -0.02311833559)
(0.008909786817 0 -0.02360864998)
(0.008910097344 0 -0.02411957427)
(0.008909849255 0 -0.0246098802)
(0.008910730734 0 -0.02512077036)
(0.008911168652 0 -0.02561107519)
(0.008912578341 0 -0.02612197897)
(0.008913466334 0 -0.02661226741)
(0.005514565465 0 -0.004380308161)
(0.006294748599 0 -0.004239232262)
(0.007024933867 0 -0.004094228858)
(0.007741156558 0 -0.003988021342)
(0.008434467287 0 -0.003847208677)
(0.00911718461 0 -0.003677616854)
(0.00586507805 0 -0.02809226658)
(0.005867715721 0 -0.02709407744)
(0.005865456779 0 -0.02609572075)
(0.005863406764 0 -0.02509591092)
(0.00586229987 0 -0.02409692135)
(0.005862239992 0 -0.02309715284)
(0.00586372633 0 -0.02209844499)
(0.005864986161 0 -0.02110026413)
(0.005869093082 0 -0.02010227887)
(0.005872233079 0 -0.0191042675)
(0.005870860228 0 -0.01810574879)
(0.005864749034 0 -0.01710735306)
(0.005858528644 0 -0.01610788021)
(0.005854011355 0 -0.01510897924)
(0.005851175585 0 -0.01411138013)
(0.005851210418 0 -0.01311855769)
(0.005850050544 0 -0.01213470069)
(0.005842045973 0 -0.01116595536)
(0.00581921035 0 -0.01021683197)
(0.005797551043 0 -0.009270711434)
(0.005825934378 0 -0.008298322897)
(0.005873614903 0 -0.007290162759)
(0.005878446462 0 -0.00624235826)
(0.005997134942 0 -0.005211628058)
(0.008253663595 0 -0.004543485504)
(0.008141868784 0 -0.005214402167)
(0.008129436 0 -0.005873725917)
(0.008264284391 0 -0.006533825375)
(0.008157269913 0 -0.007184629875)
(0.008116843666 0 -0.007751769831)
(0.008085498415 0 -0.008324078924)
(0.008035984571 0 -0.008871597199)
(0.00807585224 0 -0.009416694173)
(0.008262876916 0 -0.009890341051)
(0.00813837358 0 -0.01038941782)
(0.008282393282 0 -0.01087059457)
(0.00813250489 0 -0.01136938111)
(0.008274253631 0 -0.01186099159)
(0.008123821381 0 -0.01236362742)
(0.008267894563 0 -0.01285904755)
(0.00811843043 0 -0.01336297329)
(0.008264506254 0 -0.01385941032)
(0.008116601131 0 -0.0143642433)
(0.008264841427 0 -0.014861166)
(0.008118851958 0 -0.01536675702)
(0.008268999446 0 -0.01586352394)
(0.008124296016 0 -0.0163690256)
(0.008274412722 0 -0.016865469)
(0.00812969886 0 -0.01737072952)
(0.008279946717 0 -0.01786689357)
(0.008134689249 0 -0.01837167001)
(0.008283087467 0 -0.01886766871)
(0.008135549208 0 -0.01937176444)
(0.008281431735 0 -0.01986802321)
(0.008132024245 0 -0.0203717027)
(0.008276638444 0 -0.02086830702)
(0.00812710599 0 -0.02137219241)
(0.008273226359 0 -0.0218690171)
(0.008125404637 0 -0.02237335249)
(0.008273249377 0 -0.02287004137)
(0.008125753751 0 -0.02337434126)
(0.008272931208 0 -0.02387114644)
(0.008125376004 0 -0.02437564464)
(0.008273331398 0 -0.02487255464)
(0.008126694476 0 -0.02537720621)
(0.008275132726 0 -0.0258740065)
(0.008129159386 0 -0.02637860797)
(0.006783373579 0 -0.004960853906)
(0.007522204111 0 -0.004742920499)
(0.006667479639 0 -0.02751431266)
(0.006666832727 0 -0.02651360266)
(0.006657945812 0 -0.02551659622)
(0.006662058715 0 -0.02451339156)
(0.006655683963 0 -0.0235159667)
(0.006662512746 0 -0.02251282011)
(0.006660220658 0 -0.02151414068)
(0.006664023133 0 -0.02051805518)
(0.006672180196 0 -0.01951877814)
(0.006672874101 0 -0.01851925151)
(0.006667901037 0 -0.01751807571)
(0.006654710016 0 -0.01652122541)
(0.006652136027 0 -0.01551807855)
(0.006644576315 0 -0.01451812066)
(0.006646700022 0 -0.01351975989)
(0.006649262047 0 -0.01252944303)
(0.006649675903 0 -0.01155412741)
(0.006637423518 0 -0.01061132288)
(0.006582002997 0 -0.009719375938)
(0.006550786037 0 -0.008841773946)
(0.006662123547 0 -0.00790539337)
(0.006707506572 0 -0.006840769215)
(0.007404287321 0 -0.005496470916)
(0.006659640189 0 -0.005855391146)
(0.007405102324 0 -0.006221771764)
(0.007548627758 0 -0.006841955734)
(0.007468406407 0 -0.008012860946)
(0.007295513289 0 -0.009271598444)
(0.007439150071 0 -0.01002967415)
(0.007460899167 0 -0.01093914988)
(0.007455572216 0 -0.011912861)
(0.007449198957 0 -0.012905075)
(0.007446137037 0 -0.01390347158)
(0.007447518446 0 -0.01490602796)
(0.007451660954 0 -0.01591024811)
(0.007457423184 0 -0.01691138487)
(0.007465780011 0 -0.01791348092)
(0.007468790171 0 -0.01891346574)
(0.007465735362 0 -0.01991190176)
(0.00745992088 0 -0.02090930428)
(0.007456839036 0 -0.0219098723)
(0.007457345936 0 -0.02291200763)
(0.00745585962 0 -0.02391253631)
(0.007457089071 0 -0.02491452194)
(0.00745829855 0 -0.02591536455)
(0.007463399844 0 -0.02691703207)
(0.00737025896 0 -0.00742058546)
(0.007293800788 0 -0.008584858244)
(0.008876792518 0.0007766187138 -0.0004849127162)
(0.009918720182 0.0008677755726 -0.000449382451)
(0.01093266068 0.0009564838716 -0.0003980129443)
(0.01179503677 0.001031932004 -0.0004376367178)
(0.01226084522 0.001072684962 -0.0006910534157)
(0.01226481304 0.001073032102 -0.001748600456)
(0.01218394466 0.001065957035 -0.002759631044)
(0.01221346233 0.001068539496 -0.003750130322)
(0.01218391657 0.001065954577 -0.004740984458)
(0.01216894264 0.001064644528 -0.005771526483)
(0.01221242762 0.001068448971 -0.006772254658)
(0.01220758015 0.001068024872 -0.007765599438)
(0.01222543578 0.001069587038 -0.008762800063)
(0.01221359306 0.001068550934 -0.009742877353)
(0.0121937146 0.001066811794 -0.01074885264)
(0.01220069098 0.001067422148 -0.01174834654)
(0.01218684038 0.001066210377 -0.01276858716)
(0.01219580652 0.001066994813 -0.01377397501)
(0.01222212374 0.001069297272 -0.01477156601)
(0.01216727202 0.001064498368 -0.01574965159)
(0.01216196217 0.001064033816 -0.01678155964)
(0.01218130001 0.001065725658 -0.01780167243)
(0.01226125475 0.001072720791 -0.01877173296)
(0.01217154455 0.001064872166 -0.01975010289)
(0.01215199859 0.001063162116 -0.02078328449)
(0.01219525773 0.0010669468 -0.02180202682)
(0.0122432008 0.001071141275 -0.02278655902)
(0.01222405403 0.00106946615 -0.02376715005)
(0.01217997532 0.001065609763 -0.02475778555)
(0.01217245922 0.001064952189 -0.02578404603)
(0.01219227881 0.001066686178 -0.0267819157)
(0.0008786647028 7.687320054e-05 -0.0282411389)
(0.0008776476107 7.678421651e-05 -0.02624736805)
(0.0008773358813 7.675694372e-05 -0.02425206698)
(0.0008811053265 7.708672744e-05 -0.02225752842)
(0.000884503149 7.738399839e-05 -0.02026400558)
(0.0008834035572 7.728779657e-05 -0.01827003876)
(0.0008782897168 7.684039351e-05 -0.01627569339)
(0.0008724239119 7.632720208e-05 -0.01427968047)
(0.0008698033787 7.609793514e-05 -0.01228371827)
(0.0008699463127 7.611044024e-05 -0.01028950316)
(0.0008753623849 7.658428515e-05 -0.008294399427)
(0.0008898667848 7.785325572e-05 -0.006292240137)
(0.0008957044184 7.836398248e-05 -0.004278803629)
(0.009398434881 0.0008222565069 -0.0004621385679)
(0.01043118214 0.0009126101843 -0.0004371694851)
(0.01136829546 0.000994596976 -0.0003257540031)
(0.01227788078 0.00107417538 -0.001237038585)
(0.01221420748 0.001068604688 -0.002252593761)
(0.01218231896 0.001065814805 -0.00324903508)
(0.0122117873 0.00106839295 -0.004257732293)
(0.0121701232 0.001064747814 -0.005256056736)
(0.01218004158 0.001065615559 -0.006284686958)
(0.01221985553 0.001069098829 -0.007272604668)
(0.0122316327 0.001070129198 -0.008258844947)
(0.01219463638 0.001066892439 -0.009252717069)
(0.01221554266 0.001068721502 -0.01024692853)
(0.0121947893 0.001066905818 -0.01124515061)
(0.01219717725 0.001067114736 -0.01226918154)
(0.01218742722 0.00106626172 -0.0132667453)
(0.01222382917 0.001069446477 -0.01425466053)
(0.01218176347 0.001065766205 -0.01526493833)
(0.01216568334 0.001064359376 -0.01626649174)
(0.01216569989 0.001064360824 -0.01729351934)
(0.01222772489 0.001069787309 -0.01828215566)
(0.01222348453 0.001069416325 -0.01928002932)
(0.01215510725 0.001063434088 -0.02026467009)
(0.01216066649 0.001063920459 -0.02130653684)
(0.0122365509 0.001070559484 -0.02228914537)
(0.01221642225 0.001068798455 -0.02327722334)
(0.01221313726 0.001068511056 -0.02426719579)
(0.01217068028 0.001064796552 -0.02526923482)
(0.01218181094 0.001065770358 -0.02628410813)
(0.01220153388 0.001067495892 -0.02728100601)
(0.0008783473199 7.684543313e-05 -0.02923778611)
(0.0008782945875 7.684081964e-05 -0.02724447335)
(0.0008764932224 7.668322061e-05 -0.02524971641)
(0.0008782248169 7.68347155e-05 -0.02325438941)
(0.0008824849488 7.720742875e-05 -0.02126049276)
(0.0008835501913 7.730062539e-05 -0.01926685705)
(0.0008807910872 7.705923506e-05 -0.01727285104)
(0.000874722153 7.652827212e-05 -0.01527766454)
(0.0008702678271 7.61385691e-05 -0.01328120407)
(0.0008692023524 7.604535214e-05 -0.0112863218)
(0.0008718345879 7.627564291e-05 -0.009292295491)
(0.00088184594 7.715152273e-05 -0.007294878581)
(0.0008980752542 7.857140373e-05 -0.005286157342)
(0.0008678111759 7.592363997e-05 -0.003276142628)
(0.01157075272 0.001012309692 -0.003526973468)
(0.008547809257 0.000747836408 -0.001146369511)
(0.00967947241 0.0008468441048 -0.001008719109)
(0.01078647978 0.0009436946998 -0.0009533140968)
(0.01132021267 0.0009903902771 -0.0007654013526)
(0.01169262147 0.001022971826 -0.001946166174)
(0.01158712938 0.001013742464 -0.004468840981)
(0.01155083877 0.001010567447 -0.003008646777)
(0.01185955626 0.001037576728 -0.001473628473)
(0.01172606852 0.001025898064 -0.00399939654)
(0.01159452601 0.001014389585 -0.002475341148)
(0.01150040422 0.001006154996 -0.005525046292)
(0.01156133287 0.001011485562 -0.006583085317)
(0.01159426297 0.001014366572 -0.007526024482)
(0.01176214616 0.001029054448 -0.008507877418)
(0.01155192327 0.001010662328 -0.009489343996)
(0.01159467685 0.001014402782 -0.01044280326)
(0.01163582842 0.001018003077 -0.01147392572)
(0.01160396315 0.001015215227 -0.01250915953)
(0.01158001821 0.001013120316 -0.01354295058)
(0.01173163218 0.001026384821 -0.0145098847)
(0.01153636741 0.001009301367 -0.01547604483)
(0.0114855268 0.00100485339 -0.0165317717)
(0.01149411182 0.001005604482 -0.01761236741)
(0.01177334177 0.001030033937 -0.01856048929)
(0.01156051464 0.001011413975 -0.01943643125)
(0.0114509539 0.001001828653 -0.02051354973)
(0.01152895229 0.001008652628 -0.02159876631)
(0.01178170958 0.001030766025 -0.02255370271)
(0.0116084097 0.00101560425 -0.02351503496)
(0.01156042449 0.001011406088 -0.02445444516)
(0.01149696581 0.001005854173 -0.0255022764)
(0.01160521764 0.001015324981 -0.02652678115)
(0.01161384504 0.001016079781 -0.02754286152)
(0.001759271805 0.000153916339 -0.02774419922)
(0.001754731466 0.0001535191108 -0.0257506331)
(0.001755474894 0.0001535841523 -0.02375453558)
(0.00176493296 0.0001544116258 -0.0217616329)
(0.001770261752 0.0001548778347 -0.01976886993)
(0.00176700222 0.0001545926627 -0.0177751755)
(0.001753528959 0.0001534139051 -0.01578004015)
(0.001741699855 0.0001523789925 -0.01378158201)
(0.00173918509 0.0001521589791 -0.01178613858)
(0.001740925587 0.0001523112529 -0.009794337318)
(0.001755183796 0.0001535586846 -0.007800820411)
(0.001788148005 0.0001564426792 -0.005787122393)
(0.001783997014 0.0001560795145 -0.003729676923)
(0.01180311157 0.001032638457 -0.0009968749432)
(0.01146228048 0.0010028196 -0.02106350314)
(0.0117643375 0.001029246165 -0.01899539997)
(0.01156514899 0.001011819429 -0.01812763396)
(0.01148044576 0.001004408857 -0.01707285507)
(0.01158314147 0.001013393567 -0.01496954464)
(0.01161244897 0.001015957641 -0.01404475716)
(0.01162803887 0.00101732158 -0.01200218617)
(0.009109204165 0.0007969520982 -0.001055560159)
(0.01023060173 0.0008950616728 -0.001008309928)
(0.01153129587 0.001008857665 -0.004989021682)
(0.01159834768 0.001014723938 -0.01096220269)
(0.01149822264 0.001005964132 -0.006065641798)
(0.01172361715 0.001025683596 -0.007044547277)
(0.01162187787 0.001016782563 -0.008036637485)
(0.01157983078 0.001013103919 -0.008978867584)
(0.01172195382 0.001025538074 -0.009972020131)
(0.01159138592 0.001014114863 -0.01302717983)
(0.01149737094 0.001005889618 -0.01599781966)
(0.01147066428 0.001003553087 -0.01996268994)
(0.01162240345 0.001016828545 -0.02210690757)
(0.01165013604 0.001019254832 -0.02301266856)
(0.01172852602 0.001026113067 -0.02399241341)
(0.01150051635 0.001006164805 -0.02497304411)
(0.01153372797 0.001009070446 -0.02602084497)
(0.01162833152 0.001017347184 -0.02704701972)
(0.001759743803 0.0001539576335 -0.0287402887)
(0.001756203528 0.0001536478996 -0.02674782216)
(0.001753643759 0.0001534239488 -0.02475261381)
(0.001760599591 0.0001540325053 -0.02275810313)
(0.001769647439 0.0001548240893 -0.02076566616)
(0.001768286197 0.0001547049961 -0.0187717215)
(0.001760209057 0.0001539983379 -0.01677772781)
(0.001747275149 0.0001528667676 -0.01478140531)
(0.001740166928 0.0001522448788 -0.01278329049)
(0.00173874912 0.0001521208367 -0.01078982346)
(0.001746759286 0.0001528216354 -0.008798779308)
(0.001770049817 0.0001548592929 -0.006798810918)
(0.001803537379 0.0001577890749 -0.004763272694)
(0.01060405365 0.0009277344815 -0.001585452838)
(0.01073798846 0.0009394522591 -0.01683206927)
(0.01082308297 0.0009468970639 -0.002709943152)
(0.002617582806 0.0002290088214 -0.01428373476)
(0.01078289287 0.0009433808865 -0.01806921623)
(0.01092233667 0.0009555806375 -0.009915706315)
(0.009989526996 0.0008739703662 -0.001640643554)
(0.009436211072 0.0008255614954 -0.001572088833)
(0.01082407318 0.0009469836966 -0.004626295083)
(0.01127228332 0.0009861970029 -0.001426776763)
(0.01074461482 0.0009400319909 -0.005849161109)
(0.01088159028 0.000952015791 -0.01220681495)
(0.01102084071 0.0009641986247 -0.002080675979)
(0.01091259747 0.0009547285685 -0.007139045592)
(0.01077670138 0.0009428392008 -0.006477137722)
(0.002664201222 0.0002330874042 -0.02027334605)
(0.01094174256 0.0009572784335 -0.01448315386)
(0.01085295062 0.0009495101453 -0.01387142099)
(0.01073565334 0.0009392479631 -0.01743741192)
(0.01071568353 0.0009375008305 -0.02144038766)
(0.01092442782 0.0009557635901 -0.02391034905)
(0.01073957319 0.0009395909054 -0.02577996196)
(0.01098971097 0.0009614751249 -0.02681529019)
(0.002627423445 0.0002298697658 -0.008312261078)
(0.002732641425 0.0002390751461 -0.004227883309)
(0.01076156804 0.000941515205 -0.01951090234)
(0.002667639307 0.0002333881978 -0.00631385773)
(0.002646976898 0.0002315804712 -0.02824398851)
(0.0108726854 0.0009512367145 -0.01330361568)
(0.002644490847 0.0002313629699 -0.02923966806)
(0.002634243773 0.0002304664671 -0.02525480575)
(0.002644877472 0.0002313967952 -0.0232604675)
(0.002658291326 0.0002325703554 -0.02126912)
(0.002611910859 0.0002285125903 -0.01228513663)
(0.002654975002 0.0002322802146 -0.01728158739)
(0.002650858282 0.0002319200483 -0.02226450874)
(0.002627977548 0.0002299182435 -0.01528461462)
(0.002611659628 0.0002284906105 -0.01328238817)
(0.01088699307 0.0009524884736 -0.01273990611)
(0.002616207132 0.0002288884655 -0.009304755135)
(0.002643430596 0.00023127021 -0.007317945877)
(0.002700613376 0.000236273055 -0.005287246859)
(0.01102493685 0.0009645569906 -0.011711806)
(0.01075624053 0.0009410491086 -0.005236307744)
(0.002610245635 0.000228366902 -0.01029658729)
(0.002641104523 0.0002310667049 -0.0162834851)
(0.002659772602 0.0002326999502 -0.01827849392)
(0.01067827493 0.0009342280024 -0.02081287807)
(0.002636837834 0.000230693418 -0.02625234762)
(0.01080270041 0.0009451138213 -0.02633432981)
(0.002663688298 0.0002330425293 -0.01927594673)
(0.01105273885 0.0009669893502 -0.008499322061)
(0.008924164483 0.0007807632237 -0.001800237088)
(0.0107592197 0.0009413097519 -0.003328066161)
(0.01066862829 0.000933384031 -0.009153077327)
(0.01073992147 0.0009396213762 -0.01625063264)
(0.01086920172 0.0009509319323 -0.007852825959)
(0.01086064559 0.0009501833678 -0.02731013176)
(0.01077907598 0.0009430469516 -0.02457098415)
(0.01088390872 0.000952218628 -0.01119228981)
(0.01083218942 0.0009476937753 -0.02205232806)
(0.01075168332 0.0009406504041 -0.01567553855)
(0.0108018931 0.0009450431905 -0.01509225341)
(0.01113349095 0.0009740542434 -0.02260161301)
(0.01088872675 0.0009526401509 -0.02321210384)
(0.0107376031 0.0009394185446 -0.02519169098)
(0.01088818224 0.0009525925124 -0.01060837558)
(0.01068393712 0.0009347233797 -0.02017443855)
(0.01092692601 0.0009559821528 -0.003974508937)
(0.002645452078 0.0002314470668 -0.02724903192)
(0.002634856889 0.0002305201078 -0.02425633004)
(0.002610827706 0.0002284178267 -0.01129050638)
(0.008336446466 0.0007293445599 -0.001946173422)
(0.0110043397 0.0009627549736 -0.01878225312)
(0.003486683104 0.0003050452449 -0.01378369654)
(0.009982114554 0.0008733218615 -0.02621827295)
(0.008882299851 0.000777100543 -0.002596778905)
(0.01001049005 0.0008758043961 -0.004872111215)
(0.009940799621 0.0008697072732 -0.009686848647)
(0.009997209631 0.0008746425096 -0.01533567512)
(0.003489876296 0.000305324613 -0.01178884135)
(0.003498487777 0.0003060780199 -0.008823667309)
(0.01021053807 0.0008933063297 -0.01166910269)
(0.01021179991 0.0008934167262 -0.008406890409)
(0.01008006508 0.0008818914222 -0.01411157435)
(0.01013929087 0.0008870730076 -0.01094893356)
(0.003571092266 0.0003124300897 -0.01978452273)
(0.009964305672 0.0008717637862 -0.01778067303)
(0.01005589829 0.0008797771023 -0.01472248752)
(0.01006995886 0.0008810072421 -0.02345153938)
(0.003549449079 0.0003105365562 -0.02277173553)
(0.01029155273 0.0009003941943 -0.002245954197)
(0.01005163487 0.0008794041011 -0.007646801605)
(0.003750704442 0.0003281441189 -0.003675692306)
(0.01025578665 0.0008972650675 -0.01029899003)
(0.009999281346 0.0008748237612 -0.01715063333)
(0.009920454345 0.0008679272922 -0.01981218072)
(0.00998528118 0.0008735989054 -0.02191385257)
(0.01016593771 0.0008894043041 -0.004269415677)
(0.003537117459 0.0003094576792 -0.0267555281)
(0.01009891659 0.0008835407154 -0.01350851168)
(0.003549246085 0.0003105187965 -0.02874589162)
(0.003566523799 0.0003120304006 -0.020781722)
(0.003519038073 0.0003078759379 -0.02476088043)
(0.003531438632 0.0003089608462 -0.0237649352)
(0.003499356489 0.0003061540224 -0.01478822422)
(0.003486306425 0.0003050122897 -0.01278141565)
(0.003543300494 0.0003099986247 -0.006858767724)
(0.009940021048 0.0008696391569 -0.003661827675)
(0.00800222202 0.0007001037098 -0.002817196959)
(0.003550334499 0.0003106140204 -0.01678921129)
(0.003484780911 0.0003048788246 -0.009810002023)
(0.003523512101 0.0003082673647 -0.0157901451)
(0.009855211555 0.0008622192877 -0.002935344825)
(0.003562278397 0.0003116589761 -0.01778720481)
(0.009910222298 0.0008670321041 -0.02120209582)
(0.003547297836 0.0003103483468 -0.02775041615)
(0.003557387143 0.0003112310468 -0.02177688948)
(0.00352080766 0.0003080307567 -0.02575835022)
(0.009983971995 0.0008734843665 -0.005535424051)
(0.00953306515 0.0008340351292 -0.008987835404)
(0.009971394998 0.0008723840219 -0.01593555599)
(0.01000506777 0.0008753300078 -0.01652702408)
(0.003572020485 0.0003125112983 -0.01878704469)
(0.01013883089 0.000887032764 -0.02691301229)
(0.01018420698 0.000891002658 -0.02266888409)
(0.009967447529 0.0008720386631 -0.02554494679)
(0.01001292632 0.0008760175419 -0.006919517164)
(0.009548135474 0.0008353536117 -0.002219549509)
(0.003522273563 0.0003081590066 -0.007844033456)
(0.003484878127 0.0003048873298 -0.01079917556)
(0.009995028439 0.00087445168 -0.01843944745)
(0.009988646279 0.0008738933134 -0.006222408322)
(0.009892905961 0.0008655171209 -0.02050826715)
(0.01025233369 0.0008969629725 -0.01296011664)
(0.003575460044 0.0003128122207 -0.005856140739)
(0.003641542933 0.0003185937243 -0.004816000002)
(0.009988489007 0.0008738795539 -0.01911326228)
(0.004454796777 0.0003897442163 -0.01629732773)
(0.0101224621 0.0008856006809 -0.01236386961)
(0.009317359753 0.0008151633524 -0.01200632598)
(0.004477526224 0.0003917327852 -0.0222925466)
(0.004431598228 0.0003877146063 -0.02626308336)
(0.004375016964 0.0003827643871 -0.0112969583)
(0.009328909337 0.0008161738101 -0.01121085997)
(0.009161436126 0.0008015218027 -0.02666976399)
(0.00999314834 0.0008742871927 -0.02486372597)
(0.01003676842 0.0008781034552 -0.02416410685)
(0.009214053908 0.000806125262 -0.02308276861)
(0.00490550846 0.0004291763791 -0.003579277151)
(0.004495580164 0.0003933123003 -0.01830084148)
(0.004357623428 0.0003812426498 -0.01327929398)
(0.009241353353 0.000808513654 -0.008190497727)
(0.009113072639 0.0007972905458 -0.01805445387)
(0.004500051785 0.0003937035165 -0.01930174574)
(0.004437441685 0.0003882258425 -0.007403050476)
(0.009162761624 0.0008016377686 -0.01739807552)
(0.004454483714 0.0003897168268 -0.02328324442)
(0.004494588591 0.0003932255489 -0.02030022353)
(0.009307545003 0.000814304673 -0.01363194743)
(0.004479258707 0.0003918843579 -0.02825661502)
(0.004362223013 0.0003816450614 -0.01428845154)
(0.004378226172 0.0003830451564 -0.01227996042)
(0.009112285202 0.000797221654 -0.01944565979)
(0.00947873775 0.0008292820976 -0.01040808385)
(0.004480501125 0.0003919930554 -0.01729562745)
(0.004365100238 0.000381896786 -0.009334860477)
(0.004418917149 0.0003866051556 -0.02427413197)
(0.004400259975 0.0003849728644 -0.01529577247)
(0.009115544348 0.0007975067923 -0.02160762805)
(0.004459644597 0.0003901683456 -0.02725718896)
(0.00448722956 0.0003925817172 -0.0212994641)
(0.004408514018 0.0003856949995 -0.02526791335)
(0.008935238698 0.000781732092 -0.003411595797)
(0.004403617583 0.000385266617 -0.008366747734)
(0.009188273755 0.000803869791 -0.02234776346)
(0.009233379436 0.0008078160267 -0.005108687996)
(0.008926626371 0.000780978611 -0.009712631602)
(0.00934026687 0.0008171674654 -0.01681742415)
(0.004354537366 0.0003809726544 -0.01031285953)
(0.009088517321 0.0007951422338 -0.02016339828)
(0.009149971553 0.0008005187824 -0.02593523542)
(0.009250435804 0.0008093082655 -0.005879606767)
(0.00916825668 0.0008021185238 -0.007366607952)
(0.009167909768 0.0008020881729 -0.01560660613)
(0.004449669979 0.0003892956796 -0.006440515248)
(0.009076187087 0.0007940634781 -0.02088151677)
(0.009121103313 0.0007979931387 -0.01873969154)
(0.009299232736 0.0008135774439 -0.01431896527)
(0.004628490725 0.0004049404676 -0.004481452789)
(0.009206246645 0.000805442215 -0.004285485447)
(0.009418904704 0.0008240473845 -0.01286040353)
(0.009248113508 0.0008091050909 -0.0149779947)
(0.005358605369 0.0004688172221 -0.0158011966)
(0.00673614626 0.0005893364336 -0.00407021082)
(0.005246119099 0.0004589759486 -0.01080993258)
(0.008313887317 0.0007273708901 -0.008852175199)
(0.004493079531 0.0003930935232 -0.00546113027)
(0.009206142506 0.0008054331041 -0.02380676332)
(0.007931568403 0.0006939223193 -0.003907537494)
(0.005310046851 0.0004645689022 -0.01177231114)
(0.005211464471 0.0004559440616 -0.01378481624)
(0.005430337302 0.0004750929531 -0.01781345798)
(0.008574245238 0.0007501492567 -0.01059941381)
(0.008261863357 0.0007228193833 -0.01755963507)
(0.009181082391 0.0008032406281 -0.0162373914)
(0.005453788338 0.0004771446528 -0.01882551936)
(0.009249855752 0.0008092575175 -0.02451215043)
(0.009189868599 0.0008040093217 -0.006607928272)
(0.005428839885 0.000474961946 -0.02282120619)
(0.008265103055 0.0007231028201 -0.02708348847)
(0.005433441774 0.0004753645592 -0.02776131717)
(0.005456315618 0.0004773657612 -0.01982532282)
(0.009228792884 0.0008074147554 -0.02523537466)
(0.008419828797 0.0007366395686 -0.01150035243)
(0.005672315757 0.0004962633247 -0.004242297165)
(0.008279410445 0.0007243545546 -0.01905207862)
(0.005255267913 0.0004597763662 -0.01277839575)
(0.005321598414 0.0004655795331 -0.0257734872)
(0.008290191265 0.0007252977542 -0.02350337706)
(0.005433903336 0.0004754049406 -0.01680109754)
(0.005375572032 0.0004703016127 -0.02675615154)
(0.005348212366 0.0004679079522 -0.02380491171)
(0.00524944787 0.0004592671784 -0.01479349638)
(0.005277906778 0.0004617570102 -0.008889482276)
(0.005430697257 0.000475124445 -0.02082912834)
(0.00520620686 0.0004554840802 -0.009834902203)
(0.005301535904 0.0004638242909 -0.02478750546)
(0.005441962963 0.0004761100666 -0.02182968524)
(0.00853989282 0.0007471438095 -0.01317499734)
(0.008604136155 0.000752764373 -0.005520625568)
(0.008264155861 0.0007230199515 -0.007832687663)
(0.008231227924 0.0007201391303 -0.02627924053)
(0.008221751713 0.0007193100692 -0.02126410941)
(0.007889285517 0.000690223046 -0.00987694349)
(0.008335446404 0.0007292570657 -0.01594735038)
(0.00829900286 0.0007260686688 -0.02200281782)
(0.008491338782 0.0007428958816 -0.01235391642)
(0.008379467257 0.0007331083914 -0.02422949916)
(0.008230702288 0.000720093143 -0.01831730832)
(0.005384693287 0.0004710996192 -0.00699243955)
(0.00827265303 0.0007237633574 -0.01979683957)
(0.008329706194 0.0007287548625 -0.004810754256)
(0.008350994116 0.0007306173144 -0.01521649831)
(0.00534602708 0.0004677167644 -0.007945726604)
(0.008500216681 0.0007436725971 -0.01392789027)
(0.008323563197 0.0007282174199 -0.02276122532)
(0.008430170153 0.00073754432 -0.006199193178)
(0.007566008268 0.0006619399516 -0.01089178872)
(0.007347120572 0.0006427897596 -0.018690642)
(0.007310775339 0.0006396099637 -0.01787560847)
(0.007269918429 0.0006360354473 -0.008192613403)
(0.006126568388 0.0005360052803 -0.00943472591)
(0.007353221639 0.0006433235338 -0.004824781443)
(0.00649532915 0.0005682676665 -0.01628836816)
(0.00779094724 0.0006816195617 -0.0127804035)
(0.006380713433 0.0005582400906 -0.02038193218)
(0.00597375789 0.000522636094 -0.0102978123)
(0.008214160435 0.0007186459184 -0.02052322815)
(0.006390265548 0.0005590757924 -0.01734356021)
(0.007369948276 0.000644786925 -0.02753804871)
(0.006520442663 0.0005704648141 -0.0223785964)
(0.005335921596 0.0004668326491 -0.006069598046)
(0.006386606678 0.0005587556827 -0.01833029977)
(0.008441289312 0.0007385171203 -0.01677005059)
(0.006219609028 0.0005441452815 -0.0122909394)
(0.007380946121 0.0006457491117 -0.0119483459)
(0.006187290162 0.0005413177472 -0.02530029839)
(0.006076498838 0.0005316247623 -0.01331061641)
(0.006373608386 0.0005576184795 -0.01119310258)
(0.006290430961 0.0005503413978 -0.02623618834)
(0.00634799128 0.0005553772732 -0.02339935254)
(0.006043182925 0.0005287099976 -0.01428017771)
(0.006330308293 0.0005538302123 -0.007552274497)
(0.006366015327 0.0005569541729 -0.02722032315)
(0.008595500618 0.0007520088614 -0.01459311634)
(0.006209350057 0.0005432477379 -0.02433044432)
(0.006381223089 0.0005582846797 -0.02134709929)
(0.005407156619 0.000473064906 -0.005128714266)
(0.007278895462 0.0006368208359 -0.02665031764)
(0.007127344792 0.0006235618703 -0.009157849736)
(0.006249082241 0.0005467238535 -0.008513188394)
(0.007699206755 0.0006735933092 -0.01356313289)
(0.007340146879 0.0006421796406 -0.007248349025)
(0.008345816602 0.0007301643405 -0.02553408198)
(0.007292167892 0.000637982023 -0.02088926332)
(0.006194696372 0.0005419657066 -0.0152686988)
(0.006525911872 0.000570943308 -0.01936970679)
(0.008583026017 0.0007509174752 -0.02488220367)
(0.006372699125 0.0005575389295 -0.004921464023)
(0.008306000897 0.0007266809177 -0.006961824465)
(0.007316596021 0.0006401192075 -0.0240283612)
(0.007823618346 0.000684477913 -0.005582732444)
(0.007535986168 0.0006593133582 -0.01940572464)
(0.006412288752 0.000561002573 -0.006551435897)
(0.007343217755 0.0006424483074 -0.01545085354)
(0.006873558305 0.0006013584297 -0.01014675477)
(0.007357486086 0.0006436966246 -0.02313898121)
(0.007346408945 0.0006427275003 -0.0216856581)
(0.00756805912 0.0006621193779 -0.01629426575)
(0.007381958732 0.0006458377037 -0.01704720901)
(0.006833809465 0.0005978808569 -0.01468439086)
(0.007520715351 0.0006579773348 -0.006384283886)
(0.006930669692 0.0006063550287 -0.02484598455)
(0.007337868573 0.0006419803146 -0.02010343684)
(0.006957273156 0.0006086825302 -0.01294073621)
(0.007549073119 0.000660458318 -0.02240171811)
(0.007272489582 0.000636260394 -0.0257010652)
(0.006872390566 0.0006012562658 -0.01385740036)
(0.007770232142 0.0006798072254 -0.02487212494)
(0.007716248217 0.0006750842439 -0.01448222789)
(0.0069341487 0.0006066594024 -0.005678677506)
(0.006086420897 0.0005324928299 -0.00569075656)
(0.009014125981 0.000394191875 0)
(0.009911379331 0.0004323155289 0)
(0.01093268941 0.0004774661199 0)
(0.01199844913 0.0005297319906 0)
(0.009447545666 0.0004121565667 0)
(0.0104090672 0.0004540302855 0)
(0.01146847104 0.0005079559969 0)
(0.01268772609 0.0005582174831 -0.0006678492649)
(0.01268704406 0.0005735094463 -0.001739849244)
(0.01268772854 0.0005581618059 -0.002743358145)
(0.01268764594 0.0005600361168 -0.003766850383)
(0.01268887898 0.0005313664473 -0.004758006417)
(0.0126887191 0.0005351705743 -0.005755640401)
(0.01268753332 0.000562581748 -0.006770622689)
(0.01268745704 0.0005642994392 -0.00775624808)
(0.0126877321 0.0005580808157 -0.00876888352)
(0.01268796966 0.0005526535667 -0.009774157972)
(0.01268748892 0.0005635822826 -0.01077247669)
(0.01268887511 0.0005314588834 -0.0117662853)
(0.01268871893 0.000535174773 -0.01276419622)
(0.01268753334 0.0005625812962 -0.01377918998)
(0.01268745705 0.000564299137 -0.01476479298)
(0.01268773305 0.0005580591976 -0.0157772807)
(0.01268797218 0.0005525956943 -0.01678124518)
(0.01268749915 0.0005633517589 -0.01776810022)
(0.01268887297 0.0005315098338 -0.01877911943)
(0.01268872318 0.0005350739846 -0.01977340705)
(0.01268767074 0.0005594741431 -0.02078876866)
(0.01268885484 0.0005319425328 -0.02177973749)
(0.01268780686 0.0005563784659 -0.0227836401)
(0.0126879727 0.0005525836397 -0.02378959195)
(0.01268747263 0.0005639488359 -0.02477672213)
(0.01268784371 0.0005555375883 -0.02578847178)
(0.01268869682 0.0005356986596 -0.02678217863)
(0.01268767103 0.0005594673857 -0.02779729621)
(0.01268775068 0.0005576581489 -0.001241579689)
(0.01268774899 0.0005576966652 -0.00224624303)
(0.01268881877 0.0005328021791 -0.003254201639)
(0.01268851062 0.0005400910588 -0.004244489717)
(0.01268889232 0.0005310478444 -0.005249081813)
(0.01268893942 0.0005299211612 -0.006260359175)
(0.01268780398 0.0005564441675 -0.007246326324)
(0.01268834609 0.0005439425254 -0.00826187214)
(0.01268815086 0.0005484776503 -0.009259665092)
(0.01268788668 0.0005545552821 -0.01025349448)
(0.01268848007 0.0005408081359 -0.01125205881)
(0.01268889115 0.0005310755702 -0.01225756406)
(0.01268893943 0.0005299209612 -0.01326893153)
(0.01268780398 0.0005564441118 -0.01425489546)
(0.01268834606 0.0005439431494 -0.01527038966)
(0.01268815127 0.0005484681476 -0.01626775929)
(0.01268788989 0.0005544819019 -0.01725788212)
(0.01268852317 0.0005397961089 -0.01827347586)
(0.0126888987 0.0005308952957 -0.01926768583)
(0.0126889579 0.0005294783514 -0.02027802973)
(0.01268851251 0.0005400465231 -0.02126592986)
(0.01268876355 0.0005341157305 -0.02227221617)
(0.01268816118 0.0005482388201 -0.02327555295)
(0.01268788593 0.0005545725844 -0.02426640106)
(0.01268836369 0.000543531806 -0.02528223394)
(0.01268873363 0.0005348260232 -0.02627682875)
(0.012688954 0.0005295718151 -0.02728666086)
(0.009277676261 0.0003950075013 -0.0005627876488)
)


// ************************************************************************* //
