/*--------------------------------*- C++ -*----------------------------------*\
| =========                 |                                                 |
| \\      /  F ield         | OpenFOAM: The Open Source CFD Toolbox           |
|  \\    /   O peration     | Version:  v2006                                 |
|   \\  /    A nd           | Website:  www.openfoam.com                      |
|    \\/     M anipulation  |                                                 |
\*---------------------------------------------------------------------------*/
FoamFile
{
    version     2.0;
    format      ascii;
    class       surfaceScalarField;
    location    "0.01";
    object      phi;
}
// * * * * * * * * * * * * * * * * * * * * * * * * * * * * * * * * * * * * * //

dimensions      [0 3 -1 0 0 0 0];
oriented        oriented;


internalField   nonuniform List<scalar> 
5866
(
-2.95357e-07
7.95263e-09
2.87404e-07
4.92288e-08
-4.93329e-08
7.36501e-10
-6.32345e-10
7.00988e-08
-1.77269e-08
-5.2372e-08
1.54852e-09
-1.51111e-09
-3.7402e-11
3.63867e-08
3.99598e-09
-4.03829e-08
4.3226e-08
3.82325e-08
-8.1459e-08
-1.01723e-08
2.55009e-09
7.62217e-09
1.06064e-07
-1.13757e-07
7.69263e-09
-4.67e-08
4.71656e-08
3.84638e-09
-4.31196e-09
6.957e-11
-4.05795e-11
-2.89907e-11
-9.13167e-09
1.60702e-08
9.74244e-09
-1.66809e-08
-1.62937e-07
3.02275e-10
1.67623e-07
-4.98844e-09
-1.30501e-06
-5.35554e-09
1.31036e-06
-1.29137e-06
-1.36311e-08
-9.15102e-08
9.22442e-08
-7.34035e-10
1.27132e-08
6.14617e-08
8.49768e-08
-9.0601e-08
9.06232e-08
-8.4999e-08
1.254e-08
-1.48794e-08
2.33942e-09
-5.21557e-08
-1.67612e-08
2.20931e-09
1.09249e-09
-4.54883e-10
-1.22456e-08
1.16081e-08
1.20481e-09
1.42907e-10
-1.3477e-09
2.95199e-09
1.14149e-08
-1.43668e-08
-2.30671e-08
1.76663e-10
2.28905e-08
3.96435e-08
-3.99963e-08
3.52812e-10
3.27374e-08
-7.89799e-11
1.09295e-10
-3.27677e-08
3.94288e-08
2.95618e-09
-2.74142e-09
-1.69865e-08
1.83098e-08
-1.32329e-09
-2.58363e-08
2.29489e-08
2.88736e-09
2.80704e-08
-2.84206e-10
-2.87467e-08
9.60481e-10
7.39339e-10
-3.00221e-10
-4.39125e-10
-1.1211e-09
1.1211e-09
6.70969e-11
2.06463e-09
-2.13172e-09
5.89951e-10
9.42967e-12
-6.42198e-10
4.28025e-11
2.19386e-09
-2.17794e-09
-1.59141e-11
-4.8208e-08
-3.94665e-10
4.86027e-08
4.68794e-08
-5.06653e-08
3.78584e-09
-1.99938e-09
-2.30922e-10
2.23031e-09
5.65731e-09
-5.8505e-09
1.07974e-10
8.52034e-11
6.05468e-09
1.97962e-08
-7.52259e-09
-1.83283e-08
-4.72502e-08
4.27323e-09
4.29769e-08
3.69744e-10
-4.85597e-10
-1.51937e-08
1.53095e-08
-2.58806e-08
2.76661e-08
-9.35065e-09
3.86433e-08
-2.92926e-08
-1.31849e-09
1.26176e-09
5.67381e-11
-3.94606e-08
4.04292e-08
-9.68522e-10
7.14247e-08
-6.44178e-08
-1.63575e-08
-3.64654e-08
9.73811e-10
3.54916e-08
5.87978e-09
1.47273e-10
1.1378e-08
6.00467e-08
2.77114e-09
8.56155e-09
1.37138e-11
-8.74209e-09
1.66847e-10
5.86221e-10
4.49381e-08
-4.55243e-08
8.21868e-10
-8.21874e-10
3.95951e-08
-4.02095e-09
-3.91514e-08
3.5772e-09
7.17372e-09
-9.93029e-11
1.49563e-10
-7.22399e-09
-5.74574e-09
-4.78745e-08
4.72171e-08
6.40309e-09
7.57868e-11
-5.22472e-08
1.60745e-11
5.21553e-08
1.4492e-08
4.44001e-08
-5.88921e-08
2.29984e-08
-2.32666e-08
2.68181e-10
2.26361e-08
3.62333e-10
1.48768e-06
-1.48768e-06
1.51982e-07
-1.50769e-07
-1.2126e-09
-2.31391e-08
7.65977e-09
1.54794e-08
1.04969e-09
-1.04969e-09
7.73305e-08
-8.14799e-08
4.14935e-09
-1.5364e-08
-1.39562e-07
1.54926e-07
-4.90191e-10
3.99189e-08
4.82113e-08
-4.78713e-08
-3.39988e-10
1.31248e-09
2.79837e-08
-2.92962e-08
-4.64462e-12
-3.59335e-11
4.05795e-11
4.77363e-07
-1.77872e-09
-4.75585e-07
4.92302e-08
1.75082e-08
-6.67384e-08
-4.98015e-08
-3.98023e-09
4.07122e-09
4.97105e-08
4.79217e-08
-8.32664e-09
-2.5047e-08
2.68503e-08
-1.80331e-09
-4.70588e-08
5.56174e-08
-8.55864e-09
-6.23039e-08
6.87857e-08
-2.18458e-08
-3.34524e-08
3.36996e-08
-4.85791e-09
4.61068e-09
-5.2156e-11
-1.97891e-11
7.19461e-11
-7.93028e-08
1.69989e-08
-4.21541e-08
1.58395e-08
-1.58348e-08
4.21494e-08
7.50645e-10
-4.92981e-07
-1.47762e-08
5.07005e-07
-4.61606e-07
-4.30013e-08
5.04612e-07
2.05483e-11
-1.77492e-08
1.73286e-08
4.00078e-10
-3.07149e-08
-5.73114e-09
3.64461e-08
-7.57726e-09
1.1859e-10
8.41575e-09
-9.57076e-10
-4.67361e-08
5.9833e-09
4.07529e-08
1.01344e-09
-4.55031e-10
-1.75449e-08
-7.54932e-09
-1.90942e-11
7.55588e-09
1.25578e-11
1.79963e-09
-1.79962e-09
7.96691e-09
-8.54709e-11
-7.86087e-09
-5.25226e-09
-8.98757e-10
6.151e-09
-2.73289e-09
2.8621e-09
7.08412e-13
-1.29909e-10
2.62252e-08
-4.70121e-11
-2.61781e-08
2.863e-08
-2.81649e-08
3.33945e-08
-3.38596e-08
-2.71979e-08
3.03559e-08
-2.16751e-08
2.11171e-08
5.58005e-10
-1.43678e-09
1.43679e-09
2.78971e-10
-2.69937e-09
-8.87171e-10
3.30757e-09
-1.21589e-08
-1.749e-08
1.17202e-08
1.79286e-08
-5.54224e-10
4.58112e-10
1.20481e-09
3.09558e-09
-2.3283e-09
3.41094e-08
-3.48766e-08
-2.64789e-08
2.73951e-08
-9.16194e-10
4.09243e-10
-9.22596e-11
4.43596e-10
-7.60569e-10
8.8093e-10
-2.21517e-08
2.12708e-08
-1.69644e-09
-1.01234e-08
1.18199e-08
-4.42902e-08
1.52931e-09
4.27609e-08
1.12789e-06
-1.08499e-06
-4.28878e-08
2.58287e-08
-2.67654e-08
9.36711e-10
4.96151e-10
-4.47972e-10
2.32016e-08
-2.32498e-08
1.87795e-09
-5.02981e-08
5.04069e-08
-1.98673e-09
-1.96171e-09
2.65607e-08
-2.4599e-08
6.68308e-08
-6.41944e-08
-2.63642e-09
1.16593e-09
-4.56163e-08
4.44504e-08
2.83591e-08
6.91024e-09
-3.52693e-08
4.21323e-08
-6.99387e-08
2.78064e-08
1.59722e-10
-7.12215e-09
-5.03562e-11
7.01279e-09
-2.28857e-08
2.42226e-08
1.24666e-08
-1.38036e-08
9.39947e-10
-9.39952e-10
-1.49693e-07
3.81713e-08
1.11522e-07
-8.08247e-09
-5.31414e-08
9.2853e-09
5.19385e-08
8.93392e-09
1.42038e-10
-1.48197e-10
-8.92775e-09
4.24081e-10
-4.01985e-10
-2.2099e-11
7.78875e-09
-1.88739e-07
1.8095e-07
1.08518e-07
1.43186e-08
-1.22837e-07
3.92517e-09
1.12382e-07
1.40065e-06
-1.38634e-06
1.33956e-08
3.48566e-08
-4.82522e-08
1.40458e-06
-2.50724e-08
2.51122e-08
1.9249e-09
-1.96471e-09
4.1165e-11
-2.02839e-09
1.98724e-09
1.44746e-06
8.50318e-10
-1.44831e-06
-1.95615e-09
1.95615e-09
-2.30196e-08
3.40986e-08
-1.10791e-08
5.88405e-08
-8.22266e-09
-5.10175e-11
-5.05668e-08
2.31905e-09
5.65215e-08
-8.33903e-09
2.18053e-09
6.15852e-09
1.7283e-09
-1.95081e-08
1.89986e-08
-1.21881e-09
-1.31297e-08
-2.40495e-08
3.71792e-08
2.70762e-10
-7.23377e-09
7.00419e-09
-6.30825e-10
-7.7082e-09
4.05798e-08
-4.24178e-08
4.10193e-08
-3.91813e-08
-2.25394e-11
2.06756e-08
-2.0653e-08
5.708e-09
-6.13007e-09
-2.08738e-10
3.67438e-08
-2.04124e-09
2.26808e-09
-3.69706e-08
9.93175e-09
-1.45172e-08
4.58551e-09
2.07878e-09
-1.98594e-09
-9.28479e-11
-1.95549e-09
3.66271e-08
-3.46716e-08
1.19636e-10
9.69531e-09
-9.31879e-09
-1.60539e-08
2.17771e-08
-5.72322e-09
-4.03131e-08
2.62378e-11
4.02868e-08
1.52562e-08
-3.19035e-09
-1.20659e-08
3.90625e-08
-8.18689e-09
-3.08756e-08
2.69053e-10
4.23694e-08
-3.24771e-10
-4.23137e-08
1.15097e-08
3.90605e-08
-5.05702e-08
3.99061e-08
-4.04561e-08
5.50012e-10
-2.4296e-09
2.8129e-08
1.65332e-09
-2.73528e-08
-2.47881e-11
4.70242e-12
2.00901e-11
2.69299e-08
-9.15429e-09
-1.77756e-08
5.55399e-09
-3.88588e-08
3.33048e-08
3.41602e-08
-3.18099e-08
-2.35028e-09
-2.95131e-07
-3.68695e-09
3.46073e-09
2.75451e-09
3.17767e-08
-3.0057e-09
-3.15255e-08
7.48888e-10
3.19885e-08
-1.48861e-10
-4.06484e-09
9.0496e-11
4.1232e-09
-2.30091e-08
2.36832e-08
7.47834e-11
-2.09334e-09
3.87695e-13
2.09297e-09
-2.26682e-09
2.3695e-08
-2.14281e-08
2.22909e-09
-2.66083e-08
2.82974e-08
-3.91821e-09
1.8363e-09
3.01522e-08
5.05433e-08
-4.47391e-08
-5.80419e-09
2.37627e-08
-1.08214e-08
-1.29414e-08
-2.87759e-08
-2.40778e-09
1.95394e-09
2.92297e-08
-5.86301e-09
5.58236e-09
2.66771e-08
-2.63965e-08
7.59052e-09
-2.2918e-08
1.53275e-08
2.55901e-08
1.1891e-08
-1.37184e-08
-1.3023e-07
-1.1364e-08
1.41594e-07
-5.11626e-08
5.10376e-08
-1.09532e-09
1.22034e-09
-2.51839e-09
2.65687e-09
2.82206e-08
1.84722e-08
7.11784e-09
3.4254e-09
3.32527e-08
-3.31618e-08
-3.51631e-09
2.62268e-08
2.06641e-09
-2.57333e-08
-2.55984e-09
-3.36715e-08
8.60188e-09
2.50696e-08
-3.27615e-08
-2.35528e-08
5.63143e-08
-1.53888e-10
2.18609e-10
-6.47259e-11
-6.42754e-11
-1.93511e-09
1.40575e-08
1.11306e-08
1.88964e-09
-3.17353e-09
1.2839e-09
-3.48904e-08
2.93361e-08
5.55432e-09
-2.75177e-09
3.51495e-08
-3.53147e-08
2.91702e-09
-6.16499e-10
6.16501e-10
-1.32545e-10
1.32549e-10
6.88914e-11
2.18622e-09
-2.25511e-09
-1.41963e-08
5.89077e-09
8.30556e-09
-1.11377e-09
1.24185e-06
-1.24073e-06
2.84692e-08
-2.37032e-08
2.04481e-08
-2.52141e-08
-3.97743e-08
-5.99273e-09
4.57671e-08
-1.71205e-08
1.12211e-08
1.73352e-08
-1.14357e-08
-3.64971e-08
5.4046e-08
3.9293e-08
-5.6842e-08
-1.46371e-08
-4.88691e-08
6.35061e-08
-4.42906e-08
3.22802e-08
1.20103e-08
-1.10891e-07
-4.08697e-09
1.18656e-07
-3.67828e-09
1.32058e-08
-1.62996e-08
9.24118e-09
-6.14736e-09
-4.52433e-07
4.5083e-07
1.60308e-09
3.68853e-08
-6.12775e-08
2.43916e-08
4.58439e-08
-6.58352e-09
-3.92604e-08
-2.17007e-09
4.5577e-08
-4.3407e-08
3.1802e-09
-3.76514e-09
-3.35311e-09
3.93807e-09
-1.06576e-08
-1.21911e-06
1.22976e-06
7.38021e-08
-6.7779e-08
7.58988e-09
-1.36126e-08
-7.74707e-09
-5.52638e-10
1.05937e-09
7.24034e-09
-1.63583e-09
-6.11124e-09
-1.70672e-09
1.70673e-09
4.16985e-09
-9.89647e-10
2.58775e-08
-5.61778e-08
3.03004e-08
4.9668e-08
-4.97376e-08
-2.26449e-09
2.33409e-09
-4.50994e-08
-1.71249e-09
4.68119e-08
-6.26988e-08
5.73472e-08
8.34051e-09
-4.61637e-08
3.78232e-08
5.2329e-08
1.45129e-09
-1.44888e-09
-5.23314e-08
-5.46295e-08
-6.32308e-10
5.52618e-08
-2.92449e-08
-1.74551e-08
3.34241e-08
-3.7445e-08
2.89588e-08
1.8963e-08
-2.15986e-08
3.60214e-08
-1.44229e-08
8.54215e-11
2.16937e-09
-2.25479e-09
1.39712e-08
-3.19464e-09
-1.07765e-08
2.1203e-09
-2.12029e-09
-1.8755e-09
-1.24216e-08
-1.4245e-08
1.24703e-08
-3.37373e-08
4.40335e-08
-1.02962e-08
2.92015e-09
-1.67683e-09
-2.7515e-09
1.50818e-09
-3.87533e-08
4.72677e-09
-3.48173e-09
3.75083e-08
-8.31565e-08
8.56727e-08
-2.51619e-09
-4.66223e-09
5.83642e-08
-5.3702e-08
-7.91688e-10
-3.966e-08
4.04517e-08
-2.45675e-10
1.93912e-10
-4.54817e-08
4.55334e-08
3.91023e-08
-3.98258e-08
7.23479e-10
5.09376e-09
-2.90471e-09
7.31106e-10
-5.08346e-08
-2.55626e-09
5.11533e-08
2.23762e-09
4.41915e-08
1.58814e-09
-4.57797e-08
4.89374e-08
-4.86392e-08
8.6779e-10
1.55004e-08
3.62047e-08
-5.17051e-08
-2.12523e-08
-4.50796e-08
6.63319e-08
-1.97102e-09
1.73807e-09
2.32948e-10
-4.95116e-08
4.87143e-08
7.97339e-10
2.49562e-08
-1.46001e-08
-1.03561e-08
-4.02286e-08
1.08342e-08
4.04093e-08
-1.10149e-08
7.62455e-09
2.41042e-08
-6.77254e-09
-2.08566e-08
2.84811e-08
9.77629e-10
-4.05454e-08
-7.45331e-10
4.956e-08
-4.85823e-08
1.7736e-10
4.53793e-08
-4.55566e-08
3.26305e-08
1.52972e-09
-4.91527e-09
6.00891e-09
2.10224e-09
-2.10222e-09
-2.38968e-11
-1.41287e-09
-2.4434e-08
4.9765e-09
-6.8978e-09
2.63553e-08
-1.60973e-09
1.60974e-09
-4.81215e-10
3.60297e-09
2.09765e-10
-3.33153e-09
8.64543e-10
-8.64535e-10
-5.76109e-08
6.52915e-08
-9.0987e-08
8.33064e-08
5.25417e-08
-1.04695e-07
-2.25002e-08
-6.20505e-09
2.87053e-08
2.08718e-08
-3.06257e-08
9.75394e-09
2.31289e-08
-4.29947e-09
-2.18075e-08
2.97797e-09
1.90833e-08
-3.79327e-08
1.88494e-08
2.73817e-08
2.69616e-10
-3.70715e-10
-2.72806e-08
8.68458e-09
-9.21728e-09
3.72114e-08
-3.66787e-08
-1.23294e-09
-9.02772e-08
4.67377e-08
-4.72203e-08
-1.04799e-08
1.09624e-08
1.34396e-08
4.98104e-09
-1.84206e-08
1.03885e-09
3.59141e-08
-3.69529e-08
4.29245e-08
1.75709e-09
-4.46816e-08
-4.81465e-08
-1.64865e-09
4.90035e-08
-2.52173e-08
-2.66907e-08
-1.09389e-08
-3.60467e-08
4.69856e-08
-2.11148e-07
1.90716e-08
1.92077e-07
1.06458e-07
-3.93332e-10
-2.06325e-09
2.01298e-09
-3.76864e-08
3.77367e-08
4.00558e-08
-5.12527e-08
1.11969e-08
4.52054e-08
-4.19901e-08
-3.21537e-09
-7.61544e-09
4.36191e-08
-3.60037e-08
-7.59322e-09
2.94148e-08
-2.18216e-08
-1.74196e-08
1.95376e-08
-2.34998e-09
1.42301e-08
-3.14204e-08
-2.04736e-08
8.48234e-09
2.78827e-08
-1.58942e-08
-3.15869e-08
3.2273e-08
-6.25891e-09
5.57286e-09
-5.06289e-09
-2.19174e-08
2.69802e-08
-2.91405e-08
1.20199e-08
-1.56634e-08
-4.81025e-09
-4.55481e-08
3.21514e-08
1.33963e-08
-5.10003e-10
4.53521e-09
-4.0252e-09
3.87381e-09
-4.93272e-11
2.05369e-09
-2.00435e-09
-2.95682e-10
-8.42904e-09
-5.75901e-11
8.78233e-09
-1.21426e-06
4.25344e-09
1.21001e-06
4.10369e-12
-8.74508e-12
-1.6225e-09
1.62251e-09
6.85784e-10
1.88572e-08
-1.82305e-08
-3.3273e-08
-2.15433e-09
3.54273e-08
-3.83145e-08
6.62644e-09
3.1688e-08
-3.48691e-08
4.02132e-08
-5.34403e-09
-2.69384e-08
2.66927e-08
1.97412e-08
-5.90864e-08
3.93452e-08
-6.16243e-09
-1.57282e-09
7.73524e-09
2.79746e-08
-2.52201e-08
-2.55309e-08
2.89563e-08
-5.5053e-09
4.8628e-09
-2.03e-10
1.36426e-08
4.37069e-08
-7.39291e-08
3.02222e-08
2.91981e-08
4.71234e-08
-3.26146e-08
-4.69864e-08
4.22188e-08
4.7676e-09
-1.99447e-08
2.9942e-08
-9.99729e-09
4.32207e-08
-2.41374e-08
-4.52247e-08
5.86709e-09
3.93576e-08
2.73897e-08
1.34064e-09
4.75967e-08
-4.43894e-08
4.22664e-08
2.80005e-08
1.18473e-06
-1.17237e-06
-1.23581e-08
-1.5411e-08
1.67599e-08
4.02098e-08
-4.15588e-08
4.10257e-09
3.00919e-08
-3.41945e-08
-1.01093e-08
-1.30298e-08
-2.97994e-08
-8.68985e-09
3.84893e-08
-2.44162e-08
-2.35145e-08
4.79307e-08
-1.529e-08
2.90417e-08
-2.98057e-08
3.51526e-09
4.44498e-08
-4.7965e-08
-2.02791e-09
-7.47386e-09
9.5018e-09
4.65878e-09
3.8629e-08
-4.32878e-08
-1.92219e-09
4.47564e-08
-4.44555e-08
1.62128e-09
-9.35251e-09
4.60964e-08
1.40942e-09
-4.41408e-08
4.27314e-08
-3.8692e-08
3.49892e-08
3.95204e-08
-3.58176e-08
3.90897e-08
-4.4595e-08
3.01761e-08
-2.58418e-08
-4.33429e-09
4.7544e-08
-3.46848e-08
-1.28593e-08
-3.58342e-08
3.75754e-08
-3.42297e-08
4.08561e-08
-2.83897e-09
-3.55363e-09
-5.57804e-09
-2.50952e-08
-5.71907e-09
3.08143e-08
-7.25775e-09
1.00794e-08
-2.82164e-09
2.15556e-08
4.23878e-08
-6.39437e-08
-5.00117e-08
6.30618e-08
8.50531e-09
5.60705e-08
-3.85137e-08
-1.75573e-08
-2.06013e-08
5.7382e-08
1.92891e-08
-3.80252e-08
-2.27607e-08
6.07855e-08
-1.46897e-06
1.48346e-06
-8.38525e-10
1.17423e-07
-1.16585e-07
5.13987e-09
-2.61399e-08
-5.93836e-09
2.17254e-08
3.3285e-11
3.34467e-10
-2.20931e-08
5.40115e-10
1.66906e-10
3.35546e-08
-3.42616e-08
4.9582e-08
7.71633e-09
-5.72984e-08
3.83641e-08
-3.75533e-08
3.32728e-08
-3.40836e-08
1.13686e-09
3.72273e-08
1.42804e-09
-5.22635e-08
5.19723e-08
-1.69459e-09
2.342e-08
-2.4485e-08
3.07178e-09
2.14132e-08
-4.67598e-08
-1.75848e-08
4.66257e-08
1.77187e-08
-4.0476e-08
4.28501e-08
4.17738e-08
-4.41479e-08
3.28218e-08
-2.97262e-08
2.26011e-08
-1.31606e-08
-9.44051e-09
-3.87646e-09
3.14839e-08
-2.76075e-08
8.5955e-09
1.40056e-08
3.66075e-08
-4.46899e-08
-1.20942e-07
3.45058e-09
-1.27383e-08
5.57391e-09
-4.36934e-08
3.81195e-08
6.03291e-09
3.80561e-08
-4.4089e-08
5.8407e-09
-4.52137e-08
4.49469e-08
4.24482e-08
-2.528e-08
-3.0814e-09
4.35024e-10
9.34682e-09
-8.47916e-10
-4.93587e-10
1.37058e-08
-1.3361e-08
-5.2496e-08
-3.04976e-08
3.23566e-08
5.06367e-08
1.11433e-08
3.41661e-08
-4.53096e-08
-3.37807e-08
2.40389e-08
-4.12541e-08
1.72151e-08
1.66692e-09
4.97699e-08
-5.14368e-08
-3.42055e-08
1.79059e-08
1.40516e-08
-5.05487e-08
-1.89323e-08
1.84387e-08
1.95339e-09
-1.94023e-09
3.83514e-08
-3.83646e-08
-2.97534e-08
1.46685e-09
2.82866e-08
-5.4877e-08
3.48207e-08
-3.96326e-08
5.9689e-08
-3.76688e-08
-9.34653e-09
4.70153e-08
-2.80841e-08
2.89412e-08
-1.76852e-08
1.68281e-08
-5.83374e-08
4.24701e-09
5.40904e-08
3.79078e-09
-4.07696e-09
-3.45476e-08
3.83384e-08
1.86918e-08
-3.42765e-08
6.50617e-09
-4.77992e-08
4.1293e-08
5.02373e-09
-3.74477e-08
3.2424e-08
-4.35016e-08
4.31913e-08
3.10317e-10
7.55698e-09
-6.58481e-09
-5.715e-08
-3.92488e-08
4.63206e-08
-7.07175e-09
7.09521e-09
-3.734e-08
-7.52275e-09
3.77676e-08
4.89959e-10
-4.89965e-10
1.39352e-08
1.99011e-09
-1.59253e-08
-6.26039e-09
-3.08672e-08
3.71276e-08
6.28724e-08
-5.75018e-08
4.28407e-08
3.07473e-08
-3.14918e-08
-5.51588e-09
4.60786e-09
-5.97659e-08
7.42297e-08
-5.3183e-08
5.51334e-10
5.31508e-08
-5.19087e-10
5.16541e-08
-4.61261e-09
-4.70415e-08
4.69707e-08
4.68347e-09
9.68e-09
1.87892e-08
-2.15305e-08
1.33091e-08
8.22135e-09
-2.02036e-09
-5.11627e-08
-1.26136e-07
-9.12162e-09
1.35258e-07
-1.09805e-08
-4.02163e-08
5.11967e-08
-3.13892e-08
-3.20357e-08
-2.16816e-08
-1.29678e-08
-3.83766e-08
7.07843e-10
4.96389e-09
-2.37809e-08
1.8817e-08
1.98469e-08
-2.15434e-08
-7.3769e-09
7.52724e-09
-1.36545e-10
-1.37533e-11
-3.70651e-08
4.46221e-08
-3.50446e-08
-3.69997e-08
1.1133e-08
2.58666e-08
4.97235e-08
1.22313e-08
-4.92472e-08
-1.27076e-08
9.73168e-09
-3.82004e-08
2.84687e-08
2.22311e-09
-2.22311e-09
1.50356e-08
1.03863e-08
-2.54218e-08
1.7582e-08
2.74955e-08
-4.50775e-08
-1.16698e-11
-1.70213e-09
1.71381e-09
2.62183e-08
-3.2238e-08
6.01976e-09
2.85615e-08
-2.06933e-08
-7.86826e-09
1.29436e-08
-3.08074e-07
-2.79086e-08
7.63594e-09
3.00043e-08
2.19563e-08
9.82043e-09
-1.12055e-08
-4.06476e-08
-8.3284e-09
4.18368e-08
7.13922e-09
5.33277e-08
-6.5374e-08
1.20456e-08
4.16187e-08
2.57078e-08
2.84585e-08
-4.90601e-08
2.27512e-10
-2.27509e-10
8.24881e-10
-3.38063e-09
2.55576e-09
2.87564e-08
-3.12656e-08
2.50915e-09
1.66238e-08
3.30997e-08
2.56471e-08
-4.7734e-08
2.20864e-08
5.94817e-10
3.13062e-11
5.63346e-11
-6.82451e-10
1.63968e-09
-1.63967e-09
-2.81712e-08
2.46549e-08
-2.13376e-09
2.13377e-09
1.81108e-09
-1.81107e-09
1.30352e-10
-8.37952e-09
8.34358e-09
-9.43838e-11
-4.04588e-08
4.62477e-10
1.22132e-09
-1.14635e-09
-7.49724e-11
-5.46034e-09
7.98326e-10
-1.85907e-08
7.46555e-10
1.78442e-08
1.96185e-08
7.03867e-10
-7.1263e-10
-7.90932e-08
7.98059e-08
-3.482e-08
1.59093e-09
3.32291e-08
3.0913e-09
-3.43836e-08
-3.52779e-09
-6.01625e-09
-8.62557e-10
7.16364e-10
2.6726e-08
-1.29137e-06
4.62301e-09
-5.57856e-08
1.30956e-09
1.00413e-07
-9.37697e-08
4.53895e-08
4.82082e-09
-4.55873e-08
4.03397e-08
-4.01457e-08
-4.56556e-08
4.39739e-08
1.68167e-09
-1.71571e-09
-4.91727e-08
1.77485e-09
4.91135e-08
-4.39838e-08
4.22681e-08
-1.02821e-09
4.17426e-08
-4.07144e-08
-1.8564e-09
2.8649e-09
1.29627e-08
-2.7878e-09
-4.56382e-08
2.77046e-09
-4.52975e-08
4.58268e-08
-1.32356e-09
1.06139e-07
-1.04829e-07
-3.64405e-08
-4.64837e-09
4.10888e-08
-1.95118e-08
5.63966e-08
8.92664e-09
-6.93239e-09
-1.99427e-09
-1.02656e-08
9.43631e-09
-3.73711e-08
3.64722e-08
-3.85242e-08
-1.67799e-10
4.12406e-08
1.42124e-09
-4.26618e-08
-2.06419e-08
9.82049e-09
-6.30552e-08
4.73952e-08
1.566e-08
-3.81287e-09
-3.86049e-08
-3.41071e-11
-2.87305e-11
2.54438e-10
-1.91592e-10
3.58273e-08
-8.38072e-10
-4.53328e-10
4.00442e-10
5.28898e-11
-9.2724e-09
1.50597e-10
9.12942e-09
-7.60391e-12
-2.29492e-08
6.73567e-10
2.22756e-08
-2.79115e-08
2.13508e-08
6.56071e-09
8.79158e-10
-4.10254e-10
-2.34181e-08
-9.05038e-11
5.14581e-10
-6.00171e-09
-1.8333e-08
1.99343e-08
4.40036e-09
-4.23903e-08
2.52608e-09
3.98643e-08
3.57076e-08
-4.83162e-08
-8.46503e-09
5.67813e-08
-2.52084e-09
-5.64591e-09
8.16674e-09
-4.57738e-09
4.42753e-08
6.00169e-08
-6.45943e-08
5.50207e-08
-5.79193e-09
-4.4613e-08
5.18693e-09
-5.21369e-09
4.46398e-08
-1.52551e-08
-1.99327e-10
1.54544e-08
-1.91973e-08
5.92424e-08
-4.00451e-08
2.25593e-07
6.22194e-09
-2.31815e-07
2.14935e-07
4.52939e-08
-3.09376e-08
-1.43563e-08
1.6597e-15
-1.58039e-10
5.75647e-10
-1.28868e-09
6.99668e-09
2.95969e-08
-2.41154e-09
-2.71854e-08
-1.11261e-08
2.82668e-08
1.24562e-08
-3.40468e-08
1.95675e-08
1.44793e-08
3.89035e-09
-8.52547e-10
-4.32647e-09
4.77491e-08
-1.28342e-08
-3.49149e-08
-4.24767e-08
3.72345e-09
-2.41665e-09
5.01658e-08
2.25065e-09
-3.32619e-08
3.38986e-08
-6.36697e-10
1.9771e-08
-2.09608e-08
1.18975e-09
3.08039e-08
-8.3352e-10
-3.01864e-08
2.15968e-10
2.46061e-08
-2.44628e-08
-4.06813e-10
2.63506e-10
4.19935e-08
-4.39157e-08
-1.79583e-10
1.59761e-09
-1.41803e-09
-1.55321e-09
-1.20813e-12
1.55443e-09
-2.11042e-09
2.02496e-09
-4.26986e-08
4.3663e-08
1.24311e-08
2.50737e-09
-4.57649e-08
4.32575e-08
5.82716e-08
-8.26775e-09
-5.00039e-08
3.85134e-08
1.65073e-08
-3.71083e-08
3.68197e-08
5.3199e-09
-5.03127e-09
2.29223e-09
4.29122e-08
-4.52044e-08
-3.61121e-09
8.09418e-08
6.6713e-09
-7.14776e-09
4.80205e-08
-4.09578e-09
-1.43207e-06
1.43616e-06
1.67696e-08
2.53529e-08
-4.21225e-08
1.44364e-09
-4.29982e-08
4.29639e-08
-2.58496e-09
2.57596e-09
-4.39748e-08
-4.21352e-08
-9.56806e-09
4.24151e-08
9.28822e-09
-4.399e-08
1.85484e-09
-4.93163e-08
1.65205e-09
4.76642e-08
3.08311e-08
-3.02069e-08
7.43268e-10
-1.36745e-09
1.16387e-09
-1.14182e-10
-2.57421e-08
2.71495e-08
-1.40729e-09
-1.64159e-09
5.22278e-08
-3.68474e-08
-1.53804e-08
3.70511e-09
3.06794e-08
-3.43845e-08
3.07294e-08
-3.23186e-08
1.58919e-09
1.22132e-09
3.18477e-08
6.20024e-09
-7.76651e-09
-4.54908e-08
4.70571e-08
-3.34867e-08
3.9687e-08
-1.22836e-07
1.89453e-09
3.71762e-08
4.11626e-09
-3.61838e-08
-5.10873e-09
3.68951e-09
3.40673e-08
-2.28462e-08
-4.0637e-08
5.20489e-08
-1.14119e-08
1.24559e-08
-2.51621e-08
1.27062e-08
-1.46027e-08
1.3898e-08
1.29629e-08
-1.30555e-08
1.2799e-08
-1.27064e-08
4.20357e-11
-4.95363e-10
-1.29282e-09
9.77167e-10
-1.08752e-10
4.24417e-10
-1.21993e-08
-1.52748e-08
3.93137e-08
4.55932e-08
-6.20202e-09
5.7366e-09
-4.51277e-08
-1.30968e-08
3.50676e-08
-3.51004e-08
-1.29187e-07
1.26719e-07
2.4671e-09
-3.05364e-08
4.83955e-09
9.28557e-09
-1.40727e-10
-9.32287e-09
1.78042e-10
-5.29922e-08
1.90077e-08
-2.02732e-08
5.42576e-08
-3.94108e-08
-1.26911e-07
1.20668e-07
4.56538e-08
-6.85211e-09
6.08981e-08
-1.52576e-07
-1.39494e-08
1.58932e-07
-9.34876e-11
-2.14802e-09
2.24151e-09
-9.72907e-09
1.02735e-10
9.71177e-09
-9.67598e-09
-5.11461e-11
-1.94131e-12
-2.91031e-08
-5.03296e-09
3.41361e-08
-8.03115e-11
-5.12045e-09
5.13735e-08
-4.62531e-08
-3.63585e-08
4.19706e-08
-5.61204e-09
9.88997e-11
3.3513e-08
-3.36119e-08
4.01559e-07
-4.06964e-07
5.40426e-09
7.20286e-09
-3.56821e-08
-7.87934e-09
-2.14214e-10
2.14211e-10
4.72623e-09
3.72443e-08
-2.43224e-10
2.90072e-11
-3.38371e-08
5.75312e-10
-2.28503e-08
3.74668e-08
-3.90327e-08
-4.29336e-08
-4.06354e-08
4.2932e-08
-1.84061e-08
6.5692e-10
-2.45808e-09
2.75009e-09
-5.3524e-10
1.89985e-10
-1.89989e-10
-5.40603e-11
-7.3642e-09
7.21528e-09
-6.38075e-09
5.80955e-09
-3.12387e-08
2.45773e-09
-2.27418e-10
-2.23031e-09
4.81132e-08
-7.76038e-09
-4.82718e-08
7.91902e-09
-8.08358e-09
1.65659e-08
-1.26318e-10
8.65653e-10
-2.30881e-08
2.17046e-08
-4.20864e-09
-2.10408e-08
3.54487e-09
-4.21414e-08
1.66541e-09
3.32465e-08
-3.33174e-08
1.68404e-08
-4.14161e-08
4.28827e-08
-1.46662e-09
-9.07796e-09
9.08243e-09
6.26418e-11
-2.26168e-08
-3.86613e-08
6.22254e-08
-3.86646e-08
-2.35614e-08
-4.12893e-08
-9.47927e-09
5.12567e-08
-6.16451e-08
1.03875e-08
-2.91802e-10
-1.20191e-07
1.20483e-07
-1.52318e-07
-2.57925e-10
5.54672e-08
-5.38868e-08
-1.3068e-08
5.43583e-09
6.19983e-08
-6.74341e-08
-1.45148e-08
3.57319e-08
-2.12172e-08
-1.46782e-08
-3.92077e-08
5.99742e-09
3.34071e-08
-3.94045e-08
4.00459e-08
-4.03961e-08
2.18658e-09
7.46211e-11
-4.12929e-10
-4.15839e-09
1.13563e-10
-2.00164e-11
1.30276e-08
-1.35089e-08
3.02565e-09
1.06801e-08
-1.74655e-08
4.32945e-08
-4.16519e-08
-1.64262e-09
1.22018e-07
-1.61429e-07
-5.63762e-08
5.4388e-08
1.9882e-09
4.542e-08
3.25212e-09
-3.37825e-09
4.90723e-10
-1.63428e-07
9.0735e-09
-4.2692e-08
3.36185e-08
4.35844e-09
5.68024e-10
-4.92646e-09
3.72428e-08
8.8007e-09
-3.697e-08
-4.10989e-09
-6.02741e-11
1.17683e-11
1.58232e-08
-1.6802e-08
-8.17545e-09
-1.50992e-06
1.52523e-06
-1.53153e-08
3.20353e-08
-3.18242e-08
-1.29098e-08
1.26987e-08
3.92925e-08
-4.83296e-09
-3.44596e-08
-4.01181e-08
-1.67685e-08
4.21214e-08
-3.77674e-08
7.75644e-09
-7.82439e-09
3.78354e-08
-4.12277e-09
-4.97896e-08
5.39125e-08
1.01796e-10
-8.93692e-09
8.82346e-09
-2.3901e-08
2.93484e-08
-5.4474e-09
1.80767e-08
-1.69095e-08
1.64148e-08
-4.51585e-09
4.02123e-09
-2.34064e-08
2.46303e-08
4.71811e-09
6.27653e-09
-6.74145e-09
2.22767e-08
-1.85264e-08
2.83704e-08
-3.28862e-08
1.50681e-08
-1.4091e-08
-1.5492e-08
-1.40724e-08
-1.10121e-07
9.2446e-08
1.76753e-08
-2.6561e-09
3.05141e-09
-2.2708e-09
1.58787e-08
-2.59243e-08
1.00456e-08
2.86302e-08
-5.70728e-09
6.60847e-10
2.79694e-08
-4.94586e-08
4.94349e-08
1.11732e-09
-1.09364e-09
1.47312e-10
-9.85578e-10
1.42526e-09
-5.86988e-10
-1.15483e-07
-7.35346e-09
-4.17468e-10
7.86011e-10
-1.11677e-07
6.91734e-08
-5.94066e-08
-9.76684e-09
1.06737e-10
-2.45408e-08
2.81167e-08
-1.50531e-08
-1.30636e-08
3.59561e-08
-1.38425e-08
-2.21136e-08
1.15316e-09
3.42741e-08
2.68085e-08
-6.194e-08
3.51315e-08
-5.65607e-08
7.58834e-08
-1.93227e-08
-4.07133e-08
-1.22638e-08
2.4104e-08
-1.18402e-08
5.18423e-08
2.97628e-09
-2.7696e-09
2.2773e-08
2.06934e-08
-4.34664e-08
-3.86855e-08
2.92715e-08
9.41405e-09
4.16131e-08
8.15578e-09
-1.0082e-08
-5.02808e-08
8.22223e-10
1.67802e-09
-1.60417e-09
-7.38409e-11
3.56361e-08
7.69363e-09
-4.33297e-08
4.5108e-08
7.09624e-10
-4.58176e-08
2.16902e-10
4.51966e-08
-3.0552e-10
1.2621e-10
-7.44305e-12
3.05036e-12
-1.21808e-10
4.89897e-08
9.07273e-09
-1.22185e-08
1.21506e-08
3.68391e-08
5.85287e-08
-4.9456e-08
-2.46728e-08
9.61708e-09
-1.14232e-08
6.13491e-08
9.33018e-09
-4.55734e-08
3.53146e-08
1.02587e-08
1.32847e-09
1.27449e-10
-8.30182e-10
-6.25755e-10
-4.88665e-08
4.90835e-08
1.18284e-10
1.20314e-11
-3.07832e-11
3.41898e-10
-3.1112e-10
2.09588e-07
-2.0324e-07
-7.46233e-09
-1.62437e-09
1.78409e-09
5.72846e-10
-4.87298e-08
-5.45952e-10
-8.27399e-11
6.28687e-10
-4.58227e-08
3.04118e-08
1.37088e-08
4.01736e-08
-5.38823e-08
3.11371e-08
4.64706e-09
-3.57841e-08
1.66479e-07
-1.70166e-07
-5.65726e-10
4.58747e-08
-7.38779e-09
-3.84869e-08
-3.72078e-08
3.26783e-08
4.52952e-09
2.39959e-11
2.16986e-09
3.45501e-08
4.33981e-09
-3.53747e-08
-5.29812e-08
8.14513e-10
5.21668e-08
4.06984e-08
-4.30793e-08
2.38091e-09
-1.10807e-08
-4.38209e-08
4.44193e-08
1.04823e-08
-2.17794e-09
4.55458e-10
-3.41898e-10
-1.08561e-09
-3.54971e-11
-2.12466e-08
2.62104e-08
-3.87745e-08
-8.6066e-09
3.84445e-08
8.93661e-09
4.37933e-08
-3.7344e-08
-6.44929e-09
2.24924e-09
4.36886e-08
-4.42709e-08
8.67723e-09
3.29359e-08
-2.43451e-08
4.2726e-08
2.31735e-08
-4.15544e-08
-3.06348e-08
-1.18667e-08
4.25014e-08
-3.55649e-08
-1.62079e-08
5.17723e-08
-5.46564e-08
1.90911e-08
-7.95401e-09
-9.17122e-09
1.71252e-08
-9.63703e-09
1.11784e-08
-9.49542e-09
1.18905e-09
-5.06564e-09
-5.29469e-09
4.03666e-08
-4.18777e-08
-2.51748e-08
9.88482e-09
-8.44798e-09
2.57633e-09
-2.57633e-09
3.31608e-08
8.64465e-09
-4.18055e-08
-4.67646e-08
6.73657e-10
4.60909e-08
-9.98865e-09
-3.72316e-08
2.02925e-09
4.20217e-08
-4.40509e-08
-1.83097e-08
-4.14277e-08
1.4189e-08
2.42017e-08
-2.31901e-08
3.08651e-08
-3.18767e-08
-4.72848e-08
-1.05611e-08
9.97455e-09
2.87301e-08
-1.34835e-09
4.68276e-10
-8.71817e-10
3.68743e-08
-8.24429e-09
-3.4582e-08
-6.4977e-09
4.10797e-08
1.26386e-10
-2.21972e-09
2.67078e-08
-1.62437e-09
1.98783e-08
8.81039e-10
-2.07594e-08
-4.88118e-08
3.41336e-08
5.55551e-08
-1.63832e-09
-5.45568e-08
6.40048e-10
4.89847e-08
-4.18895e-08
9.15219e-09
3.21022e-08
-3.17325e-08
-9.52195e-09
-5.06962e-10
5.06957e-10
-3.14493e-08
-1.60774e-08
4.75263e-08
-4.96391e-08
4.70541e-08
-6.63513e-09
7.40209e-09
3.56862e-08
-3.63256e-08
-4.04215e-09
4.68158e-09
1.18473e-06
-4.53949e-09
-4.03273e-08
3.62763e-09
4.12391e-08
-2.30828e-08
1.70811e-08
-3.10193e-09
1.96765e-09
-4.44391e-08
-2.34875e-08
-1.71601e-08
2.76974e-08
-4.42397e-08
1.65423e-08
-2.34886e-08
2.76985e-08
4.9164e-08
-7.03175e-09
-1.56265e-08
-7.45634e-09
-3.41528e-09
2.05405e-08
1.21385e-08
1.53455e-08
-2.7484e-08
2.83251e-08
-5.47156e-08
2.63905e-08
3.80171e-10
-5.52572e-08
-1.25324e-08
1.3361e-08
1.31454e-08
-1.9138e-08
1.80984e-08
4.46463e-08
-4.36068e-08
3.72114e-08
-3.07664e-09
-3.41348e-08
-8.83861e-11
4.7143e-09
-4.65473e-09
2.88465e-11
-1.32483e-08
1.79403e-08
-4.692e-09
3.60264e-08
-1.85252e-08
1.8455e-08
-2.51964e-10
4.14232e-09
1.13123e-09
2.58594e-08
-2.61097e-08
-8.74087e-09
8.82116e-09
-1.41881e-10
6.16032e-11
1.36325e-08
2.31963e-08
-2.89421e-08
2.33572e-09
-2.23391e-09
-6.57838e-08
3.86909e-08
1.6758e-09
3.39175e-08
-4.49982e-08
4.3082e-08
4.05346e-08
-4.45562e-08
4.89981e-08
7.92584e-09
-7.70307e-08
2.02753e-08
5.67553e-08
5.30157e-08
-6.86769e-10
-1.52857e-09
-4.03492e-08
-9.83259e-09
-4.09758e-08
3.93965e-08
-2.90245e-10
4.46045e-08
-4.40144e-08
-2.99859e-10
-4.55837e-08
1.16583e-09
4.44179e-08
7.32322e-09
6.59118e-08
-7.32351e-08
1.62117e-07
-1.58075e-09
-1.53213e-07
-4.13111e-08
1.69349e-09
3.96176e-08
1.52628e-07
1.3851e-08
-2.57292e-08
-1.72527e-08
4.29817e-08
5.94105e-09
4.44549e-08
-4.43017e-08
-6.09418e-09
-3.79819e-08
-6.63102e-09
-3.91746e-08
4.90884e-08
-9.9138e-09
4.41755e-08
-4.69273e-08
-1.00752e-08
-4.5764e-08
6.46909e-09
3.92949e-08
-4.6329e-08
1.1023e-09
4.52267e-08
5.55179e-08
-5.77786e-08
2.26073e-09
1.03042e-08
-1.08305e-08
9.80626e-09
1.81053e-08
-4.06474e-10
-1.35321e-08
1.39386e-08
2.65385e-08
-2.10349e-08
-2.71022e-08
-1.77012e-08
4.09902e-08
-5.90398e-09
-3.50862e-08
-1.64132e-08
1.57058e-08
-3.20981e-08
3.28055e-08
4.09016e-08
-2.8433e-08
2.63494e-08
-3.88179e-08
-5.83457e-09
8.89135e-09
-2.99263e-08
9.04448e-08
-4.72198e-08
3.98605e-08
1.38627e-09
-1.75014e-08
8.69152e-09
-4.45109e-08
-1.07282e-09
3.00599e-09
3.09919e-08
-3.19686e-08
-5.53544e-09
-3.68809e-08
4.24164e-08
-5.34486e-08
5.55423e-08
2.27613e-08
9.21866e-10
-9.98978e-09
3.94124e-11
1.69987e-10
9.78038e-09
5.34766e-08
-2.67292e-08
2.96529e-08
-5.64002e-08
8.6178e-09
-3.80666e-09
-4.81112e-09
-1.34928e-09
-2.99649e-11
1.37924e-09
1.78265e-10
7.43453e-09
-7.61148e-09
-1.32205e-12
-1.17101e-09
7.24922e-09
1.55342e-10
-2.83075e-08
1.25473e-08
1.57602e-08
1.33091e-08
-3.05572e-08
1.72481e-08
3.54971e-10
1.08656e-10
-2.64517e-08
-1.63238e-09
2.77232e-08
-2.80926e-08
3.69421e-10
3.26605e-08
-5.17985e-08
-4.39983e-08
4.91853e-08
3.31863e-08
-1.15173e-08
1.17727e-08
2.04411e-08
-2.06965e-08
1.30376e-08
5.03981e-08
-6.34357e-08
4.99499e-08
-4.2747e-08
-4.67237e-08
3.92668e-08
7.45696e-09
-2.16003e-09
2.25649e-09
-5.30777e-08
2.66347e-08
3.54142e-09
-4.24865e-09
-3.94479e-08
4.36965e-08
1.37683e-08
-5.16423e-08
-1.30461e-08
5.092e-08
-2.78978e-08
4.67903e-08
-1.88926e-08
5.7618e-08
-3.19714e-08
3.42946e-08
-6.04489e-08
2.61536e-08
3.97502e-09
2.72289e-08
-4.56924e-09
-3.5006e-08
3.01283e-08
-3.37844e-08
3.65607e-09
3.74825e-10
-4.44305e-10
4.44308e-10
1.63003e-10
-8.06507e-11
-1.2013e-08
-6.59321e-09
-6.94784e-11
1.14875e-10
-1.56696e-09
1.45209e-09
3.04086e-08
3.26117e-09
1.79204e-09
1.04187e-10
-1.89622e-09
-1.27235e-10
-1.1503e-09
-3.19962e-08
4.76847e-09
3.17047e-08
-4.47689e-09
-1.83325e-08
1.93459e-08
3.36767e-08
-6.56729e-08
-1.91516e-10
2.2703e-09
-3.91032e-08
-2.1115e-08
4.06369e-08
1.95814e-08
-4.33305e-08
4.23285e-08
-4.27258e-08
-1.31519e-09
-4.06796e-08
1.57632e-09
-1.02951e-08
1.05406e-08
-5.3925e-09
4.2741e-08
-4.2469e-08
1.21848e-10
4.95362e-10
-6.17209e-10
3.2855e-09
-3.84908e-09
-2.57115e-10
8.20704e-10
1.69056e-09
-1.54852e-09
1.76448e-08
-1.64845e-08
-1.16031e-09
-7.08345e-10
3.89232e-10
-2.21179e-09
2.53089e-09
-2.01787e-10
3.28864e-11
1.49736e-09
-1.84786e-08
1.73636e-08
1.11495e-09
-1.1974e-09
-6.53215e-11
-3.00993e-11
-1.62493e-10
-1.72379e-09
6.88896e-10
3.84541e-10
-8.51297e-11
6.77763e-10
1.57832e-09
-1.19378e-09
2.47881e-11
-5.88921e-11
7.26436e-10
1.26114e-09
-2.03646e-09
-2.17718e-09
2.43461e-10
2.59006e-09
-2.89507e-09
6.15429e-11
-9.61655e-11
-8.23848e-11
1.78545e-10
1.47293e-10
1.592e-10
2.58452e-08
-1.23907e-09
-1.35004e-06
1.35004e-06
5.59853e-08
-1.26617e-08
-4.33237e-08
2.03859e-07
5.72909e-09
5.55372e-08
-2.1243e-08
-9.916e-10
9.03222e-10
5.27996e-10
7.65111e-10
-1.2931e-09
2.46896e-08
-6.14224e-10
9.88762e-10
-2.50641e-08
-2.11098e-08
1.33877e-09
1.9771e-08
2.12559e-09
-1.10309e-10
2.39631e-09
-2.28599e-09
4.04628e-08
7.51513e-10
-4.12143e-08
2.40351e-10
1.99954e-09
-7.46551e-10
-1.49335e-09
-1.59397e-09
1.59397e-09
-6.35247e-10
8.32093e-10
-1.78279e-10
-1.85812e-11
4.91431e-08
8.85776e-09
-5.80009e-08
-1.14374e-09
2.09148e-08
2.18765e-09
-2.18765e-09
1.79204e-09
-1.53392e-08
1.16756e-08
1.56846e-09
4.83802e-09
-1.9398e-08
6.37031e-08
2.24804e-10
-2.61596e-10
3.67973e-11
-1.43738e-09
1.32134e-09
1.16018e-10
-1.09759e-07
1.57164e-06
-1.56703e-06
-8.5464e-09
8.57713e-09
-2.99621e-11
-7.36946e-13
-2.05431e-10
7.58048e-10
1.41244e-08
3.95231e-09
4.95861e-09
-6.87867e-10
-3.52627e-11
7.23131e-10
1.16461e-10
-2.01588e-10
8.32861e-09
9.50948e-11
-8.35061e-09
-7.30627e-11
6.04471e-08
3.91162e-08
-9.95625e-08
-4.13816e-10
1.96039e-10
-3.05413e-08
9.0988e-08
-6.50517e-08
7.27424e-08
-7.79747e-09
3.52023e-12
8.18887e-11
7.71206e-09
-1.74631e-08
-4.7589e-08
2.44504e-08
-4.48902e-09
1.91552e-08
-8.4486e-09
1.04635e-09
-3.95222e-10
-7.75881e-09
9.36362e-11
2.30576e-10
7.43459e-09
-3.9099e-10
-1.18602e-10
-1.75476e-09
-5.31433e-09
7.0691e-09
2.90303e-09
-4.65778e-09
-3.79289e-09
-2.03673e-09
6.73662e-09
-7.28926e-09
-3.04266e-09
3.95228e-09
-2.31432e-09
-4.01624e-08
-2.99303e-08
5.29265e-09
2.96614e-08
-4.12471e-08
4.23784e-08
-2.15114e-10
-2.42477e-08
2.51117e-08
-2.65233e-08
1.41157e-09
-1.55271e-08
-1.41115e-10
-1.27768e-11
9.76234e-09
1.51592e-08
-1.42402e-08
-1.06813e-08
3.71717e-09
8.97534e-09
-1.26925e-08
-1.51526e-08
-5.61386e-09
1.64305e-08
4.33603e-09
-1.61993e-08
1.04661e-09
2.92807e-09
-7.20969e-09
4.28163e-09
1.24786e-08
2.54923e-08
-3.79708e-08
2.13752e-08
-2.1789e-08
6.91248e-11
8.99078e-09
8.03664e-10
-8.03668e-10
-2.37244e-10
-1.3112e-08
1.33493e-08
1.03421e-08
-1.10504e-08
-1.97074e-09
-6.38622e-09
1.00601e-07
4.52536e-10
-2.24536e-08
-2.6055e-09
-1.25636e-09
2.0086e-09
1.85325e-09
2.32207e-09
-8.48536e-09
-2.97085e-09
9.13415e-09
-4.87043e-09
7.19249e-09
-1.81136e-09
2.25852e-09
1.49132e-10
-5.96288e-10
-1.74335e-08
-2.69177e-10
-5.92414e-09
-2.56123e-09
-9.03681e-09
8.15824e-09
8.4332e-10
-6.80431e-10
-1.62889e-10
1.57164e-06
-2.8447e-08
-2.08614e-09
3.06398e-08
-9.26574e-08
3.50465e-08
-2.86865e-08
-6.20386e-09
-8.13245e-09
-2.81695e-08
-2.56118e-08
3.93801e-08
-3.45139e-08
3.49063e-08
-6.59622e-09
-4.26464e-08
-4.2169e-09
3.5354e-08
3.91133e-08
-2.04215e-08
1.24796e-08
-3.27599e-07
3.1512e-07
-7.75682e-12
1.97891e-11
-7.75277e-12
-7.10503e-08
7.51478e-08
-4.09752e-09
7.90897e-09
-7.58394e-09
-3.25002e-10
3.6619e-07
-3.78179e-07
1.19889e-08
3.98113e-08
-4.81397e-08
3.66853e-08
-3.33048e-08
3.73692e-08
-4.07496e-08
5.45952e-10
1.63874e-08
-1.03327e-08
-1.27118e-08
-1.19301e-10
1.28311e-08
-8.24028e-09
3.48091e-09
1.56741e-07
-1.56965e-08
-8.86818e-08
1.04378e-07
-7.82299e-08
7.17961e-09
-3.017e-10
5.63903e-09
2.51083e-08
1.32569e-08
3.49483e-08
-8.66209e-09
-2.62862e-08
3.44669e-09
-1.53741e-08
1.0426e-08
-4.51108e-08
-5.08157e-09
-3.5147e-08
4.9487e-08
-4.90145e-08
4.29687e-08
-4.30106e-08
-4.08091e-09
4.54994e-08
-1.34193e-10
-4.53652e-08
4.5574e-08
5.09008e-08
-4.48974e-08
4.54703e-08
-8.46713e-11
8.46717e-11
-1.72265e-09
1.84124e-09
-3.09857e-08
3.7657e-08
-2.91178e-09
2.14802e-09
2.13559e-11
-1.76945e-08
1.81038e-08
-4.09313e-10
-5.57415e-11
1.96487e-09
-1.90911e-09
4.63563e-08
-9.74999e-09
8.84743e-09
-4.54537e-08
6.39564e-09
-5.99687e-09
4.64187e-08
-4.68175e-08
-4.51765e-09
4.4037e-09
-4.35266e-08
4.36406e-08
-1.62578e-07
1.44746e-06
1.5243e-09
-7.0218e-08
6.86937e-08
6.55795e-08
-5.89548e-09
-3.62908e-08
4.97845e-09
-2.35517e-08
5.18678e-08
-5.28738e-08
4.54343e-08
-4.53731e-08
1.36675e-10
-1.97843e-10
5.18299e-08
9.90013e-09
-5.52733e-08
-4.51407e-10
4.51403e-10
-3.19227e-08
-3.99662e-08
4.58709e-08
-4.56115e-08
-9.72539e-09
5.53369e-08
8.73614e-10
9.82434e-11
-9.71851e-10
-7.94452e-10
7.94448e-10
3.72512e-08
1.62254e-08
2.11984e-09
-2.11983e-09
-1.25099e-08
-3.57537e-08
3.45759e-08
1.36876e-08
-2.25478e-09
6.05311e-10
2.26569e-08
-2.6842e-08
2.40634e-08
3.14619e-08
-3.20195e-08
-5.37502e-10
8.60907e-11
-1.08932e-08
9.96659e-09
-9.88849e-09
1.53252e-09
-4.42311e-08
-4.65967e-08
4.97166e-08
-4.6849e-08
-2.86761e-09
-3.90446e-10
-4.35984e-08
4.87269e-10
-5.13962e-08
2.19325e-08
1.99043e-08
-9.81914e-08
5.53403e-09
1.1162e-07
2.34158e-08
-1.35036e-07
3.16397e-08
-1.82113e-08
-7.27366e-08
7.05755e-08
2.55769e-08
-2.75062e-08
3.26394e-08
-5.13323e-09
-6.04854e-09
1.46897e-06
-1.46292e-06
-1.52218e-08
4.47424e-08
-2.95208e-08
7.97963e-09
-4.10969e-08
3.75357e-08
-2.57608e-09
-3.49596e-08
3.96977e-08
-8.30643e-10
-6.85815e-08
6.94121e-08
4.21649e-08
9.19726e-08
-1.34138e-07
-8.89595e-09
-5.55218e-08
-2.67655e-08
-2.4767e-09
-1.31728e-11
2.92553e-08
3.86856e-08
2.26634e-08
4.5014e-08
1.913e-10
-7.19782e-09
8.09922e-09
-4.46529e-10
2.17173e-08
6.64764e-09
-6.02362e-09
-4.57639e-08
4.51399e-08
-3.41053e-08
6.61094e-08
-5.27718e-07
3.47514e-08
3.09086e-07
-2.77727e-07
7.05139e-10
-5.48248e-08
4.54399e-09
4.54526e-08
-7.06913e-09
-3.83835e-08
-3.76171e-08
3.81305e-08
-2.84444e-08
-1.06709e-09
-1.92285e-08
1.99046e-08
5.30634e-12
-1.98831e-08
-1.98106e-08
3.96937e-08
-1.29577e-08
-4.93261e-09
5.87739e-09
-5.11135e-08
4.27411e-08
8.37239e-09
5.03194e-08
-8.95908e-09
-4.13603e-08
-4.63596e-08
-2.95669e-09
-1.25689e-06
1.26962e-06
-1.27274e-08
4.04172e-08
2.55155e-09
4.58198e-08
1.02024e-08
-5.60222e-08
-5.07131e-08
-1.14413e-10
1.52121e-10
5.06754e-08
4.15942e-08
1.61449e-09
-3.91619e-09
-7.21763e-09
3.84045e-08
-4.98048e-09
-9.17273e-09
3.03915e-08
6.81996e-09
4.31838e-09
-3.47418e-09
-2.66905e-10
2.01588e-10
4.03768e-11
-2.32637e-09
2.28599e-09
2.18623e-09
3.4269e-10
-1.41407e-09
6.95115e-09
7.784e-09
-7.82617e-09
-1.83899e-10
2.26072e-10
-8.60633e-11
1.30738e-09
-7.01176e-09
3.18091e-08
1.13778e-08
-1.09573e-08
-1.99332e-09
-3.94929e-09
-1.76209e-07
2.56978e-08
6.55208e-09
-3.225e-08
-1.14816e-08
4.99965e-08
-4.85296e-08
1.00147e-08
1.62942e-08
-3.37956e-08
2.55781e-08
3.75509e-09
-2.93332e-08
7.94609e-09
4.06093e-08
-4.85554e-08
1.55579e-08
2.63144e-08
2.35207e-09
-8.17661e-11
-2.2703e-09
-2.90649e-08
2.71594e-08
1.90553e-09
-3.33846e-08
3.00482e-08
3.33637e-09
1.48269e-10
-1.48274e-10
-1.62732e-08
-1.30468e-09
1.71603e-08
4.1764e-10
-1.01448e-09
-3.56926e-08
-4.60312e-09
4.02957e-08
1.5013e-08
-3.59544e-08
4.25008e-08
-1.49985e-07
-4.22095e-08
-1.49215e-08
2.44615e-08
1.78585e-08
4.05057e-08
1.20085e-06
3.23716e-09
-1.20409e-06
-4.78157e-07
5.02607e-07
8.34897e-09
-1.37536e-07
1.90618e-09
2.64866e-08
-1.08162e-08
-1.56704e-08
1.45112e-09
4.16309e-08
8.10283e-09
3.21104e-08
-1.68429e-08
1.53058e-08
-4.47733e-08
4.63103e-08
3.85132e-08
-4.50979e-08
-1.40517e-08
1.23397e-08
-4.06686e-08
4.23805e-08
-3.86851e-08
4.46261e-08
6.6141e-09
3.06287e-08
-1.21512e-08
-4.13236e-08
4.06406e-08
1.52004e-09
-1.52003e-09
-5.11249e-08
3.4795e-08
1.11082e-08
-4.59032e-08
1.73434e-10
2.11724e-10
3.44099e-08
-6.82347e-09
-3.69826e-08
2.70613e-09
-4.15135e-08
4.17344e-09
9.12809e-09
-8.28408e-09
4.49493e-08
-4.57934e-08
4.09709e-08
-5.76343e-09
6.03312e-09
-1.38463e-08
-2.88001e-08
3.72206e-08
8.03247e-09
-4.5253e-08
6.08713e-08
-5.99348e-08
1.01718e-08
6.10448e-08
-3.76557e-08
-5.91336e-09
4.35691e-08
1.44258e-08
-1.34406e-08
1.40504e-08
-3.78694e-08
1.16805e-06
-2.54531e-08
-1.1426e-06
1.31842e-09
4.10101e-08
4.22434e-09
4.68328e-07
4.1842e-08
1.84659e-09
-1.06957e-09
-4.75494e-08
4.8619e-08
-2.54021e-10
-3.53844e-08
5.95861e-08
-2.94684e-08
5.86665e-08
-5.07571e-08
4.53646e-08
-5.53615e-08
-4.47919e-08
4.37467e-08
1.04512e-09
-1.03086e-08
-4.42086e-08
-3.60751e-08
3.65215e-08
9.97965e-09
-7.74137e-10
-4.45856e-08
-3.60041e-09
3.92866e-08
2.43227e-08
4.49752e-08
4.70717e-08
-5.89385e-08
5.72353e-09
-3.38884e-08
-1.40248e-08
-2.14151e-08
3.54399e-08
-2.44608e-08
2.33752e-08
-3.41522e-08
3.52377e-08
2.76858e-08
4.4761e-09
-2.74438e-08
4.19862e-08
1.34109e-08
-1.44069e-08
-3.60469e-08
2.98449e-08
4.82498e-08
3.66011e-08
1.05645e-08
-1.33599e-08
1.26441e-08
1.55081e-06
-1.54597e-06
-1.3924e-09
1.3984e-08
-1.25916e-08
8.95074e-09
-2.64407e-08
3.03324e-09
-4.21345e-08
1.22028e-08
-1.20584e-08
3.65148e-08
-3.6533e-08
2.78418e-09
-2.76599e-09
-6.0234e-08
-4.78832e-09
-4.01118e-08
4.06832e-08
-3.17265e-08
-4.16806e-09
3.58945e-08
4.88794e-08
6.93e-10
-4.89861e-08
1.43197e-09
-1.42845e-09
-2.6592e-07
2.46559e-07
1.93612e-08
1.51837e-08
-5.62635e-08
4.10793e-08
1.1044e-08
-2.47517e-08
4.98738e-08
5.66589e-09
-6.28471e-09
-4.9255e-08
-3.62071e-08
-5.8919e-08
6.0932e-08
-2.61653e-08
1.18799e-08
1.42854e-08
-3.91045e-08
3.19568e-08
-3.93742e-08
1.39976e-08
2.53766e-08
-3.98316e-08
4.67756e-09
-5.06025e-09
4.02142e-08
-6.7391e-09
-2.79918e-08
3.2013e-08
-5.805e-10
1.76437e-08
6.05034e-09
-2.36941e-08
5.53582e-09
6.91752e-10
7.55583e-09
-8.09559e-09
-2.99073e-08
4.95382e-08
2.05606e-08
5.83275e-09
8.3082e-10
4.55406e-08
-1.63732e-09
1.29534e-11
1.59251e-09
-1.9925e-08
-4.11811e-08
-1.87537e-08
6.92803e-08
3.7866e-08
5.83336e-08
-9.61996e-08
-5.90577e-08
5.79046e-08
1.63361e-08
-3.67767e-08
-3.6901e-09
2.73937e-09
3.77274e-08
-4.09835e-09
3.27828e-09
3.25561e-08
-3.58344e-08
7.84821e-09
-5.29973e-08
4.51487e-08
-5.24555e-08
-6.60247e-09
3.25916e-08
-4.89407e-08
1.63487e-08
1.37084e-08
2.73234e-08
-1.24704e-08
3.07265e-08
-5.05908e-08
3.0146e-08
-2.20468e-08
-7.0456e-11
4.17281e-11
-7.20327e-09
-1.81704e-09
7.09545e-09
1.92486e-09
-2.55371e-08
1.22872e-08
-2.96697e-08
2.85258e-08
3.55155e-08
-2.5252e-08
2.43064e-08
-3.45699e-08
-1.5496e-09
-5.2236e-08
2.6984e-08
-2.2013e-09
-5.2351e-08
2.31634e-09
2.52323e-08
3.49244e-08
-2.62581e-08
-8.67597e-10
1.81962e-08
-1.26387e-09
-2.58911e-08
2.7155e-08
-2.4738e-08
4.60804e-08
5.07759e-08
-1.52158e-08
-3.55601e-08
1.52988e-08
-3.51819e-08
6.33788e-09
-6.81468e-09
-4.39337e-08
4.58116e-08
-1.1919e-08
4.8758e-08
2.21972e-09
3.0939e-11
1.65327e-08
-2.25547e-08
5.75028e-08
-4.16343e-08
6.68617e-09
1.55515e-08
4.19513e-08
1.24185e-06
4.42942e-08
3.71725e-10
-6.9505e-09
6.77829e-09
-1.99501e-10
-7.08098e-10
-3.84433e-08
1.66846e-08
-4.40856e-08
-4.6664e-10
-2.40216e-07
2.33939e-07
6.27777e-09
-2.2193e-09
2.21931e-09
1.99017e-10
-1.16415e-10
1.18599e-10
-1.04607e-08
-4.20481e-09
4.56305e-09
3.34085e-09
8.29005e-10
-2.66729e-10
-3.06502e-10
-7.73233e-09
-2.21865e-08
2.42896e-08
-1.20565e-08
1.26521e-08
1.30494e-08
-4.60187e-08
-1.26606e-09
-3.79162e-09
-4.22201e-08
4.60117e-08
3.12703e-09
4.26287e-08
-4.57557e-08
-5.84432e-08
-3.46226e-08
3.1776e-08
-4.60945e-08
1.23952e-08
-4.70178e-08
1.88148e-08
-5.01247e-08
3.13096e-08
-3.71945e-08
-9.19955e-09
4.63941e-08
3.53112e-08
5.65966e-09
-4.11842e-08
-2.44671e-08
6.06977e-09
-6.36136e-09
-3.10585e-08
3.39632e-08
-2.90469e-09
2.16899e-09
-4.49877e-08
4.28187e-08
2.66217e-08
-2.63371e-08
1.54785e-09
-2.13209e-09
1.33344e-08
3.42919e-08
-5.37078e-09
-3.70055e-08
4.23764e-08
4.26472e-08
-7.33594e-09
-4.51455e-08
2.48266e-09
4.48318e-08
-1.23802e-08
-4.65388e-08
2.56759e-09
3.50629e-08
-3.76305e-08
-4.43325e-08
4.69001e-08
-5.16539e-08
-4.00504e-08
4.73719e-08
1.12185e-08
-4.58712e-08
2.60606e-08
1.54292e-08
2.66897e-08
-1.03132e-08
9.92821e-09
-8.51312e-10
-1.34335e-08
2.48145e-08
-1.1381e-08
-1.03525e-09
3.83695e-08
1.17913e-09
-3.94883e-08
-4.37995e-08
3.83002e-08
4.10634e-08
-3.97572e-08
-2.76782e-09
1.46166e-09
1.48073e-09
-1.48073e-09
1.17843e-08
-9.09797e-09
-3.91924e-09
-7.23131e-10
1.0021e-09
2.48057e-09
-2.0312e-09
2.54199e-09
-2.99136e-09
-4.13036e-10
1.25636e-09
4.00444e-10
-7.04541e-11
8.74335e-12
-1.61846e-11
-5.37968e-10
-4.37931e-11
2.16365e-09
1.33673e-10
-1.74339e-09
-2.99397e-11
-1.99845e-09
-7.70107e-09
7.81623e-09
-7.79225e-09
1.09719e-10
7.678e-09
1.1812e-10
2.01323e-11
-3.58845e-10
2.16433e-10
-1.55544e-09
1.33901e-09
1.71405e-10
-1.51041e-09
1.31036e-06
-3.69763e-08
3.84205e-08
-1.08046e-08
9.36042e-09
1.40458e-06
-6.10105e-08
5.74656e-08
3.54494e-09
-1.46586e-08
1.55544e-09
-7.68592e-10
1.52939e-08
-1.45253e-08
5.67674e-09
-2.09318e-08
-2.34097e-08
2.40875e-08
-6.77807e-10
-7.44458e-09
-4.06246e-08
4.76057e-10
4.01485e-08
-5.91553e-08
5.92347e-08
-4.47622e-08
-1.17101e-09
2.13472e-08
1.272e-08
-1.45666e-10
-9.70284e-10
9.70278e-10
6.23006e-08
6.2398e-08
1.43972e-07
-1.58136e-07
1.4164e-08
1.72898e-08
-1.68059e-07
-1.47972e-08
-1.29426e-08
1.51702e-07
5.2133e-09
2.56169e-07
-2.69111e-07
1.95634e-10
1.51506e-07
2.5715e-07
1.59927e-09
1.33295e-08
-1.4929e-08
-2.16626e-07
2.78876e-08
-1.02247e-08
1.5346e-09
1.46605e-07
-1.37915e-07
5.18468e-08
-3.63521e-09
-5.13678e-08
3.15621e-09
-4.82753e-08
4.55735e-08
2.05603e-08
3.50873e-08
1.06109e-08
-3.90917e-11
2.30785e-10
-1.26176e-09
2.70173e-10
-1.67862e-09
-3.45752e-08
8.24517e-09
4.01497e-11
-8.15891e-09
-5.07816e-08
3.67718e-08
-3.72496e-08
2.18213e-09
-1.70428e-09
3.36527e-10
-1.00521e-08
-2.74168e-10
-9.02422e-10
-3.21445e-08
-2.35994e-09
3.25427e-08
-2.10186e-08
2.0533e-08
2.67354e-08
-5.3276e-08
1.72258e-08
3.60501e-08
-1.86483e-08
-4.76845e-08
9.92983e-09
-1.10744e-10
-9.88336e-09
-1.59136e-08
-3.70785e-08
-9.30525e-10
1.32116e-10
-8.86179e-10
4.12576e-08
-2.46338e-08
6.45195e-08
-4.50259e-09
9.77369e-09
4.92642e-09
-4.23728e-08
3.74463e-08
4.50174e-08
-4.50814e-08
-2.05128e-09
2.11534e-09
-4.52217e-08
4.58087e-08
-5.87063e-10
-1.52379e-08
-3.61598e-08
5.18165e-08
-2.17055e-08
-1.03649e-07
-2.72732e-08
1.08576e-07
2.2347e-08
3.52877e-08
-1.68593e-08
4.47418e-08
-1.21911e-06
-4.32151e-08
-1.08226e-07
9.21022e-08
-9.29328e-08
3.66613e-09
4.46156e-08
-4.40347e-08
-1.7089e-07
1.69761e-07
4.32935e-08
-2.22251e-08
6.70867e-09
1.55164e-08
5.54405e-11
1.14938e-09
-2.40265e-07
-2.43499e-10
-1.11608e-08
-1.91216e-09
1.10451e-08
2.47394e-09
7.37152e-09
3.34251e-08
-4.07966e-08
-5.51272e-10
-3.70345e-08
2.57339e-08
1.13005e-08
2.17344e-08
-3.63345e-08
1.67547e-08
9.20256e-09
-2.59573e-08
2.35998e-08
6.40784e-09
-2.26954e-08
8.31053e-09
-7.29024e-09
4.30297e-10
-1.96865e-10
-1.33621e-08
1.37924e-08
2.51528e-08
-4.82201e-10
-2.59345e-08
7.4583e-09
-7.83435e-09
-4.63627e-08
-1.37924e-09
1.47287e-09
7.41178e-10
-1.57499e-09
-5.515e-08
4.85149e-08
2.3771e-08
6.17406e-10
-3.64355e-09
-4.00476e-08
4.36912e-08
2.97368e-08
4.60137e-10
-2.78246e-10
-1.81885e-10
4.30005e-11
-1.92383e-09
-1.84727e-10
-5.03139e-10
2.4526e-08
-1.81417e-08
5.03138e-10
7.47833e-10
-5.61826e-09
-3.80614e-10
-2.23147e-08
2.06523e-08
-5.26837e-08
4.79689e-08
4.71481e-09
3.35429e-08
6.10778e-08
-4.3191e-11
2.04913e-08
7.68182e-09
-1.36996e-08
-1.01244e-08
1.43835e-08
9.99952e-08
-2.67934e-08
-2.44499e-08
2.59978e-08
3.39623e-08
-1.51007e-11
-4.79829e-09
-8.90389e-09
7.59096e-09
-1.87273e-08
3.04474e-08
-3.67074e-08
4.95405e-08
2.79636e-09
-4.91901e-08
-3.14675e-09
-1.53871e-08
4.20088e-08
4.49995e-08
-3.45518e-08
-1.04476e-08
3.20346e-08
-3.14487e-08
-3.13008e-08
2.95439e-08
2.49072e-09
-2.85423e-08
-1.38802e-09
1.44415e-08
1.32324e-08
-1.22559e-08
-1.5418e-08
5.32318e-09
-9.69592e-10
-3.03312e-08
3.95618e-08
-4.19857e-08
-3.88232e-08
1.33066e-06
-6.44821e-09
-1.32421e-06
-3.75702e-08
3.82805e-08
-7.10352e-10
-2.74663e-07
5.55129e-09
-3.83254e-08
4.31336e-08
1.33066e-06
1.23641e-09
2.93872e-09
-2.42918e-09
4.34666e-08
-4.39761e-08
-3.73328e-08
-3.53637e-10
1.5811e-08
-1.62178e-08
1.17237e-09
1.52365e-08
-1.38073e-07
-3.51107e-08
-7.27295e-09
-1.58436e-09
4.75273e-08
-5.46953e-08
7.16799e-09
-1.12721e-08
-3.87869e-08
-1.31769e-08
3.909e-08
-2.97598e-08
2.48565e-08
-1.69326e-09
-2.15092e-08
2.00115e-09
-1.43526e-08
1.47244e-08
-1.8286e-08
-1.75758e-08
1.95934e-08
-5.94834e-10
-1.96321e-08
1.90179e-08
-3.34772e-08
2.4611e-10
3.32311e-08
2.97608e-08
2.35954e-08
1.37237e-10
1.98594e-09
-1.8663e-09
3.26886e-11
-2.61004e-09
1.19266e-10
-2.18609e-10
4.74075e-10
-2.55473e-10
1.01705e-10
-2.00295e-08
1.52065e-09
-5.74632e-09
-1.50818e-09
-1.90316e-08
-5.26374e-10
1.89923e-08
-5.77537e-08
5.70417e-08
-2.03888e-10
-5.14581e-10
7.18464e-10
4.86069e-09
-4.4647e-09
1.65765e-10
-5.61761e-10
-1.22246e-09
-1.1937e-09
9.01538e-09
4.01699e-08
-3.39361e-08
4.26207e-08
-4.47216e-08
7.52704e-09
4.37426e-08
-5.94017e-08
2.34109e-08
3.59908e-08
1.28401e-08
1.08948e-08
-2.37349e-08
3.1679e-09
2.78848e-08
-3.66299e-09
-1.98293e-08
-3.89302e-09
1.22208e-09
2.12857e-08
-1.68539e-10
5.69606e-09
-7.09959e-09
1.17545e-09
-2.18156e-09
3.61327e-12
-2.82162e-09
8.699e-11
-1.6132e-09
-1.63962e-11
2.64925e-11
-6.96058e-09
5.13786e-09
6.65132e-10
1.32471e-10
-7.85035e-10
2.23786e-08
-1.01811e-10
5.21533e-09
-5.62532e-09
5.11827e-10
-9.86868e-10
-1.60796e-08
2.70776e-08
-2.14543e-07
1.13025e-08
-3.80047e-08
3.70179e-08
-3.01556e-09
-1.3064e-08
-3.74277e-09
3.85879e-09
-3.64907e-08
9.03089e-08
-9.22797e-08
1.83575e-09
-1.59972e-07
1.2538e-06
-1.19563e-08
-2.73612e-07
7.85366e-10
-3.08736e-09
1.25689e-06
8.11769e-08
-4.79908e-08
-1.31884e-09
1.31885e-09
2.35946e-10
-1.55443e-09
-3.59936e-08
3.68978e-08
-3.94283e-08
3.04361e-08
4.11967e-09
-1.80457e-08
2.09106e-08
5.53713e-09
1.27736e-09
3.3647e-08
-4.54281e-08
-1.17998e-09
-5.75793e-08
-5.6335e-08
-4.12049e-08
1.94447e-09
1.22658e-09
-7.57024e-10
-4.69546e-10
-6.41459e-08
4.29839e-10
4.68024e-08
-2.41119e-10
3.51969e-10
3.90214e-10
-1.00291e-10
-3.0502e-10
2.84218e-08
-2.3559e-08
3.8012e-08
-3.59972e-08
-2.01485e-09
-2.40153e-10
4.64648e-10
1.00209e-09
-2.80044e-08
2.9845e-08
-4.63795e-09
-1.80291e-08
8.25255e-09
-4.91874e-09
-1.34873e-08
-3.16329e-08
3.26421e-08
-1.00907e-09
2.20905e-08
-1.76156e-09
1.42211e-09
3.72138e-08
3.84083e-08
-3.70505e-08
-1.35787e-09
-3.85661e-08
-1.25966e-09
-9.82543e-09
4.4682e-08
3.82629e-08
1.86859e-08
-6.98988e-09
-1.16961e-08
1.87817e-08
-1.28909e-08
-1.42064e-09
3.14526e-11
-1.45209e-09
-1.59673e-09
8.03668e-08
1.32063e-10
1.05635e-08
3.42204e-09
-1.61604e-08
1.3792e-08
1.33554e-08
-8.25721e-09
-5.09817e-09
6.18247e-09
7.84825e-09
4.2282e-09
2.74601e-09
1.63516e-08
-3.75074e-08
-1.57377e-08
-3.10221e-08
3.66215e-08
-4.04547e-09
-3.61164e-08
1.21041e-08
-2.51597e-08
-4.03497e-08
1.26895e-09
5.77792e-08
1.46892e-09
-1.32399e-09
1.59767e-09
4.16788e-08
-1.56876e-08
-4.72766e-10
9.81352e-09
-1.00971e-08
-1.97919e-08
-1.65376e-08
-4.97361e-08
4.22134e-08
2.70442e-08
8.57214e-09
-3.56163e-08
5.34586e-09
-5.67444e-09
-4.94075e-08
-1.50992e-06
-1.16325e-08
-1.49758e-08
6.56346e-08
-8.78597e-08
-1.47071e-07
-6.1426e-09
1.46203e-09
1.12789e-06
-3.68639e-08
-6.89439e-10
-3.76795e-08
4.41102e-08
-2.70876e-10
-2.41268e-08
2.43977e-08
2.03841e-08
2.05765e-11
-2.36047e-10
-3.57576e-08
-3.89881e-08
1.30856e-09
2.43301e-08
4.23595e-08
-2.43629e-08
-2.64081e-08
-4.50863e-09
-2.72357e-08
5.22107e-09
-3.88353e-08
4.35621e-08
3.61165e-08
-2.21009e-08
2.05197e-08
-3.82323e-08
4.07807e-08
-2.25973e-08
1.23726e-08
1.73808e-09
-2.63813e-08
-1.77025e-09
-1.51393e-08
-4.64157e-09
5.93513e-08
-6.04929e-08
5.78321e-09
2.88938e-09
5.38341e-08
-5.67235e-08
1.52415e-08
-1.78928e-08
-4.68617e-08
-3.32009e-10
-2.0209e-09
-4.80247e-08
6.22549e-08
2.14405e-08
6.02848e-08
-2.41083e-08
4.37651e-08
-1.08293e-08
9.02455e-10
-1.8336e-08
-1.69505e-08
1.45807e-08
1.18809e-09
3.22506e-08
2.75391e-09
1.30693e-08
-2.14259e-08
1.65106e-08
-6.52038e-08
5.37706e-09
8.18046e-10
-3.82683e-08
-1.65773e-09
3.99261e-08
5.86929e-08
-9.58319e-09
-7.21885e-09
4.27071e-08
-3.61676e-08
-3.99041e-08
-1.28792e-07
-8.7494e-08
1.0171e-07
1.14575e-07
-8.4761e-08
-4.40306e-08
-1.00026e-07
1.25318e-08
-1.19152e-07
-1.43601e-08
3.20109e-08
-2.92833e-08
2.86577e-09
-5.8421e-09
-2.12279e-08
2.1351e-08
3.58715e-08
-3.59849e-09
-2.07093e-08
-1.3437e-09
-1.94071e-08
-5.8574e-09
-2.07508e-08
-3.88378e-09
1.04808e-10
-7.00947e-11
4.06389e-09
5.1013e-09
-9.1652e-09
5.01475e-09
3.14164e-09
-4.0925e-09
1.89885e-08
-3.71184e-09
3.40932e-09
1.1367e-08
-6.35225e-09
-8.22069e-10
6.50507e-11
3.05093e-09
-3.53409e-09
-2.79577e-08
-2.69425e-09
3.31234e-08
-2.27561e-08
-7.54748e-09
3.03035e-08
-2.18783e-08
-3.22723e-08
4.31463e-09
-4.7665e-08
-5.43017e-10
-8.32385e-10
7.64124e-10
4.45182e-08
-7.71496e-10
-4.47353e-08
7.91462e-09
1.3124e-10
-4.55677e-08
-1.72311e-09
-1.8957e-09
1.93511e-09
-1.18745e-09
1.41803e-09
4.90882e-09
2.14338e-08
-1.61353e-08
2.87794e-08
-6.29375e-09
4.22027e-08
-3.5909e-08
-4.21237e-08
8.18761e-09
1.14604e-08
-1.08773e-08
4.19615e-08
-6.78424e-08
6.69857e-08
-6.49826e-08
-2.87304e-09
3.2219e-09
-6.53315e-08
4.97843e-08
1.72195e-09
-4.98246e-08
-1.27295e-09
-4.28678e-08
4.57755e-08
4.17437e-09
-5.43845e-09
5.22462e-09
-1.99004e-08
-4.45925e-09
2.0312e-09
-1.04792e-08
-7.09304e-09
-7.45216e-10
1.21474e-08
1.23786e-08
-1.12035e-08
4.43524e-08
-1.53373e-09
-6.04202e-10
4.4071e-08
8.85626e-10
-3.87726e-08
3.81684e-08
4.48358e-08
9.72933e-10
-1.06947e-09
-3.92369e-08
-6.63898e-09
-5.18042e-08
5.46429e-08
-5.26895e-08
4.20482e-08
-2.24765e-09
2.37972e-09
-2.3584e-09
-3.7587e-09
3.46459e-09
5.16676e-08
3.2806e-08
1.37364e-08
-4.65423e-08
-9.42796e-09
8.98614e-09
-1.16805e-06
-4.31841e-09
2.54104e-08
-5.44197e-08
3.29338e-10
-4.24639e-08
-2.29514e-08
1.84603e-08
-2.04342e-08
5.35476e-08
-1.94456e-09
2.91128e-08
-4.05944e-08
3.59448e-08
-4.97725e-08
3.44697e-08
6.16727e-09
3.97751e-08
-2.40591e-09
1.60296e-08
-1.71085e-08
-4.05266e-08
4.16056e-08
-2.23648e-09
1.53147e-08
-4.20439e-08
2.30265e-08
5.7327e-10
-1.06619e-08
-4.6869e-08
-1.43616e-06
-2.22385e-08
-1.12553e-07
1.34792e-07
5.35399e-08
-1.12008e-08
2.02842e-08
-7.58204e-09
9.0463e-09
4.50944e-08
-4.5105e-08
3.79644e-09
1.6512e-08
-2.21799e-08
2.56266e-08
4.0648e-08
-3.71625e-08
-4.20903e-08
1.14832e-08
-2.58433e-08
-1.43893e-09
1.48856e-09
4.66418e-08
-2.04915e-08
1.47683e-08
1.70889e-08
-2.08257e-08
5.24603e-08
-3.64307e-08
-1.0217e-08
-9.43821e-10
-4.96321e-09
2.20521e-08
3.99956e-07
-6.12863e-09
-4.56096e-08
1.71766e-08
-4.52863e-08
4.53621e-08
-3.75789e-08
4.36948e-08
6.84008e-10
2.37972e-09
-1.57392e-09
4.57369e-08
-4.4163e-08
1.68228e-09
-6.35844e-08
4.53453e-08
1.24607e-10
-4.90453e-08
-1.96311e-10
4.91074e-08
8.6565e-10
4.74353e-08
5.11981e-08
-5.48706e-10
5.2127e-08
-3.03498e-08
4.24165e-09
3.92893e-08
-3.65503e-08
4.49001e-08
-3.23328e-08
-1.25673e-08
4.50627e-08
-4.19023e-08
-3.16038e-09
5.11546e-09
4.57821e-08
3.18608e-08
-3.64003e-08
7.71856e-08
4.58667e-09
3.4721e-08
-3.93077e-08
5.14468e-08
4.11896e-09
-1.44725e-07
1.29822e-07
1.49025e-08
4.76677e-08
1.54042e-09
3.66929e-08
-3.90072e-08
3.94234e-08
1.07973e-08
-4.62121e-08
-9.74281e-09
4.51576e-08
-1.7134e-09
3.72811e-08
9.08593e-09
2.74372e-08
-5.36859e-08
3.26666e-08
2.10188e-08
3.87775e-09
-3.16907e-09
-3.09363e-08
4.99416e-09
4.41792e-08
3.01127e-09
-3.65085e-08
-1.6446e-09
-4.43612e-08
3.81023e-08
-3.15144e-08
-8.8986e-10
-9.31197e-09
1.66075e-09
-2.3931e-09
2.3584e-09
3.46999e-11
1.90126e-08
2.38359e-11
1.67802e-09
6.21337e-10
-1.53518e-10
6.31048e-09
-8.4128e-11
2.69471e-08
1.28958e-10
1.84454e-08
-5.11426e-07
1.03183e-08
-3.15855e-08
2.34033e-08
-1.69461e-08
1.9559e-08
-1.69447e-07
8.4693e-08
8.47541e-08
7.36041e-09
1.44748e-08
-1.35297e-08
-2.06693e-09
2.83204e-09
-3.51608e-08
4.40233e-09
2.1253e-10
-1.35056e-08
-8.30773e-10
4.42148e-09
4.83828e-08
-3.93833e-09
-4.88659e-08
-4.03438e-08
-4.66459e-09
-4.39747e-08
-2.82609e-08
-2.84015e-08
2.31853e-08
3.09564e-08
2.28215e-09
1.47877e-08
-1.55792e-08
-1.23581e-09
1.26136e-08
3.95883e-08
4.97595e-09
-3.95355e-08
-5.02881e-09
-1.49073e-08
1.59738e-08
-2.07972e-08
2.00472e-08
-5.64028e-11
1.49321e-09
1.15072e-09
-3.82012e-08
-7.32696e-10
-2.02106e-08
4.80775e-08
-3.32106e-09
3.89823e-08
3.00984e-08
1.57169e-08
2.35637e-08
-4.95589e-08
-3.58251e-09
5.82079e-08
-1.08126e-08
-1.31305e-08
5.66798e-08
5.00573e-08
-9.79238e-09
-5.10776e-08
3.69268e-08
-2.53063e-07
1.27987e-08
-4.46779e-10
-1.96827e-10
6.08097e-10
-2.93055e-07
2.80697e-07
-4.50437e-08
4.55924e-08
-3.54539e-08
3.93947e-09
-3.66493e-08
3.95767e-08
-2.92745e-09
-3.62988e-08
-3.48612e-09
3.13562e-09
-3.06966e-09
1.55081e-06
-5.39639e-08
-3.49384e-08
1.71971e-07
-7.02608e-08
1.20085e-06
-1.34482e-06
5.29764e-08
3.47023e-08
-8.76788e-08
2.75032e-08
-3.10875e-08
4.08232e-08
-3.60282e-08
6.83264e-08
-2.78928e-07
-2.30256e-08
2.83023e-08
-1.55033e-08
-2.42477e-08
-2.24948e-09
-2.27209e-08
2.31564e-08
-4.48466e-08
-1.86412e-08
-2.12943e-09
1.3176e-09
-2.2365e-08
2.31769e-08
4.37109e-08
-4.31669e-08
-2.49955e-09
1.34747e-10
-4.02089e-08
8.73033e-09
-2.94237e-08
-3.33208e-08
1.5736e-08
4.01635e-08
-4e-08
-1.63559e-10
2.2941e-08
-1.78012e-08
8.15364e-09
-4.57702e-10
2.77226e-08
-1.06666e-08
4.32805e-08
-2.34197e-08
-3.18537e-08
2.9648e-08
-4.45181e-08
1.24617e-08
3.97593e-08
-3.53378e-08
-1.01573e-08
-3.97895e-08
3.95977e-08
1.0349e-08
8.61578e-08
2.84173e-08
-1.60862e-07
3.24965e-08
6.38058e-08
6.03549e-08
-1.41498e-08
5.8216e-08
6.24212e-09
-4.55992e-08
-2.77849e-08
3.28605e-10
-2.7747e-08
-3.81831e-10
2.34836e-08
-2.98331e-10
-4.57894e-08
1.39358e-08
4.3046e-09
-1.92118e-08
1.69983e-09
-1.03529e-08
2.05529e-08
3.11658e-08
-3.3252e-08
3.57936e-08
-4.70089e-10
-1.38634e-06
-2.48018e-07
2.52242e-07
1.61829e-09
3.84248e-08
-4.35126e-08
5.53507e-09
5.85304e-08
7.48494e-09
3.19849e-08
-2.53981e-08
-6.58674e-09
-4.22368e-08
-1.00266e-08
1.99992e-09
-4.64555e-08
-4.25495e-09
5.61017e-08
3.82658e-08
-3.66446e-08
-4.13171e-10
2.6829e-08
1.44911e-10
-3.30367e-08
2.95506e-08
4.80973e-08
-4.38488e-08
-4.26054e-08
4.40418e-08
-4.7851e-08
4.50668e-08
-2.31216e-09
-1.51386e-08
2.81339e-07
-2.66205e-07
-2.8352e-07
4.59076e-09
5.20489e-07
-3.1015e-08
2.50819e-08
-4.4826e-08
2.22057e-09
-4.30974e-08
-1.72857e-09
-1.43043e-08
-1.98132e-08
-9.50795e-09
-4.85011e-08
-1.00509e-08
1.46981e-08
-4.7483e-09
-9.94983e-09
-1.39891e-08
4.48114e-09
-9.34179e-09
-2.82106e-08
1.73802e-08
-1.64847e-08
-1.1726e-08
7.77321e-09
-4.24419e-08
4.41434e-09
-3.19376e-08
6.25698e-08
-3.14214e-08
5.10028e-08
2.14815e-08
-2.10814e-08
-4.40694e-08
-2.62459e-08
-1.49599e-08
-1.97313e-09
-2.23682e-08
2.81717e-08
-5.80355e-09
2.95267e-10
-2.70608e-08
-3.82382e-09
-2.11192e-08
1.44451e-08
-1.8269e-08
2.21708e-08
-7.72563e-09
3.56427e-07
9.7624e-09
3.50803e-08
-3.75099e-08
-2.63532e-08
3.85559e-08
-5.10363e-08
4.24069e-09
-5.25617e-08
-4.36274e-09
-4.2173e-08
4.3223e-08
-1.74769e-09
4.4919e-08
4.20566e-10
-4.53396e-08
-3.17792e-08
4.57149e-08
2.7423e-10
3.92754e-10
-5.00312e-08
4.99126e-08
-3.77557e-08
3.50709e-08
3.99361e-08
-1.52033e-08
4.20118e-08
-5.92731e-08
4.06247e-08
4.23097e-08
1.50868e-08
-4.07228e-08
-1.48937e-08
4.05297e-08
-2.71542e-08
-4.84264e-11
-1.26934e-08
2.47648e-09
3.61235e-08
-3.57049e-08
3.70803e-09
4.52767e-08
-5.45644e-08
6.71339e-09
-4.04561e-08
-3.31302e-08
-2.46593e-08
2.45051e-09
-1.36751e-08
-2.59814e-09
-5.35062e-09
3.53378e-08
-3.50501e-08
4.73738e-08
3.92098e-09
-4.29776e-09
-3.2217e-10
-2.18644e-08
-3.05542e-08
-5.346e-09
4.50293e-08
-4.72295e-09
4.57223e-08
2.65436e-08
8.06965e-09
-2.34969e-08
1.61864e-09
-5.14395e-08
-1.03554e-08
-2.41915e-08
2.41908e-08
-1.22543e-08
1.93399e-08
-2.26097e-08
-5.96019e-09
6.29938e-09
-1.88511e-08
2.06031e-08
2.69996e-08
-1.71148e-08
-1.85628e-09
2.93153e-09
-1.51283e-08
-2.08261e-08
5.89964e-09
-6.13886e-09
-2.56026e-08
-2.96247e-08
1.50007e-08
1.75477e-08
-2.12975e-08
1.17726e-08
4.37824e-08
-2.7903e-09
4.5419e-08
-4.43182e-08
-2.6659e-08
2.89477e-08
-4.10724e-08
3.87837e-08
8.18731e-10
-1.02416e-09
4.15047e-10
-2.3912e-08
-4.99671e-08
1.16711e-09
-3.01465e-10
6.45187e-09
-3.2305e-09
7.90715e-09
-3.57665e-08
-9.51925e-10
1.79021e-07
-1.71757e-07
5.21594e-09
3.87032e-08
1.7803e-11
2.03664e-08
1.61317e-08
-3.48884e-09
-3.12192e-08
-5.31377e-09
-3.36758e-07
9.159e-09
7.62668e-10
-4.97586e-08
3.96615e-08
-3.65441e-08
1.29063e-08
2.80271e-08
-2.04686e-09
-2.73663e-08
1.38602e-09
-2.48871e-08
1.54772e-08
9.4098e-09
1.05445e-08
-3.25913e-08
3.62476e-08
-1.07554e-08
3.5713e-08
-2.82437e-08
-3.32508e-08
-1.00958e-08
5.17406e-09
4.07038e-08
-4.30832e-08
2.37941e-09
4.35001e-08
4.24079e-08
-4.64038e-09
3.87166e-08
3.69137e-09
-2.49284e-08
2.06289e-08
2.645e-08
-3.44164e-08
3.62915e-08
-1.44959e-08
-5.12506e-08
-1.72473e-08
-5.41072e-08
-3.67235e-08
3.03811e-08
4.25995e-07
-4.2944e-07
3.44519e-09
-2.30471e-09
2.3181e-09
6.05828e-09
3.9986e-08
2.71362e-09
-3.97987e-08
4.01104e-08
1.5808e-08
-3.66084e-08
3.73077e-08
-2.53485e-08
7.72735e-08
-7.10314e-08
-2.44108e-08
4.58151e-09
2.61726e-08
3.73335e-08
4.24402e-08
-4.01721e-08
5.07942e-08
-1.11489e-08
-4.34155e-08
-4.00734e-08
3.8435e-08
-2.35514e-08
2.36777e-08
1.9146e-08
3.16481e-08
-2.35761e-08
1.882e-08
2.63866e-08
5.1004e-08
-5.35137e-08
-2.30643e-08
2.55739e-08
9.79971e-09
7.0804e-09
-3.76346e-08
4.54657e-08
3.74832e-08
-4.21424e-08
-2.70422e-09
-1.3874e-08
-3.96396e-08
5.28868e-08
-1.05174e-08
-2.25575e-08
-3.73276e-08
1.15129e-09
4.45711e-08
4.73183e-08
5.58804e-08
-5.99921e-08
-3.65783e-08
3.43276e-08
2.1065e-08
6.95582e-08
-6.03579e-08
-4.44655e-09
5.79524e-08
-8.68552e-09
4.70732e-08
2.83556e-08
3.83227e-08
3.65359e-08
-8.06729e-09
-4.52928e-08
-3.49775e-08
-1.35521e-08
3.06539e-08
1.32961e-09
5.94145e-08
-2.90027e-08
5.35191e-09
3.96476e-08
4.02389e-08
-1.23649e-08
-7.58578e-09
-7.83164e-09
2.72261e-08
-3.92218e-08
3.94901e-08
-3.53754e-08
3.79559e-08
-4.63379e-08
-4.48278e-08
4.11986e-08
-5.39214e-08
-5.21161e-08
-1.86179e-08
4.56428e-08
8.75576e-11
8.30313e-09
2.50606e-11
-3.79145e-08
3.75507e-08
5.68694e-09
2.32647e-10
1.24339e-09
3.81529e-11
4.38999e-08
2.75677e-08
4.35537e-09
3.89653e-08
-2.78802e-08
-1.61048e-08
6.84524e-09
-4.74926e-08
4.84952e-08
1.21725e-09
3.84258e-08
-3.97192e-09
-6.30532e-09
4.50519e-10
3.82361e-09
-5.2083e-11
2.17373e-09
1.43756e-08
1.3713e-07
-1.61904e-09
1.89831e-08
1.02215e-08
-1.02793e-08
6.09118e-12
2.26965e-10
-2.16986e-09
3.99088e-09
3.41386e-08
-3.81295e-08
1.52669e-08
4.67011e-08
3.70424e-08
3.64084e-09
-2.23628e-07
-8.3225e-08
-1.76883e-09
-2.85416e-08
-1.42348e-07
6.8647e-10
-5.61908e-09
3.25642e-09
-3.98623e-08
-3.22095e-09
3.09232e-08
1.08018e-09
-4.29396e-10
1.92287e-09
-1.82036e-09
-6.0465e-11
3.14108e-08
3.66013e-09
7.36576e-11
3.07682e-08
-3.38702e-08
1.63929e-08
-1.44439e-08
8.06573e-10
-3.92001e-08
-9.42508e-09
3.94257e-08
-1.78605e-08
1.4837e-08
1.34323e-08
2.1123e-10
-1.78545e-10
1.49694e-08
-1.26897e-08
-9.91766e-09
1.9845e-10
1.27768e-11
-1.57202e-08
2.8118e-09
7.34103e-09
-3.15415e-07
-4.0845e-08
2.0315e-10
3.29755e-09
-9.10656e-10
-2.39739e-08
2.28605e-08
-4.77055e-08
2.37316e-08
1.84403e-08
-6.03282e-09
-4.02413e-09
6.98183e-09
-7.33266e-09
3.95401e-10
1.93243e-08
-1.86592e-08
-5.48106e-08
-1.49392e-08
1.51545e-08
1.82368e-09
1.30605e-09
-1.30606e-09
4.77899e-08
-5.06398e-09
4.11213e-08
-9.7105e-09
1.32781e-08
-5.20526e-08
-3.52214e-08
5.10294e-08
-3.1897e-08
-2.39834e-08
-2.5818e-08
-1.73398e-09
1.36362e-09
-3.54702e-09
7.66728e-09
-5.48386e-09
-3.95795e-09
-1.98965e-10
-1.63239e-09
-4.4439e-11
2.01034e-09
-2.20265e-09
-2.27371e-10
-4.356e-10
-1.50323e-06
-9.00741e-09
-3.99718e-10
1.02762e-09
7.66491e-09
4.58171e-08
-3.86582e-09
2.02183e-08
-7.14525e-12
1.97021e-08
-4.99659e-08
1.82184e-08
3.17472e-08
1.84941e-08
3.95878e-08
-5.14164e-08
-2.78766e-10
-1.79518e-08
-5.71797e-08
1.90625e-08
4.88107e-08
-5.32573e-08
2.89982e-08
-1.96202e-10
1.15542e-09
-1.53323e-10
2.52951e-09
4.85338e-08
3.96163e-08
-3.70868e-08
3.24097e-09
1.65241e-09
4.72294e-08
7.0257e-08
-6.59839e-08
8.40968e-08
6.63389e-08
6.06298e-08
2.3467e-08
2.94915e-08
-1.61904e-09
8.54848e-09
-9.73627e-09
1.66672e-08
1.22943e-06
3.31878e-10
-2.09969e-09
1.41007e-10
-4.12396e-08
4.02913e-08
-9.04038e-09
5.93441e-10
-5.53742e-08
-1.53077e-06
-1.5202e-08
1.20807e-08
-3.24013e-08
2.74129e-09
-9.65107e-09
4.45574e-08
1.04911e-08
4.41935e-08
4.94675e-09
-1.56281e-08
4.35762e-08
-4.37128e-08
-3.9459e-08
-3.4081e-08
-5.37798e-09
2.55466e-11
1.61846e-11
-4.09017e-08
-2.51491e-08
2.59557e-08
-3.44723e-08
4.69224e-08
-1.24502e-08
-1.87717e-09
-4.12021e-08
4.79561e-08
4.7836e-08
-5.56093e-08
5.55177e-08
1.36441e-06
5.54576e-09
-3.74032e-08
5.08141e-08
-4.7051e-08
-4.07435e-08
4.93148e-08
-3.69751e-08
1.54303e-10
1.25685e-10
-4.66205e-08
3.25664e-10
1.71381e-09
-2.21809e-08
-1.47431e-08
4.23381e-08
2.57663e-09
4.01078e-08
2.15863e-09
-3.88847e-08
3.82506e-08
4.29396e-10
-4.89858e-10
-3.9494e-11
7.51035e-09
2.51697e-08
-3.72176e-08
1.43197e-09
-1.72085e-08
-2.37001e-08
3.84721e-08
-1.09355e-08
1.00781e-07
1.03102e-08
-7.10912e-09
8.04899e-09
-4.32817e-08
4.89476e-08
-4.23912e-08
-1.33794e-09
6.02889e-09
-6.07371e-09
-4.89717e-08
2.95295e-09
1.22943e-06
8.03099e-09
-1.39017e-08
2.24725e-08
-1.24944e-08
5.4029e-08
-5.65074e-08
-8.43865e-09
5.31806e-08
1.85794e-08
1.659e-08
-2.37755e-08
2.7175e-08
2.0528e-08
-2.33187e-08
6.68873e-09
-3.63158e-08
-3.58611e-08
-5.30696e-08
2.26256e-08
-2.25839e-08
2.97264e-08
4.80825e-08
5.25143e-08
-4.25346e-08
-3.27803e-08
4.04017e-08
-3.46222e-08
-5.77948e-09
-3.98179e-08
-2.61102e-08
-2.96443e-11
-5.7361e-09
-3.5394e-08
3.37934e-08
-4.30637e-08
1.20534e-08
1.23738e-08
-5.54914e-09
-5.99214e-09
-1.81854e-09
-1.96524e-09
4.6605e-08
2.07531e-08
-4.47456e-08
5.92771e-09
2.14991e-09
-2.14989e-09
-5.0871e-10
2.23391e-09
3.22645e-08
-3.62365e-08
-2.87557e-08
-7.78842e-09
-5.37091e-08
-3.31595e-10
3.33501e-10
-3.20113e-08
3.15241e-08
1.3744e-08
1.98724e-09
-2.63726e-11
-7.60799e-09
2.21941e-08
-3.63637e-08
-1.26727e-08
-2.11634e-09
-3.94633e-12
1.67983e-09
2.05369e-09
1.53812e-08
1.33691e-10
2.5844e-10
-2.01984e-09
1.5498e-11
-2.01984e-09
2.72516e-10
-1.25227e-10
-1.47293e-10
-4.57857e-08
4.65222e-08
3.79313e-08
-4.79971e-08
-4.10478e-08
-3.2849e-09
3.96427e-08
4.82279e-10
-1.54635e-08
4.3157e-08
4.82278e-10
-9.5144e-09
3.18238e-09
-4.2342e-09
3.56564e-07
-4.39127e-10
4.22003e-10
4.01985e-10
2.1339e-08
-1.6495e-09
1.46686e-09
1.82656e-10
4.72832e-10
-6.32329e-10
4.85169e-10
6.27139e-10
-2.61594e-10
4.50886e-11
-1.99844e-09
-2.07743e-09
1.77542e-09
-6.57515e-09
-3.08976e-07
2.81177e-08
2.7557e-08
2.76326e-10
4.71609e-08
5.9899e-09
5.39974e-10
-4.2813e-08
4.62865e-09
-4.38482e-08
4.33083e-08
-4.31103e-08
3.79069e-09
1.15542e-09
3.56284e-09
-4.10081e-09
2.03753e-09
-2.02496e-09
-1.82195e-09
1.02675e-08
-9.52633e-09
-2.17718e-09
8.65608e-09
-8.80379e-09
1.88042e-08
-9.74778e-09
1.00567e-08
1.80027e-10
-1.44969e-07
-7.19706e-09
5.21053e-08
1.17656e-07
-1.91903e-07
1.98578e-07
-3.21115e-08
4.94692e-08
-8.76667e-10
3.6903e-08
1.95714e-08
-4.03711e-08
-1.31908e-09
5.4859e-08
-6.3107e-08
6.65879e-08
7.46845e-09
-2.6085e-08
3.30189e-08
-6.93385e-09
-1.37099e-07
-3.07778e-08
1.15319e-08
3.52706e-09
4.34873e-09
-8.75052e-08
-1.84863e-08
5.48005e-11
-3.84032e-09
-1.96016e-08
-2.80831e-08
-8.24014e-08
-2.20842e-08
-5.67906e-08
-2.05923e-09
-1.38428e-06
4.57783e-08
-8.79868e-09
4.02002e-08
-3.79259e-09
3.05366e-09
-3.92079e-08
-4.9982e-08
-1.45313e-08
2.20902e-08
2.19933e-08
1.48271e-08
-5.28764e-08
4.52944e-08
1.24248e-09
-1.73035e-08
1.66339e-08
4.96434e-08
-3.68492e-08
-4.14224e-08
4.08353e-08
3.81581e-08
-3.78944e-10
4.59012e-08
-8.41807e-09
4.47396e-08
2.47676e-08
-2.28137e-08
2.3463e-08
6.88822e-10
3.51941e-08
-2.23651e-08
1.55692e-08
1.15785e-08
-1.67615e-08
-3.62467e-08
-3.40887e-08
3.15627e-08
-2.19154e-08
-3.06777e-09
-7.18761e-08
3.7349e-08
8.81376e-09
-3.75181e-08
2.32928e-08
6.2756e-08
-6.11994e-08
-1.26502e-07
1.17933e-08
-1.6584e-08
-1.28888e-08
1.79547e-09
7.87856e-09
-9.19343e-10
1.02416e-09
-1.35861e-08
-5.1105e-08
-4.05498e-08
1.80186e-09
-2.49888e-09
-3.26876e-08
1.31601e-11
1.70316e-09
2.54718e-08
5.25478e-09
-5.40818e-09
-5.07324e-08
-1.16133e-09
-2.06502e-09
1.34126e-08
2.3883e-07
2.68661e-08
7.27e-09
3.03953e-08
3.17693e-08
5.04557e-10
-1.0103e-08
4.34844e-08
-3.38818e-08
-5.75027e-08
8.24772e-09
5.91408e-09
7.66374e-08
7.90849e-08
-1.63309e-07
2.01557e-08
-1.02059e-08
-5.71092e-08
2.01992e-09
-2.09297e-09
4.89942e-09
5.90494e-08
-5.6772e-09
4.49915e-08
-4.00921e-08
-5.71234e-09
3.47855e-08
-3.94391e-08
3.14947e-08
-1.41463e-08
4.15129e-08
1.90782e-08
1.80571e-08
-6.3847e-09
-1.20725e-08
1.98997e-09
-1.98996e-09
-1.53077e-06
-3.543e-08
-2.50726e-09
2.77647e-09
-3.14429e-08
3.6241e-08
-4.79809e-09
3.66835e-09
4.47144e-08
-1.59289e-09
-4.30887e-08
-5.34643e-08
5.74995e-08
-4.03522e-09
-5.0391e-09
4.21479e-09
-4.16102e-09
-9.71846e-10
2.39767e-09
-1.36103e-12
1.82368e-09
7.70718e-09
-4.65334e-08
-1.34318e-09
1.20298e-08
-2.07444e-09
4.52694e-08
1.06796e-08
-1.31764e-08
-1.56605e-08
-3.37182e-08
3.4118e-08
-3.66486e-08
2.9063e-08
4.80707e-08
2.34974e-08
-4.37706e-08
6.05695e-09
-2.44839e-08
1.71217e-08
8.9905e-11
-8.99038e-11
-1.40141e-10
2.39767e-09
2.91269e-08
-6.88822e-10
2.12559e-09
9.76136e-10
-9.76136e-10
1.1257e-09
-1.06296e-10
7.31547e-09
8.76484e-09
3.55105e-08
9.47029e-09
-1.12405e-08
1.61305e-08
-6.32354e-08
5.69104e-09
4.40474e-08
5.92694e-09
-5.52457e-09
3.52251e-09
-3.92033e-08
4.22437e-09
8.15157e-09
-4.40207e-08
4.18607e-08
1.60567e-09
-1.51395e-09
-2.60018e-09
-4.43128e-08
-2.60018e-09
-5.31786e-08
2.31447e-09
5.29819e-08
3.42282e-08
3.04356e-08
-3.08825e-08
-4.57135e-09
-4.60798e-09
-2.56358e-09
-3.61215e-08
5.15931e-09
-3.53455e-08
4.05048e-08
-4.11089e-08
-4.22513e-08
-1.26668e-08
3.63531e-08
-1.84879e-07
1.31212e-08
-1.28616e-06
-4.85994e-08
7.20664e-08
8.78992e-09
-3.43263e-08
4.14804e-08
1.26577e-08
6.43179e-09
-3.78881e-07
-3.06407e-10
-4.17149e-09
-1.77534e-10
3.70346e-10
9.65148e-10
-4.0548e-10
3.40019e-08
2.08533e-09
1.90911e-09
9.10252e-11
-1.09921e-08
-2.56518e-08
2.49624e-08
-1.82195e-09
-3.78625e-11
9.97772e-09
-2.86479e-08
2.05045e-08
5.58502e-09
-3.76831e-08
1.6682e-08
1.02649e-09
-2.49061e-10
2.78246e-10
9.03226e-10
3.06254e-08
-4.91507e-08
-6.8043e-10
2.76145e-08
-2.56915e-10
-6.762e-09
7.85047e-09
3.6382e-08
2.63119e-08
1.39986e-08
2.29635e-08
3.24669e-08
2.75608e-08
-7.20112e-08
5.77036e-09
1.94344e-07
-1.78921e-08
-6.28808e-10
2.9048e-10
4.07729e-08
-4.81271e-10
-1.93058e-08
4.13727e-10
2.34403e-08
4.33409e-10
4.62277e-08
4.62822e-08
1.94673e-08
4.37315e-10
-3.16058e-08
5.47792e-08
-6.5545e-09
4.23321e-07
6.75796e-10
-3.58158e-11
4.262e-08
-6.09635e-09
-2.7042e-08
3.31383e-08
1.28597e-08
-3.7301e-08
1.38151e-09
-3.18705e-08
-4.0477e-08
-4.44934e-09
-4.1091e-08
4.13617e-08
-4.30592e-09
4.40282e-08
-2.66647e-09
4.17475e-08
2.28068e-09
1.41655e-06
-1.41655e-06
-1.47002e-08
-4.22586e-09
4.96052e-09
-1.36937e-06
-2.97086e-09
3.35406e-09
4.31789e-08
-9.55e-09
-1.37398e-08
1.41832e-06
-7.21751e-09
4.4961e-07
-2.37468e-07
1.08293e-08
2.26639e-07
9.97047e-10
-2.44686e-07
2.01699e-08
-2.6174e-08
-9.69648e-08
1.22084e-06
-1.21001e-06
1.73051e-09
6.56249e-08
-1.51982e-09
1.98447e-09
3.00704e-09
-3.57323e-08
1.36937e-06
3.23049e-08
2.54338e-08
1.39511e-09
9.03688e-09
-1.27352e-08
1.15748e-08
-3.11448e-09
3.79732e-08
3.2581e-08
1.51041e-09
-3.75471e-11
4.77128e-08
-6.19066e-09
5.01107e-08
4.40578e-08
-2.92311e-09
4.31989e-08
-1.74183e-08
-2.90554e-08
9.84855e-09
-9.43092e-09
-1.02729e-08
1.58768e-08
4.21957e-08
7.27684e-08
-3.02732e-09
3.36124e-08
-4.45568e-08
5.04437e-08
-2.22478e-09
2.86756e-08
4.08624e-08
1.13303e-09
4.26192e-08
2.56572e-08
6.54742e-10
4.64634e-09
2.61679e-08
-4.96876e-09
-3.56063e-08
1.84124e-09
-1.0433e-08
1.40007e-08
-3.10407e-08
3.10375e-08
1.21332e-08
4.38369e-08
-3.17039e-08
-6.80448e-10
3.00295e-09
-1.82632e-09
1.17196e-08
-3.37683e-08
3.98533e-10
-9.01797e-10
-7.89829e-10
-4.61418e-08
3.77088e-09
1.76935e-08
2.1561e-10
3.34522e-09
2.97406e-08
2.64087e-08
-4.01271e-08
3.63274e-09
-3.18342e-09
1.73405e-09
-2.1394e-08
-5.10461e-08
4.82801e-08
-4.7247e-09
-1.82087e-08
4.40418e-08
2.88064e-09
2.15052e-08
3.65561e-09
-4.78353e-09
-2.07405e-08
-1.69998e-08
4.74027e-08
-5.46991e-09
2.26518e-08
-3.61304e-08
-4.15653e-08
-3.27339e-08
3.0385e-08
-2.84174e-08
2.97224e-08
1.41996e-08
3.10083e-08
5.89478e-09
-4.98797e-08
2.47103e-09
4.37895e-08
-2.81772e-08
-4.22411e-09
4.60089e-11
-4.42254e-08
4.27765e-08
4.40656e-08
-7.92065e-10
-4.36705e-08
-3.09926e-08
7.29256e-09
-3.1705e-08
-3.08889e-09
2.98906e-08
-1.75291e-08
-4.13379e-08
1.44279e-08
1.54172e-08
-6.0976e-09
8.71973e-09
2.51456e-10
5.70823e-10
3.20354e-08
-1.80882e-09
-3.68834e-08
-1.44454e-08
1.38777e-08
6.24215e-09
-1.49619e-08
-1.21741e-08
4.36306e-08
-5.69754e-09
3.042e-08
2.92279e-08
-3.24612e-08
1.95813e-09
-2.96292e-09
-1.54985e-08
-3.05031e-08
-1.53189e-09
1.43217e-09
-2.83357e-08
3.36101e-08
-5.21976e-08
-5.3685e-10
-3.24993e-08
1.76056e-08
-2.71443e-08
-1.04618e-08
2.11848e-08
-3.28435e-08
-3.9553e-08
-4.59923e-10
4.02041e-08
4.08556e-09
-1.88964e-07
-3.36284e-07
6.22918e-08
3.21081e-08
-6.04995e-09
-1.0766e-08
3.41753e-09
-1.81616e-07
6.3942e-09
-4.62762e-08
-3.4705e-07
1.27304e-06
3.61031e-08
-7.81658e-09
1.22656e-08
-3.45987e-09
9.29479e-09
-3.56129e-08
-1.35439e-08
-1.6171e-10
4.86008e-08
-4.51342e-08
-4.53086e-08
-1.84995e-11
-5.56453e-09
-3.11135e-08
-3.50136e-08
1.59613e-08
3.66024e-08
1.35084e-08
8.33541e-09
1.84545e-08
-4.02305e-08
-1.82826e-07
1.17115e-08
2.16737e-08
-1.54726e-08
-7.07602e-08
-3.28515e-08
4.06959e-08
-4.36164e-08
1.52178e-09
-2.47716e-08
5.50799e-08
4.33492e-08
3.37197e-08
4.06526e-08
3.48259e-09
-4.16121e-08
-6.2465e-09
3.57691e-09
4.17074e-08
5.31234e-08
2.1391e-09
-1.13412e-07
1.82527e-07
2.74328e-08
-4.24078e-08
-3.2236e-08
-1.39647e-09
-3.09411e-08
-2.80741e-09
-5.58855e-08
3.44303e-09
-4.57471e-08
2.38918e-08
-3.69594e-09
-4.76531e-09
9.17283e-09
-7.30944e-09
7.70668e-09
4.46846e-08
1.7386e-15
3.07545e-08
3.86344e-07
1.35944e-08
1.01345e-08
4.49468e-08
-4.54659e-08
2.73026e-10
-2.12418e-09
-3.78577e-08
-1.98643e-08
1.60515e-08
-3.74025e-08
8.65789e-10
3.74452e-11
1.25787e-12
4.49523e-09
-2.93146e-08
-2.41237e-08
-1.8108e-09
6.82789e-11
-9.33515e-09
1.18684e-08
-8.40458e-10
-3.15123e-08
2.30895e-09
-3.94083e-08
4.44929e-08
8.03442e-09
-3.50011e-08
2.58176e-09
4.52859e-08
1.79577e-11
3.54306e-08
6.67827e-10
1.19465e-09
1.15671e-08
-2.25019e-08
1.59758e-08
3.96671e-10
1.68348e-09
4.42949e-09
5.24753e-08
1.68153e-09
5.06116e-10
-1.1319e-09
3.37696e-09
3.29759e-09
2.69652e-09
-2.34258e-09
4.26244e-09
2.02152e-08
4.13173e-09
1.87719e-08
3.80705e-08
5.13451e-08
-1.94423e-08
2.88385e-08
-4.93481e-08
-1.52505e-08
-5.82049e-10
-1.48836e-08
4.39583e-08
-1.27304e-06
-9.4317e-09
6.38899e-09
-4.34427e-08
4.72899e-10
2.39698e-11
4.96871e-10
-2.59555e-09
2.93197e-08
-9.03552e-09
2.13172e-09
5.13464e-08
-5.04336e-08
2.98114e-08
3.30262e-08
3.05274e-08
1.90795e-08
1.01432e-08
-7.51207e-10
4.01587e-08
3.73309e-08
1.25752e-08
-4.87936e-08
-2.98106e-08
-2.92656e-08
3.91006e-08
1.48802e-08
4.64107e-09
3.02077e-08
-5.13857e-08
1.4955e-08
5.78442e-09
-3.91915e-08
-5.97491e-09
3.02661e-08
4.13457e-09
2.95129e-08
3.49289e-08
-2.20671e-07
-4.55133e-08
-4.11356e-08
-2.17513e-08
-1.50626e-08
-1.36884e-08
1.01228e-08
-4.46927e-08
-4.18366e-08
9.86023e-09
-6.86428e-08
2.28507e-09
-3.59763e-09
2.30422e-08
-5.78513e-09
-6.15659e-09
-3.76122e-08
-1.62288e-08
4.59748e-08
)
;

boundaryField
{
    Inlet
    {
        type            calculated;
        value           nonuniform List<scalar> 0();
    }
    Outlet
    {
        type            calculated;
        value           nonuniform List<scalar> 0();
    }
    Symmetric
    {
        type            symmetry;
        value           nonuniform List<scalar> 
2321
(
0
0
0
0
0
0
0
0
0
0
0
0
0
0
0
0
0
0
0
0
0
0
0
0
0
0
0
0
0
0
0
0
0
0
0
0
0
0
0
0
0
0
0
0
0
0
0
0
0
0
0
0
0
0
0
0
0
0
0
0
0
0
0
0
0
0
0
0
0
0
0
0
0
0
0
0
0
0
0
0
0
0
0
0
0
0
0
0
0
0
0
0
0
0
0
0
0
0
0
0
0
0
0
0
0
0
0
0
0
0
0
0
0
0
0
0
0
0
0
0
0
0
0
0
0
0
0
0
0
0
0
0
0
0
0
0
0
0
0
0
0
0
0
0
0
0
0
0
0
0
0
0
0
0
0
0
0
0
0
0
0
0
0
0
0
0
0
0
0
0
0
0
0
0
0
0
0
0
0
0
0
0
0
0
0
0
0
0
0
0
0
0
0
0
0
0
0
0
0
0
0
0
0
0
0
0
0
0
0
0
0
0
0
0
0
0
0
0
0
0
0
0
0
0
0
0
0
0
0
0
0
0
0
0
0
0
0
0
0
0
0
0
0
0
0
0
0
0
0
0
0
0
0
0
0
0
0
0
0
0
0
0
0
0
0
0
0
0
0
0
0
0
0
0
0
0
0
0
0
0
0
0
0
0
0
0
0
0
0
0
0
0
0
0
0
0
0
0
0
0
0
0
0
0
0
0
0
0
0
0
0
0
0
0
0
0
0
0
0
0
0
0
0
0
0
0
0
0
0
0
0
0
0
0
0
0
0
0
0
0
0
0
0
0
0
0
0
0
0
0
0
0
0
0
0
0
0
0
0
0
0
0
0
0
0
0
0
0
0
0
0
0
0
0
0
0
0
0
0
0
0
0
0
0
0
0
0
0
0
0
0
0
0
0
0
0
0
0
0
0
0
0
0
0
0
0
0
0
0
0
0
0
0
0
0
0
0
0
0
0
0
0
0
0
0
0
0
0
0
0
0
0
0
0
0
0
0
0
0
0
0
0
0
0
0
0
0
0
0
0
0
0
0
0
0
0
0
0
0
0
0
0
0
0
0
0
0
0
0
0
0
0
0
0
0
0
0
0
0
0
0
0
0
0
0
0
0
0
0
0
0
0
0
0
0
0
0
0
0
0
0
0
0
0
0
0
0
0
0
0
0
0
0
0
0
0
0
0
0
0
0
0
0
0
0
0
0
0
0
0
0
0
0
0
0
0
0
0
0
0
0
0
0
0
0
0
0
0
0
0
0
0
0
0
0
0
0
0
0
0
0
0
0
0
0
0
0
0
0
0
0
0
0
0
0
0
0
0
0
0
0
0
0
0
0
0
0
0
0
0
0
0
0
0
0
0
0
0
0
0
0
0
0
0
0
0
0
0
0
0
0
0
0
0
0
0
0
0
0
0
0
0
0
0
0
0
0
0
0
0
0
0
0
0
0
0
0
0
0
0
0
0
0
0
0
0
0
0
0
0
0
0
0
0
0
0
0
0
0
0
0
0
0
0
0
0
0
0
0
0
0
0
0
0
0
0
0
0
0
0
0
0
0
0
0
0
0
0
0
0
0
0
0
0
0
0
0
0
0
0
0
0
0
0
0
0
0
0
0
0
0
0
0
0
0
0
0
0
0
0
0
0
0
0
0
0
0
0
0
0
0
0
0
0
0
0
0
0
0
0
0
0
0
0
0
0
0
0
0
0
0
0
0
0
0
0
0
0
0
0
0
0
0
0
0
0
0
0
0
0
0
0
0
0
0
0
0
0
0
0
0
0
0
0
0
0
0
0
0
0
0
0
0
0
0
0
0
0
0
0
0
0
0
0
0
0
0
0
0
0
0
0
0
0
0
0
0
0
0
0
0
0
0
0
0
0
0
0
0
0
0
0
0
0
0
0
0
0
0
0
0
0
0
0
0
0
0
0
0
0
0
0
0
0
0
0
0
0
0
0
0
0
0
0
0
0
0
0
0
0
0
0
0
0
0
0
0
0
0
0
0
0
0
0
0
0
0
0
0
0
0
0
0
0
0
0
0
0
0
0
0
0
0
0
0
0
0
0
0
0
0
0
0
0
0
0
0
0
0
0
0
0
0
0
0
0
0
0
0
0
0
0
0
0
0
0
0
0
0
0
0
0
0
0
0
0
0
0
0
0
0
0
0
0
0
0
0
0
0
0
0
0
0
0
0
0
0
0
0
0
0
0
0
0
0
0
0
0
0
0
0
0
0
0
0
0
0
0
0
0
0
0
0
0
0
0
0
0
0
0
0
0
0
0
0
0
0
0
0
0
0
0
0
0
0
0
0
0
0
0
0
0
0
0
0
0
0
0
0
0
0
0
0
0
0
0
0
0
0
0
0
0
0
0
0
0
0
0
0
0
0
0
0
0
0
0
0
0
0
0
0
0
0
0
0
0
0
0
0
0
0
0
0
0
0
0
0
0
0
0
0
0
0
0
0
0
0
0
0
0
0
0
0
0
0
0
0
0
0
0
0
0
0
0
0
0
0
0
0
0
0
0
0
0
0
0
0
0
0
0
0
0
0
0
0
0
0
0
0
0
0
0
0
0
0
0
0
0
0
0
0
0
0
0
0
0
0
0
0
0
0
0
0
0
0
0
0
0
0
0
0
0
0
0
0
0
0
0
0
0
0
0
0
0
0
0
0
0
0
0
0
0
0
0
0
0
0
0
0
0
0
0
0
0
0
0
0
0
0
0
0
0
0
0
0
0
0
0
0
0
0
0
0
0
0
0
0
0
0
0
0
0
0
0
0
0
0
0
0
0
0
0
0
0
0
0
0
0
0
0
0
0
0
0
0
0
0
0
0
0
0
0
0
0
0
0
0
0
0
0
0
0
0
0
0
0
0
0
0
0
0
0
0
0
0
0
0
0
0
0
0
0
0
0
6.24486e-26
2.3481e-26
2.57823e-27
3.44034e-27
-7.48339e-28
-1.02106e-27
-1.15394e-27
-9.42633e-27
-1.49246e-26
-6.35674e-27
1.2257e-26
-9.8725e-27
3.08119e-27
4.33811e-26
-1.47864e-26
-2.04197e-27
-1.68772e-26
1.92383e-26
5.98244e-28
-4.06459e-26
1.27723e-26
5.63445e-27
4.56658e-27
-2.62517e-27
-5.57912e-28
-1.46915e-26
-1.63911e-26
1.42735e-26
4.89914e-27
-1.69604e-28
4.0315e-27
-1.97655e-27
-8.48011e-24
-7.72578e-24
1.41515e-24
-5.36739e-24
1.09526e-23
8.71752e-24
-7.52463e-25
-8.17448e-25
-7.61599e-24
6.36519e-24
1.17161e-23
8.98075e-24
-1.83842e-24
1.31411e-25
2.34814e-26
-5.4201e-27
-3.74488e-28
1.22458e-27
3.2273e-28
3.4903e-27
-1.50742e-27
1.91462e-29
-3.46596e-28
1.90011e-26
-1.52941e-26
-2.65563e-26
8.8015e-27
5.4371e-28
2.2265e-27
2.85875e-26
-5.23424e-27
1.87178e-26
-8.28732e-27
-1.97026e-28
-1.93108e-27
3.18376e-27
-2.90103e-27
3.46112e-26
5.57865e-27
3.32583e-26
2.37606e-26
2.42929e-27
-2.62606e-27
-1.0061e-27
3.01549e-27
-1.03319e-26
-3.32342e-24
6.9161e-24
1.121e-23
-1.03582e-23
6.88227e-24
-6.24825e-24
2.62162e-24
-7.1346e-24
-1.02746e-23
4.22415e-24
-2.17294e-23
3.84725e-24
2.42711e-24
3.57261e-26
-1.11341e-26
3.28379e-26
9.80453e-27
-2.82713e-27
-1.25849e-26
-1.71869e-26
-2.42023e-26
1.63283e-27
-1.95408e-26
-3.31633e-26
1.09451e-26
2.9076e-26
5.81161e-26
1.13158e-26
1.15703e-26
1.38005e-26
1.97626e-26
2.36748e-26
-4.2727e-26
1.24102e-26
-7.20559e-27
-3.14478e-26
1.36e-26
9.96277e-27
-3.20387e-27
-1.90401e-26
1.87092e-26
-1.85221e-26
-1.48625e-23
2.84511e-24
7.40142e-24
3.80483e-24
-1.54259e-24
-9.63764e-24
-1.49374e-24
-1.31166e-24
-3.81409e-24
2.30906e-24
-3.96541e-24
5.68058e-24
7.46699e-24
9.05518e-26
2.48688e-26
2.2696e-27
1.28573e-27
-2.54351e-26
1.27791e-26
-2.99249e-26
3.60641e-26
-3.15574e-26
3.41707e-26
1.88948e-26
2.56918e-26
3.04005e-26
-9.35544e-27
2.72091e-26
-5.62962e-27
-1.48324e-26
-1.03878e-27
1.83486e-26
3.2859e-26
-1.61084e-26
1.89166e-27
1.96887e-26
1.06805e-26
-3.01196e-26
9.94756e-27
2.72469e-24
-9.69036e-24
7.02755e-24
5.26065e-24
-3.30986e-24
-1.97985e-24
8.88947e-24
1.41114e-24
6.98151e-24
3.13411e-24
1.9323e-24
-3.20623e-24
1.21434e-23
1.29022e-26
-2.31225e-26
1.98282e-27
2.18083e-26
-3.51923e-26
-7.48542e-26
-1.13341e-25
-2.11882e-26
-3.40962e-26
-3.38195e-27
-9.58201e-28
1.04688e-25
-7.95408e-26
2.48029e-26
-4.9847e-27
-5.15129e-26
3.3904e-26
-1.51253e-26
1.26285e-25
1.52814e-28
-7.79318e-26
1.602e-25
2.22559e-25
-4.79129e-26
-9.84024e-26
4.17762e-26
2.23529e-25
-7.66934e-26
1.91033e-25
1.02438e-25
7.95207e-27
3.06894e-26
-1.86109e-25
2.91986e-26
8.0674e-26
-5.35582e-29
5.12995e-26
-9.7294e-27
-2.34926e-28
-1.94746e-25
2.90824e-25
-1.13152e-25
-2.22041e-24
1.02701e-24
-2.43936e-24
4.13155e-24
2.96969e-24
-3.1529e-24
-4.12192e-24
2.56994e-24
2.0112e-24
2.63575e-24
-4.76707e-26
9.04452e-24
1.75065e-23
7.71573e-26
4.19738e-26
3.6413e-26
-1.13429e-25
7.68375e-26
5.55809e-26
-2.43791e-25
3.94176e-27
1.37177e-26
-1.12259e-26
-3.37531e-25
-1.35864e-26
1.89902e-26
-9.92601e-27
-2.07336e-25
3.27418e-26
7.4668e-26
3.15737e-26
2.66319e-25
5.45608e-25
-3.71387e-26
-1.6466e-25
2.90045e-26
3.48971e-26
-1.26608e-25
3.8699e-26
-1.84499e-25
4.39848e-26
-1.29347e-25
1.04267e-25
1.28201e-25
3.44052e-26
-3.2033e-26
-8.29062e-26
1.51634e-25
-1.55974e-25
2.24988e-26
-4.1051e-26
-3.07266e-26
1.33997e-26
-5.942e-26
-2.18369e-25
1.52895e-25
-5.76493e-25
-8.19715e-26
9.15406e-27
8.58534e-26
7.95353e-27
1.85842e-26
8.85434e-26
-1.05508e-26
-2.41041e-25
2.86911e-26
-3.68127e-26
-1.47129e-25
-2.34895e-25
2.40933e-26
8.16203e-26
-1.48812e-25
2.95294e-26
-1.48296e-25
-4.97416e-26
-9.39322e-26
5.02734e-28
4.451e-25
1.69556e-26
7.02906e-26
-4.78736e-26
3.76465e-26
2.49945e-24
-1.01207e-24
5.86262e-24
-2.89368e-24
7.1168e-25
2.5065e-24
-4.34378e-24
7.08249e-24
-2.54233e-24
-1.33742e-24
4.37387e-25
-4.44289e-24
-1.34895e-25
-1.6205e-24
-6.05568e-25
-2.08871e-25
1.38311e-24
-2.14481e-24
7.44758e-24
-6.47564e-25
-3.3867e-25
1.49125e-24
-5.16952e-25
-1.50581e-23
-4.66635e-25
-2.53786e-24
1.00787e-28
8.22754e-25
2.57074e-24
-1.13192e-24
-4.55297e-24
-1.85735e-23
-1.46575e-25
-1.95216e-24
-3.09072e-25
8.72153e-26
-1.75273e-25
-1.13068e-25
1.14899e-25
3.02161e-26
-2.64621e-24
-2.11906e-25
-5.61465e-24
2.10795e-24
3.98926e-26
6.74178e-26
2.8754e-25
1.9264e-25
5.20389e-24
6.21241e-25
-6.58878e-27
-7.51e-26
-4.00362e-25
5.44726e-27
-1.47691e-25
-1.99505e-25
-5.26697e-25
-4.51289e-25
1.40528e-25
2.92528e-25
-4.00698e-25
-3.68679e-25
1.38456e-25
1.56641e-25
1.42817e-27
-4.79627e-26
1.60064e-25
-8.08587e-25
-9.2544e-27
-3.84685e-26
1.83721e-25
5.81362e-25
3.82054e-24
-7.04834e-26
-4.60491e-26
-2.00582e-25
8.93121e-26
-9.27494e-26
-1.58921e-25
-1.21346e-25
-6.91902e-27
2.38083e-26
2.79552e-25
-5.61698e-24
6.93261e-25
-2.14691e-25
1.45332e-24
1.63799e-24
2.61192e-27
8.25268e-26
1.34076e-24
2.33089e-24
5.81635e-24
-2.72285e-23
1.69004e-23
1.74186e-25
2.53201e-25
4.39215e-24
-6.74981e-24
6.91686e-25
8.73738e-25
-3.12396e-24
-2.10612e-25
-8.51204e-26
-2.45144e-27
2.93139e-25
3.62477e-24
5.12331e-26
1.90476e-24
3.43485e-24
3.06719e-24
-2.00645e-24
2.56593e-24
-1.67642e-25
1.65086e-25
-5.39366e-26
7.0694e-26
-6.54174e-26
4.19921e-26
-3.12475e-25
4.68893e-24
8.51348e-25
4.77103e-25
-4.27628e-25
1.35224e-24
-1.65658e-24
-1.81732e-25
4.93087e-25
-1.56327e-24
-1.01935e-24
1.06832e-25
1.04686e-25
-8.31863e-26
-2.71426e-24
-3.79409e-24
2.47513e-25
-3.1988e-25
5.8671e-26
-1.23112e-24
-1.21779e-24
-7.88988e-25
-1.08341e-25
-3.71021e-25
-3.60678e-26
6.93465e-26
-4.01556e-26
-2.53898e-25
-1.32901e-25
9.42208e-26
-1.64077e-25
-1.08476e-25
3.18237e-26
1.44179e-26
-4.97801e-25
3.15269e-25
-5.00754e-27
6.87506e-26
1.64248e-25
-2.69312e-26
6.32261e-27
-5.02511e-26
1.78942e-27
1.59886e-25
-4.37506e-25
5.29416e-26
-2.60054e-25
7.608e-25
-7.5327e-26
-2.55467e-26
2.19691e-25
1.16426e-24
8.04813e-25
-2.99075e-25
-1.96459e-26
4.90556e-25
-2.05321e-25
-6.6515e-26
3.32482e-25
-9.52701e-26
-5.93701e-25
-6.53951e-27
3.87857e-24
8.78179e-25
1.24002e-24
4.76817e-25
-5.27729e-25
1.83908e-25
-1.14941e-24
-6.39535e-25
-5.06819e-25
5.6931e-26
1.96963e-24
-7.28344e-26
-6.69535e-27
-7.55799e-26
1.18333e-24
-6.73063e-26
-8.82175e-25
1.09085e-24
3.47286e-25
2.57521e-24
2.79447e-25
1.67661e-25
1.16505e-25
-3.45138e-25
3.67345e-26
-1.27237e-28
6.25297e-26
-5.69164e-25
-5.68604e-25
4.47082e-26
4.0022e-25
-5.75416e-27
-2.2261e-25
4.98231e-27
1.6389e-26
1.6622e-25
6.13745e-24
-1.49993e-26
5.56438e-26
-2.55864e-25
1.61957e-25
5.66497e-26
-2.82518e-25
9.40087e-24
1.07563e-25
-9.16794e-25
8.17802e-26
9.16519e-28
2.84199e-26
7.17564e-26
-7.47721e-26
-5.59292e-27
-3.30658e-26
-7.29469e-26
3.44622e-26
-2.78403e-25
-9.60017e-25
-5.84175e-26
2.68948e-26
-3.80725e-25
6.2577e-24
5.51425e-24
6.09191e-24
3.10088e-25
-9.22636e-24
-1.53814e-24
-2.85596e-24
-4.10036e-24
4.55887e-25
2.08196e-24
-1.54446e-24
5.75171e-25
-3.66993e-25
1.64416e-24
2.6833e-24
-9.08144e-25
-4.66113e-25
-2.45863e-24
-2.29316e-24
-2.30224e-25
-7.72267e-25
-5.7353e-25
2.91554e-25
-2.21392e-25
4.27263e-25
-3.49598e-24
-1.51572e-24
6.52716e-24
-1.87043e-23
1.59649e-24
2.17705e-24
7.75907e-26
2.19647e-25
9.96355e-25
-9.29515e-25
2.9624e-26
2.85183e-25
2.42439e-25
-1.49503e-24
5.08064e-27
-2.25751e-26
-1.344e-26
9.71298e-27
-1.94336e-28
4.18993e-24
3.6983e-24
4.45385e-25
4.94738e-25
-3.6759e-24
1.90028e-24
-1.00653e-25
-2.25183e-25
3.27546e-25
-3.46684e-25
-2.90514e-25
1.12218e-24
-1.29388e-24
4.96859e-25
4.01976e-24
4.7422e-25
1.1686e-24
-2.3609e-25
-3.1313e-25
7.50118e-25
-1.74096e-25
-4.71308e-25
1.56035e-25
3.55683e-25
-3.34393e-25
9.81191e-25
-8.15729e-26
1.62592e-24
1.03636e-24
-1.40623e-26
3.59603e-26
-1.34188e-24
-2.08499e-24
-2.12571e-25
2.74274e-25
3.87996e-24
-4.65057e-24
1.80465e-25
-2.21273e-25
-1.95717e-27
2.70944e-25
-5.58204e-25
2.87379e-24
-7.25025e-25
-2.47584e-24
1.19563e-25
-1.75937e-25
4.62415e-25
-2.73479e-25
-8.18038e-25
1.34385e-23
-1.28425e-24
5.73553e-25
-3.46133e-25
1.04039e-24
8.46671e-25
-5.6739e-26
5.26402e-25
4.95736e-25
1.41543e-24
-1.24516e-25
1.57654e-24
-5.14998e-25
8.75517e-25
5.28084e-25
-9.81871e-26
-9.53912e-25
2.76477e-24
-9.4163e-25
7.35254e-24
-4.93295e-26
-1.56679e-25
1.1953e-23
-5.50582e-24
-6.4198e-24
8.27017e-24
-1.1946e-25
5.79277e-25
7.44925e-25
-1.91539e-24
9.28544e-25
-1.13814e-25
2.80724e-26
5.5125e-25
-8.30636e-26
-2.94164e-25
1.68825e-25
3.02771e-24
-1.14226e-24
-1.99208e-26
2.6212e-24
-4.336e-24
2.55721e-24
1.87121e-24
-8.09818e-26
-2.64406e-25
-1.52682e-24
-1.76843e-24
-3.06139e-24
6.77523e-25
3.89905e-24
8.90948e-24
-1.35373e-24
-1.79037e-24
1.12383e-25
7.71077e-25
3.02588e-26
1.71939e-24
-3.66414e-24
1.38374e-24
-8.6111e-26
-1.04376e-24
3.1105e-26
-7.86794e-24
3.02485e-26
1.43837e-25
8.50582e-27
3.50795e-25
1.04975e-23
1.75385e-25
6.52596e-25
-6.80647e-25
5.78879e-25
-2.16987e-25
-5.89633e-25
-4.09263e-25
3.98832e-25
-3.3474e-25
-1.95267e-25
1.12313e-25
-4.00171e-25
2.50925e-24
-7.82646e-25
1.71535e-26
-2.38664e-26
2.78511e-24
-2.2937e-24
1.01748e-24
4.02616e-25
7.71217e-27
2.21387e-25
1.11287e-25
-2.3338e-25
4.48278e-24
6.99693e-26
8.91576e-26
7.99018e-24
-8.96422e-24
-4.6069e-25
-1.00889e-24
2.74911e-24
8.98069e-26
-8.5756e-26
-1.00061e-26
-4.31705e-26
8.08984e-26
3.5717e-24
-1.10145e-24
1.82248e-24
1.0746e-24
-5.85458e-25
4.34634e-24
6.47557e-24
-2.3649e-24
-6.78227e-25
-3.15378e-24
-1.12494e-24
4.39551e-25
2.68624e-24
-1.67177e-25
9.70153e-25
1.36778e-25
5.49108e-26
-3.01996e-26
2.18612e-26
7.09312e-25
-3.23086e-25
7.18838e-25
-8.21006e-25
-2.83678e-25
-1.45425e-25
-1.38203e-24
1.33691e-25
-1.36762e-24
-5.40114e-24
-1.31017e-24
2.85138e-24
-5.98709e-24
1.68587e-25
-7.16864e-26
-3.62887e-25
3.34616e-25
1.50047e-23
-2.08455e-25
1.13251e-25
2.72273e-24
-1.97675e-24
5.08261e-25
-9.71807e-25
9.46796e-25
-1.07064e-25
-4.52308e-24
2.93845e-24
4.74914e-25
5.01904e-25
1.16462e-24
-4.71877e-25
1.44502e-24
-5.96907e-25
-4.48629e-24
-2.26409e-25
-5.76891e-25
-2.00094e-24
-2.55879e-24
6.72662e-24
5.41352e-24
3.62012e-26
1.11579e-24
-3.85768e-25
-4.06861e-27
2.25094e-25
1.74954e-25
-1.52898e-24
1.28197e-24
1.93397e-24
-7.38685e-24
1.01284e-24
-1.56498e-26
1.28468e-24
-2.27805e-25
-2.08482e-24
-6.88632e-26
-7.05636e-26
-1.8285e-25
-1.28554e-24
-4.16508e-25
-5.85411e-25
4.94739e-25
-3.46139e-25
1.22243e-24
2.11481e-25
3.43019e-25
7.22835e-24
-5.98956e-25
6.31549e-27
6.2956e-25
3.00671e-25
1.4311e-24
2.10667e-24
-1.15201e-24
-9.72928e-26
4.11319e-25
3.0442e-25
1.9543e-26
-6.95056e-25
2.13816e-24
-5.8191e-25
-3.19354e-25
5.12306e-25
1.73987e-24
8.20508e-25
1.29565e-24
2.54231e-25
-4.00715e-25
1.87243e-24
9.42474e-25
2.42209e-24
-2.64603e-25
1.48665e-24
3.72265e-25
-1.73729e-25
8.99773e-25
-1.15592e-24
-5.18854e-25
-8.95935e-28
-1.93068e-25
8.24858e-25
5.36493e-26
-4.7663e-24
9.51208e-25
2.19922e-25
-5.17559e-25
-4.61195e-25
-9.71978e-25
1.67103e-25
-3.86306e-25
-7.64747e-25
2.25632e-24
-5.35186e-25
6.29092e-25
-4.31335e-25
1.13521e-27
8.62278e-26
5.7634e-25
-1.33004e-24
-1.53581e-24
-7.09389e-26
-3.17214e-24
7.86214e-25
-3.17998e-25
2.5431e-24
-2.98286e-25
2.71862e-24
-2.50448e-24
-6.49637e-24
-7.13129e-24
-1.88544e-24
-6.77712e-25
1.70997e-24
4.29784e-25
1.86731e-25
3.57449e-25
-1.9516e-25
-5.83095e-24
1.3096e-24
2.31375e-25
6.05644e-25
-2.1658e-24
8.27202e-24
4.60909e-24
4.01165e-25
-1.12339e-25
7.45501e-25
2.04278e-25
8.34425e-26
7.56386e-25
-6.35063e-26
-1.28105e-25
-8.22087e-25
1.34584e-25
1.20487e-24
-2.34512e-25
-2.72061e-24
1.00531e-24
-1.3502e-25
3.54072e-24
-1.91471e-25
-2.15427e-24
-1.03701e-24
1.36303e-24
-2.53901e-24
-3.60626e-24
7.33781e-24
-3.388e-25
1.3851e-25
8.51521e-26
-7.94172e-25
2.78665e-24
8.16319e-25
3.64754e-26
5.4025e-24
1.96671e-24
3.88118e-24
9.69106e-25
8.64596e-25
-8.42341e-26
1.32298e-25
-2.68012e-24
2.7596e-26
-7.43738e-25
1.59506e-24
-1.98023e-24
1.6101e-25
1.01331e-24
6.91952e-25
-1.59417e-24
1.7977e-24
-6.95392e-25
1.3067e-25
-6.12765e-26
-1.42093e-25
-2.67073e-25
9.79139e-26
-1.64152e-24
8.33667e-25
-1.33384e-24
1.18191e-25
5.04021e-25
-2.20706e-24
2.57461e-26
3.86856e-25
-1.88229e-24
1.40637e-24
-2.0189e-24
-4.94551e-24
-1.90301e-24
-2.09598e-28
2.11298e-24
9.75114e-25
1.39749e-24
2.83478e-26
-5.87664e-25
2.40109e-25
1.39539e-24
-1.05521e-25
-5.23717e-25
3.02401e-25
-1.67996e-24
-7.1334e-25
-1.14037e-24
1.54475e-24
-2.56329e-25
-1.03944e-25
4.98083e-25
8.27214e-25
-2.32739e-25
2.53144e-25
-1.54494e-24
-2.94581e-24
2.68632e-25
1.09707e-24
-1.99768e-24
-1.68115e-26
6.21693e-25
1.02263e-24
5.628e-26
-2.99825e-24
3.07814e-27
-7.0033e-26
-9.85971e-25
8.77122e-25
6.44216e-25
-2.37342e-24
-1.92434e-25
-1.54881e-24
6.16747e-26
-3.77275e-24
-4.72606e-25
3.16587e-24
1.78752e-24
-9.22189e-25
-1.26619e-24
-1.36748e-25
-1.57881e-24
9.59506e-25
4.58791e-25
-2.5764e-24
9.42829e-25
-1.27117e-24
-1.36744e-24
1.77239e-24
1.48886e-24
-1.87357e-24
-9.85894e-26
-6.98255e-25
2.1421e-26
-1.7994e-24
-1.44351e-25
1.05329e-24
-1.73755e-24
-4.93005e-25
-9.46184e-25
1.0919e-24
1.48333e-24
2.46758e-24
-2.4224e-25
)
;
    }
    Wall
    {
        type            calculated;
        value           uniform 0;
    }
    procBoundary1to0
    {
        type            processor;
        value           nonuniform List<scalar> 
28
(
-7.41702e-08
6.67087e-08
5.35107e-09
1.08515e-07
3.46493e-08
-2.10929e-08
6.85348e-08
5.01767e-08
1.86062e-08
2.9995e-08
5.29869e-08
-5.05671e-07
4.13585e-08
2.42928e-08
3.07176e-08
3.87478e-08
5.73384e-09
3.13384e-09
6.44154e-08
3.54205e-08
4.06339e-08
4.28183e-08
-1.05025e-06
4.06786e-08
6.57616e-08
1.18818e-08
-2.38308e-07
2.45223e-08
)
;
    }
    procBoundary1to3
    {
        type            processor;
        value           nonuniform List<scalar> 
32
(
-1.78557e-09
-5.15616e-09
-1.08726e-08
5.19077e-08
-2.18947e-07
-2.62151e-08
-2.58708e-08
-1.9524e-08
-1.39741e-08
-1.10828e-08
-1.3645e-08
1.27753e-09
-2.73285e-08
-1.84173e-08
-2.79616e-08
-2.63047e-08
1.58644e-06
6.26815e-10
-1.54799e-08
-1.01003e-08
-1.39071e-08
-9.19844e-08
-2.9075e-08
-1.12819e-08
-3.66229e-08
-2.85364e-08
-2.66241e-08
1.81044e-08
1.25321e-09
-2.51219e-08
8.06954e-08
-2.06496e-08
)
;
    }
}


// ************************************************************************* //
