/*--------------------------------*- C++ -*----------------------------------*\
| =========                 |                                                 |
| \\      /  F ield         | OpenFOAM: The Open Source CFD Toolbox           |
|  \\    /   O peration     | Version:  v2012                                 |
|   \\  /    A nd           | Website:  www.openfoam.com                      |
|    \\/     M anipulation  |                                                 |
\*---------------------------------------------------------------------------*/
FoamFile
{
    version     2.0;
    format      ascii;
    class       volScalarField;
    location    "0.15";
    object      p_rgh;
}
// * * * * * * * * * * * * * * * * * * * * * * * * * * * * * * * * * * * * * //

dimensions      [1 -1 -2 0 0 0 0];


internalField   nonuniform List<scalar> 
3326
(
3.50012e+06
3.50012e+06
3.50012e+06
3.50012e+06
3.50012e+06
3.50012e+06
3.50012e+06
3.50012e+06
3.50012e+06
3.50012e+06
3.50012e+06
3.50012e+06
3.50012e+06
3.50012e+06
3.50012e+06
3.50012e+06
3.50012e+06
3.50012e+06
3.50012e+06
3.50012e+06
3.50013e+06
3.50021e+06
3.50021e+06
3.50021e+06
3.50022e+06
3.50022e+06
3.50022e+06
3.50022e+06
3.50022e+06
3.50022e+06
3.50022e+06
3.50022e+06
3.50021e+06
3.50021e+06
3.50021e+06
3.50021e+06
3.5002e+06
3.5002e+06
3.50019e+06
3.50019e+06
3.50018e+06
3.50018e+06
3.50017e+06
3.50017e+06
3.50016e+06
3.50016e+06
3.50015e+06
3.50015e+06
3.50014e+06
3.50014e+06
3.50014e+06
3.50013e+06
3.50013e+06
3.50013e+06
3.50013e+06
3.50012e+06
3.50012e+06
3.50012e+06
3.50012e+06
3.50012e+06
3.50012e+06
3.50012e+06
3.50012e+06
3.50012e+06
3.50012e+06
3.50013e+06
3.50022e+06
3.50022e+06
3.50023e+06
3.50023e+06
3.50023e+06
3.50023e+06
3.50023e+06
3.50023e+06
3.50023e+06
3.50023e+06
3.50023e+06
3.50022e+06
3.50022e+06
3.50022e+06
3.50021e+06
3.50021e+06
3.5002e+06
3.5002e+06
3.50019e+06
3.50019e+06
3.50018e+06
3.50018e+06
3.50017e+06
3.50017e+06
3.50016e+06
3.50016e+06
3.50015e+06
3.50015e+06
3.50014e+06
3.50014e+06
3.50013e+06
3.50013e+06
3.50013e+06
3.50013e+06
3.50012e+06
3.50012e+06
3.50012e+06
3.50012e+06
3.50012e+06
3.50012e+06
3.50012e+06
3.50012e+06
3.50012e+06
3.50012e+06
3.50013e+06
3.50023e+06
3.50024e+06
3.50024e+06
3.50024e+06
3.50024e+06
3.50024e+06
3.50024e+06
3.50024e+06
3.50024e+06
3.50024e+06
3.50024e+06
3.50024e+06
3.50023e+06
3.50023e+06
3.50022e+06
3.50022e+06
3.50021e+06
3.50021e+06
3.5002e+06
3.50019e+06
3.50019e+06
3.50018e+06
3.50018e+06
3.50017e+06
3.50016e+06
3.50016e+06
3.50015e+06
3.50015e+06
3.50014e+06
3.50014e+06
3.50014e+06
3.50013e+06
3.50013e+06
3.50013e+06
3.50012e+06
3.50012e+06
3.50012e+06
3.50012e+06
3.50012e+06
3.50012e+06
3.50012e+06
3.50012e+06
3.50012e+06
3.50012e+06
3.50013e+06
3.50025e+06
3.50025e+06
3.50025e+06
3.50025e+06
3.50026e+06
3.50026e+06
3.50026e+06
3.50026e+06
3.50026e+06
3.50025e+06
3.50025e+06
3.50025e+06
3.50024e+06
3.50024e+06
3.50023e+06
3.50023e+06
3.50022e+06
3.50021e+06
3.50021e+06
3.5002e+06
3.50019e+06
3.50019e+06
3.50018e+06
3.50017e+06
3.50017e+06
3.50016e+06
3.50016e+06
3.50015e+06
3.50015e+06
3.50014e+06
3.50014e+06
3.50013e+06
3.50013e+06
3.50013e+06
3.50013e+06
3.50012e+06
3.50012e+06
3.50012e+06
3.50012e+06
3.50012e+06
3.50012e+06
3.50012e+06
3.50012e+06
3.50013e+06
3.50013e+06
3.50026e+06
3.50027e+06
3.50027e+06
3.50027e+06
3.50027e+06
3.50027e+06
3.50027e+06
3.50027e+06
3.50027e+06
3.50027e+06
3.50026e+06
3.50026e+06
3.50025e+06
3.50025e+06
3.50024e+06
3.50024e+06
3.50023e+06
3.50022e+06
3.50021e+06
3.50021e+06
3.5002e+06
3.50019e+06
3.50018e+06
3.50018e+06
3.50017e+06
3.50016e+06
3.50016e+06
3.50015e+06
3.50015e+06
3.50014e+06
3.50014e+06
3.50013e+06
3.50013e+06
3.50013e+06
3.50013e+06
3.50012e+06
3.50012e+06
3.50012e+06
3.50012e+06
3.50012e+06
3.50012e+06
3.50012e+06
3.50012e+06
3.50013e+06
3.50013e+06
3.50028e+06
3.50028e+06
3.50029e+06
3.50029e+06
3.50029e+06
3.50029e+06
3.50029e+06
3.50029e+06
3.50029e+06
3.50028e+06
3.50028e+06
3.50027e+06
3.50027e+06
3.50026e+06
3.50025e+06
3.50024e+06
3.50024e+06
3.50023e+06
3.50022e+06
3.50021e+06
3.5002e+06
3.5002e+06
3.50019e+06
3.50018e+06
3.50017e+06
3.50017e+06
3.50016e+06
3.50015e+06
3.50015e+06
3.50014e+06
3.50014e+06
3.50014e+06
3.50013e+06
3.50013e+06
3.50013e+06
3.50012e+06
3.50012e+06
3.50012e+06
3.50012e+06
3.50012e+06
3.50012e+06
3.50012e+06
3.50012e+06
3.50013e+06
3.50013e+06
3.5003e+06
3.50031e+06
3.50031e+06
3.50031e+06
3.50031e+06
3.50031e+06
3.50031e+06
3.50031e+06
3.5003e+06
3.5003e+06
3.50029e+06
3.50029e+06
3.50028e+06
3.50027e+06
3.50026e+06
3.50025e+06
3.50025e+06
3.50024e+06
3.50023e+06
3.50022e+06
3.50021e+06
3.5002e+06
3.50019e+06
3.50018e+06
3.50018e+06
3.50017e+06
3.50016e+06
3.50016e+06
3.50015e+06
3.50014e+06
3.50014e+06
3.50014e+06
3.50013e+06
3.50013e+06
3.50013e+06
3.50013e+06
3.50012e+06
3.50012e+06
3.50012e+06
3.50012e+06
3.50012e+06
3.50012e+06
3.50012e+06
3.50013e+06
3.50013e+06
3.50033e+06
3.50033e+06
3.50033e+06
3.50033e+06
3.50033e+06
3.50033e+06
3.50033e+06
3.50033e+06
3.50032e+06
3.50032e+06
3.50031e+06
3.5003e+06
3.50029e+06
3.50029e+06
3.50028e+06
3.50027e+06
3.50026e+06
3.50024e+06
3.50023e+06
3.50022e+06
3.50021e+06
3.5002e+06
3.5002e+06
3.50019e+06
3.50018e+06
3.50017e+06
3.50016e+06
3.50016e+06
3.50015e+06
3.50015e+06
3.50014e+06
3.50014e+06
3.50013e+06
3.50013e+06
3.50013e+06
3.50013e+06
3.50012e+06
3.50012e+06
3.50012e+06
3.50012e+06
3.50012e+06
3.50012e+06
3.50012e+06
3.50013e+06
3.50013e+06
3.50035e+06
3.50036e+06
3.50036e+06
3.50036e+06
3.50036e+06
3.50036e+06
3.50036e+06
3.50035e+06
3.50035e+06
3.50034e+06
3.50033e+06
3.50032e+06
3.50031e+06
3.5003e+06
3.50029e+06
3.50028e+06
3.50026e+06
3.50025e+06
3.50024e+06
3.50023e+06
3.50022e+06
3.50021e+06
3.5002e+06
3.50019e+06
3.50018e+06
3.50017e+06
3.50017e+06
3.50016e+06
3.50015e+06
3.50015e+06
3.50014e+06
3.50014e+06
3.50013e+06
3.50013e+06
3.50013e+06
3.50013e+06
3.50012e+06
3.50012e+06
3.50012e+06
3.50012e+06
3.50012e+06
3.50012e+06
3.50013e+06
3.50013e+06
3.50013e+06
3.50039e+06
3.50039e+06
3.50039e+06
3.50039e+06
3.50039e+06
3.50039e+06
3.50038e+06
3.50038e+06
3.50037e+06
3.50036e+06
3.50035e+06
3.50034e+06
3.50033e+06
3.50031e+06
3.5003e+06
3.50029e+06
3.50028e+06
3.50026e+06
3.50025e+06
3.50024e+06
3.50022e+06
3.50021e+06
3.5002e+06
3.50019e+06
3.50018e+06
3.50018e+06
3.50017e+06
3.50016e+06
3.50015e+06
3.50015e+06
3.50014e+06
3.50014e+06
3.50013e+06
3.50013e+06
3.50013e+06
3.50013e+06
3.50012e+06
3.50012e+06
3.50012e+06
3.50012e+06
3.50012e+06
3.50012e+06
3.50013e+06
3.50013e+06
3.50013e+06
3.50042e+06
3.50043e+06
3.50043e+06
3.50043e+06
3.50043e+06
3.50042e+06
3.50041e+06
3.50041e+06
3.5004e+06
3.50039e+06
3.50037e+06
3.50036e+06
3.50035e+06
3.50033e+06
3.50032e+06
3.5003e+06
3.50029e+06
3.50027e+06
3.50026e+06
3.50024e+06
3.50023e+06
3.50022e+06
3.50021e+06
3.5002e+06
3.50019e+06
3.50018e+06
3.50017e+06
3.50016e+06
3.50015e+06
3.50015e+06
3.50014e+06
3.50014e+06
3.50014e+06
3.50013e+06
3.50013e+06
3.50013e+06
3.50013e+06
3.50012e+06
3.50012e+06
3.50012e+06
3.50012e+06
3.50012e+06
3.50013e+06
3.50013e+06
3.50013e+06
3.50046e+06
3.50047e+06
3.50047e+06
3.50047e+06
3.50046e+06
3.50046e+06
3.50045e+06
3.50044e+06
3.50043e+06
3.50041e+06
3.5004e+06
3.50038e+06
3.50036e+06
3.50035e+06
3.50033e+06
3.50031e+06
3.5003e+06
3.50028e+06
3.50026e+06
3.50025e+06
3.50024e+06
3.50022e+06
3.50021e+06
3.5002e+06
3.50019e+06
3.50018e+06
3.50017e+06
3.50016e+06
3.50016e+06
3.50015e+06
3.50014e+06
3.50014e+06
3.50014e+06
3.50013e+06
3.50013e+06
3.50013e+06
3.50013e+06
3.50012e+06
3.50012e+06
3.50012e+06
3.50012e+06
3.50012e+06
3.50013e+06
3.50013e+06
3.50013e+06
3.50052e+06
3.50052e+06
3.50052e+06
3.50051e+06
3.50051e+06
3.5005e+06
3.50049e+06
3.50047e+06
3.50046e+06
3.50044e+06
3.50042e+06
3.5004e+06
3.50038e+06
3.50037e+06
3.50035e+06
3.50033e+06
3.50031e+06
3.50029e+06
3.50027e+06
3.50026e+06
3.50024e+06
3.50023e+06
3.50021e+06
3.5002e+06
3.50019e+06
3.50018e+06
3.50017e+06
3.50016e+06
3.50016e+06
3.50015e+06
3.50014e+06
3.50014e+06
3.50014e+06
3.50013e+06
3.50013e+06
3.50013e+06
3.50013e+06
3.50012e+06
3.50012e+06
3.50012e+06
3.50012e+06
3.50012e+06
3.50013e+06
3.50013e+06
3.50013e+06
3.50057e+06
3.50058e+06
3.50057e+06
3.50057e+06
3.50056e+06
3.50055e+06
3.50053e+06
3.50051e+06
3.50049e+06
3.50047e+06
3.50045e+06
3.50043e+06
3.50041e+06
3.50038e+06
3.50036e+06
3.50034e+06
3.50032e+06
3.5003e+06
3.50028e+06
3.50026e+06
3.50025e+06
3.50023e+06
3.50022e+06
3.5002e+06
3.50019e+06
3.50018e+06
3.50017e+06
3.50016e+06
3.50016e+06
3.50015e+06
3.50014e+06
3.50014e+06
3.50014e+06
3.50013e+06
3.50013e+06
3.50013e+06
3.50013e+06
3.50012e+06
3.50012e+06
3.50012e+06
3.50012e+06
3.50012e+06
3.50013e+06
3.50013e+06
3.50013e+06
3.50065e+06
3.50065e+06
3.50064e+06
3.50063e+06
3.50062e+06
3.5006e+06
3.50058e+06
3.50056e+06
3.50053e+06
3.50051e+06
3.50048e+06
3.50046e+06
3.50043e+06
3.5004e+06
3.50038e+06
3.50035e+06
3.50033e+06
3.50031e+06
3.50029e+06
3.50027e+06
3.50025e+06
3.50023e+06
3.50022e+06
3.50021e+06
3.50019e+06
3.50018e+06
3.50017e+06
3.50017e+06
3.50016e+06
3.50015e+06
3.50015e+06
3.50014e+06
3.50014e+06
3.50013e+06
3.50013e+06
3.50013e+06
3.50013e+06
3.50012e+06
3.50012e+06
3.50012e+06
3.50012e+06
3.50012e+06
3.50013e+06
3.50013e+06
3.50013e+06
3.50073e+06
3.50072e+06
3.50071e+06
3.5007e+06
3.50068e+06
3.50066e+06
3.50063e+06
3.50061e+06
3.50058e+06
3.50055e+06
3.50051e+06
3.50048e+06
3.50045e+06
3.50042e+06
3.50039e+06
3.50037e+06
3.50034e+06
3.50032e+06
3.50029e+06
3.50027e+06
3.50026e+06
3.50024e+06
3.50022e+06
3.50021e+06
3.5002e+06
3.50018e+06
3.50017e+06
3.50017e+06
3.50016e+06
3.50015e+06
3.50015e+06
3.50014e+06
3.50014e+06
3.50013e+06
3.50013e+06
3.50013e+06
3.50013e+06
3.50012e+06
3.50012e+06
3.50012e+06
3.50012e+06
3.50012e+06
3.50013e+06
3.50013e+06
3.50013e+06
3.50084e+06
3.50083e+06
3.50081e+06
3.50078e+06
3.50076e+06
3.50073e+06
3.50069e+06
3.50066e+06
3.50062e+06
3.50059e+06
3.50055e+06
3.50051e+06
3.50048e+06
3.50044e+06
3.50041e+06
3.50038e+06
3.50035e+06
3.50033e+06
3.5003e+06
3.50028e+06
3.50026e+06
3.50024e+06
3.50022e+06
3.50021e+06
3.5002e+06
3.50019e+06
3.50018e+06
3.50017e+06
3.50016e+06
3.50015e+06
3.50015e+06
3.50014e+06
3.50014e+06
3.50013e+06
3.50013e+06
3.50013e+06
3.50013e+06
3.50012e+06
3.50012e+06
3.50012e+06
3.50012e+06
3.50012e+06
3.50013e+06
3.50013e+06
3.50013e+06
3.50094e+06
3.50093e+06
3.5009e+06
3.50088e+06
3.50084e+06
3.5008e+06
3.50076e+06
3.50072e+06
3.50067e+06
3.50063e+06
3.50059e+06
3.50054e+06
3.5005e+06
3.50046e+06
3.50043e+06
3.50039e+06
3.50036e+06
3.50033e+06
3.50031e+06
3.50028e+06
3.50026e+06
3.50024e+06
3.50023e+06
3.50021e+06
3.5002e+06
3.50019e+06
3.50018e+06
3.50017e+06
3.50016e+06
3.50015e+06
3.50015e+06
3.50014e+06
3.50014e+06
3.50013e+06
3.50013e+06
3.50013e+06
3.50013e+06
3.50012e+06
3.50012e+06
3.50012e+06
3.50012e+06
3.50012e+06
3.50013e+06
3.50013e+06
3.50013e+06
3.50111e+06
3.50107e+06
3.50103e+06
3.50099e+06
3.50094e+06
3.50089e+06
3.50084e+06
3.50078e+06
3.50073e+06
3.50067e+06
3.50062e+06
3.50057e+06
3.50053e+06
3.50048e+06
3.50044e+06
3.50041e+06
3.50037e+06
3.50034e+06
3.50031e+06
3.50029e+06
3.50027e+06
3.50025e+06
3.50023e+06
3.50021e+06
3.5002e+06
3.50019e+06
3.50018e+06
3.50017e+06
3.50016e+06
3.50015e+06
3.50014e+06
3.50014e+06
3.50014e+06
3.50013e+06
3.50013e+06
3.50013e+06
3.50012e+06
3.50012e+06
3.50012e+06
3.50012e+06
3.50012e+06
3.50012e+06
3.50013e+06
3.50013e+06
3.50013e+06
3.50124e+06
3.50121e+06
3.50116e+06
3.50111e+06
3.50105e+06
3.50098e+06
3.50092e+06
3.50085e+06
3.50078e+06
3.50072e+06
3.50066e+06
3.50061e+06
3.50055e+06
3.5005e+06
3.50046e+06
3.50042e+06
3.50038e+06
3.50035e+06
3.50032e+06
3.50029e+06
3.50027e+06
3.50025e+06
3.50023e+06
3.50021e+06
3.5002e+06
3.50019e+06
3.50018e+06
3.50017e+06
3.50016e+06
3.50015e+06
3.50014e+06
3.50014e+06
3.50013e+06
3.50013e+06
3.50013e+06
3.50013e+06
3.50012e+06
3.50012e+06
3.50012e+06
3.50012e+06
3.50012e+06
3.50012e+06
3.50013e+06
3.50013e+06
3.50013e+06
3.50149e+06
3.50142e+06
3.50134e+06
3.50126e+06
3.50117e+06
3.50109e+06
3.501e+06
3.50092e+06
3.50084e+06
3.50077e+06
3.5007e+06
3.50064e+06
3.50058e+06
3.50052e+06
3.50047e+06
3.50043e+06
3.50039e+06
3.50036e+06
3.50032e+06
3.5003e+06
3.50027e+06
3.50025e+06
3.50023e+06
3.50021e+06
3.5002e+06
3.50019e+06
3.50018e+06
3.50017e+06
3.50016e+06
3.50015e+06
3.50014e+06
3.50014e+06
3.50013e+06
3.50013e+06
3.50013e+06
3.50013e+06
3.50012e+06
3.50012e+06
3.50012e+06
3.50012e+06
3.50012e+06
3.50012e+06
3.50012e+06
3.50013e+06
3.50013e+06
3.50167e+06
3.50159e+06
3.5015e+06
3.5014e+06
3.5013e+06
3.5012e+06
3.5011e+06
3.501e+06
3.50091e+06
3.50082e+06
3.50074e+06
3.50067e+06
3.5006e+06
3.50054e+06
3.50049e+06
3.50044e+06
3.5004e+06
3.50036e+06
3.50033e+06
3.5003e+06
3.50027e+06
3.50025e+06
3.50023e+06
3.50021e+06
3.5002e+06
3.50019e+06
3.50017e+06
3.50016e+06
3.50016e+06
3.50015e+06
3.50014e+06
3.50014e+06
3.50013e+06
3.50013e+06
3.50013e+06
3.50013e+06
3.50012e+06
3.50012e+06
3.50012e+06
3.50012e+06
3.50012e+06
3.50012e+06
3.50012e+06
3.50013e+06
3.50013e+06
3.50205e+06
3.50189e+06
3.50175e+06
3.5016e+06
3.50146e+06
3.50132e+06
3.5012e+06
3.50108e+06
3.50097e+06
3.50087e+06
3.50078e+06
3.5007e+06
3.50062e+06
3.50056e+06
3.5005e+06
3.50045e+06
3.5004e+06
3.50036e+06
3.50033e+06
3.5003e+06
3.50027e+06
3.50025e+06
3.50023e+06
3.50021e+06
3.5002e+06
3.50018e+06
3.50017e+06
3.50016e+06
3.50016e+06
3.50015e+06
3.50014e+06
3.50014e+06
3.50013e+06
3.50013e+06
3.50013e+06
3.50012e+06
3.50012e+06
3.50012e+06
3.50012e+06
3.50012e+06
3.50012e+06
3.50012e+06
3.50012e+06
3.50013e+06
3.50013e+06
3.50226e+06
3.5021e+06
3.50194e+06
3.50177e+06
3.5016e+06
3.50144e+06
3.50129e+06
3.50115e+06
3.50103e+06
3.50091e+06
3.50081e+06
3.50072e+06
3.50064e+06
3.50057e+06
3.50051e+06
3.50045e+06
3.50041e+06
3.50037e+06
3.50033e+06
3.5003e+06
3.50027e+06
3.50025e+06
3.50023e+06
3.50021e+06
3.5002e+06
3.50018e+06
3.50017e+06
3.50016e+06
3.50015e+06
3.50015e+06
3.50014e+06
3.50014e+06
3.50013e+06
3.50013e+06
3.50013e+06
3.50012e+06
3.50012e+06
3.50012e+06
3.50012e+06
3.50012e+06
3.50012e+06
3.50012e+06
3.50012e+06
3.50013e+06
3.50013e+06
3.50284e+06
3.50253e+06
3.50227e+06
3.50202e+06
3.50179e+06
3.50158e+06
3.5014e+06
3.50123e+06
3.50109e+06
3.50096e+06
3.50084e+06
3.50074e+06
3.50066e+06
3.50058e+06
3.50051e+06
3.50046e+06
3.50041e+06
3.50037e+06
3.50033e+06
3.5003e+06
3.50027e+06
3.50025e+06
3.50023e+06
3.50021e+06
3.50019e+06
3.50018e+06
3.50017e+06
3.50016e+06
3.50015e+06
3.50015e+06
3.50014e+06
3.50013e+06
3.50013e+06
3.50013e+06
3.50013e+06
3.50012e+06
3.50012e+06
3.50012e+06
3.50012e+06
3.50012e+06
3.50012e+06
3.50012e+06
3.50012e+06
3.50013e+06
3.50013e+06
3.50357e+06
3.50327e+06
3.50305e+06
3.50273e+06
3.50247e+06
3.50218e+06
3.50194e+06
3.5017e+06
3.50149e+06
3.5013e+06
3.50114e+06
3.50099e+06
3.50087e+06
3.50076e+06
3.50067e+06
3.50059e+06
3.50052e+06
3.50046e+06
3.50041e+06
3.50036e+06
3.50033e+06
3.5003e+06
3.50027e+06
3.50024e+06
3.50022e+06
3.50021e+06
3.50019e+06
3.50018e+06
3.50017e+06
3.50016e+06
3.50015e+06
3.50014e+06
3.50014e+06
3.50013e+06
3.50013e+06
3.50013e+06
3.50012e+06
3.50012e+06
3.50012e+06
3.50012e+06
3.50012e+06
3.50012e+06
3.50012e+06
3.50012e+06
3.50012e+06
3.50012e+06
3.50013e+06
3.50517e+06
3.50442e+06
3.5039e+06
3.50333e+06
3.50289e+06
3.50248e+06
3.50214e+06
3.50184e+06
3.50158e+06
3.50136e+06
3.50118e+06
3.50102e+06
3.50088e+06
3.50077e+06
3.50067e+06
3.50059e+06
3.50052e+06
3.50046e+06
3.5004e+06
3.50036e+06
3.50032e+06
3.50029e+06
3.50026e+06
3.50024e+06
3.50022e+06
3.5002e+06
3.50019e+06
3.50018e+06
3.50017e+06
3.50016e+06
3.50015e+06
3.50014e+06
3.50014e+06
3.50013e+06
3.50013e+06
3.50013e+06
3.50012e+06
3.50012e+06
3.50012e+06
3.50012e+06
3.50012e+06
3.50012e+06
3.50012e+06
3.50012e+06
3.50012e+06
3.50012e+06
3.50013e+06
3.50507e+06
3.50438e+06
3.504e+06
3.50343e+06
3.50303e+06
3.50259e+06
3.50224e+06
3.50191e+06
3.50164e+06
3.5014e+06
3.5012e+06
3.50103e+06
3.50089e+06
3.50077e+06
3.50067e+06
3.50058e+06
3.50051e+06
3.50045e+06
3.5004e+06
3.50036e+06
3.50032e+06
3.50029e+06
3.50026e+06
3.50024e+06
3.50022e+06
3.5002e+06
3.50019e+06
3.50017e+06
3.50016e+06
3.50015e+06
3.50015e+06
3.50014e+06
3.50014e+06
3.50013e+06
3.50013e+06
3.50012e+06
3.50012e+06
3.50012e+06
3.50012e+06
3.50012e+06
3.50012e+06
3.50012e+06
3.50012e+06
3.50012e+06
3.50012e+06
3.50012e+06
3.50013e+06
3.50768e+06
3.5061e+06
3.50522e+06
3.50419e+06
3.50353e+06
3.50289e+06
3.50243e+06
3.50202e+06
3.5017e+06
3.50143e+06
3.50122e+06
3.50104e+06
3.50089e+06
3.50076e+06
3.50066e+06
3.50057e+06
3.5005e+06
3.50044e+06
3.50039e+06
3.50035e+06
3.50031e+06
3.50028e+06
3.50025e+06
3.50023e+06
3.50021e+06
3.5002e+06
3.50018e+06
3.50017e+06
3.50016e+06
3.50015e+06
3.50014e+06
3.50014e+06
3.50013e+06
3.50013e+06
3.50013e+06
3.50012e+06
3.50012e+06
3.50012e+06
3.50012e+06
3.50012e+06
3.50012e+06
3.50012e+06
3.50012e+06
3.50012e+06
3.50012e+06
3.50012e+06
3.50012e+06
3.5069e+06
3.50543e+06
3.50493e+06
3.50398e+06
3.50346e+06
3.50284e+06
3.50241e+06
3.50201e+06
3.50169e+06
3.50142e+06
3.5012e+06
3.50102e+06
3.50087e+06
3.50074e+06
3.50064e+06
3.50056e+06
3.50049e+06
3.50043e+06
3.50038e+06
3.50034e+06
3.5003e+06
3.50027e+06
3.50025e+06
3.50022e+06
3.50021e+06
3.50019e+06
3.50018e+06
3.50017e+06
3.50016e+06
3.50015e+06
3.50014e+06
3.50014e+06
3.50013e+06
3.50013e+06
3.50012e+06
3.50012e+06
3.50012e+06
3.50012e+06
3.50012e+06
3.50012e+06
3.50012e+06
3.50012e+06
3.50012e+06
3.50012e+06
3.50012e+06
3.50012e+06
3.50012e+06
3.51098e+06
3.50778e+06
3.50654e+06
3.50484e+06
3.50397e+06
3.50309e+06
3.50253e+06
3.50204e+06
3.50169e+06
3.50139e+06
3.50117e+06
3.50098e+06
3.50084e+06
3.50072e+06
3.50062e+06
3.50053e+06
3.50047e+06
3.50041e+06
3.50036e+06
3.50032e+06
3.50029e+06
3.50026e+06
3.50024e+06
3.50022e+06
3.5002e+06
3.50019e+06
3.50017e+06
3.50016e+06
3.50015e+06
3.50015e+06
3.50014e+06
3.50013e+06
3.50013e+06
3.50013e+06
3.50012e+06
3.50012e+06
3.50012e+06
3.50012e+06
3.50012e+06
3.50012e+06
3.50012e+06
3.50012e+06
3.50012e+06
3.50012e+06
3.50012e+06
3.50012e+06
3.50012e+06
3.50847e+06
3.50559e+06
3.50535e+06
3.50395e+06
3.50347e+06
3.50273e+06
3.50231e+06
3.50188e+06
3.50157e+06
3.50131e+06
3.5011e+06
3.50093e+06
3.50079e+06
3.50067e+06
3.50058e+06
3.5005e+06
3.50044e+06
3.50039e+06
3.50034e+06
3.50031e+06
3.50028e+06
3.50025e+06
3.50023e+06
3.50021e+06
3.50019e+06
3.50018e+06
3.50017e+06
3.50016e+06
3.50015e+06
3.50014e+06
3.50014e+06
3.50013e+06
3.50013e+06
3.50012e+06
3.50012e+06
3.50012e+06
3.50012e+06
3.50012e+06
3.50012e+06
3.50012e+06
3.50012e+06
3.50012e+06
3.50012e+06
3.50012e+06
3.50012e+06
3.50012e+06
3.50012e+06
3.51411e+06
3.50827e+06
3.5071e+06
3.50468e+06
3.50384e+06
3.50281e+06
3.50228e+06
3.50179e+06
3.50148e+06
3.50121e+06
3.50101e+06
3.50085e+06
3.50073e+06
3.50062e+06
3.50054e+06
3.50047e+06
3.50041e+06
3.50036e+06
3.50032e+06
3.50029e+06
3.50026e+06
3.50024e+06
3.50022e+06
3.5002e+06
3.50019e+06
3.50017e+06
3.50016e+06
3.50015e+06
3.50015e+06
3.50014e+06
3.50013e+06
3.50013e+06
3.50012e+06
3.50012e+06
3.50012e+06
3.50012e+06
3.50012e+06
3.50011e+06
3.50011e+06
3.50011e+06
3.50012e+06
3.50012e+06
3.50012e+06
3.50012e+06
3.50012e+06
3.50012e+06
3.50012e+06
3.5081e+06
3.50331e+06
3.50441e+06
3.50276e+06
3.50272e+06
3.50206e+06
3.50181e+06
3.50147e+06
3.50125e+06
3.50104e+06
3.50089e+06
3.50075e+06
3.50065e+06
3.50056e+06
3.50049e+06
3.50043e+06
3.50038e+06
3.50033e+06
3.5003e+06
3.50027e+06
3.50024e+06
3.50022e+06
3.50021e+06
3.50019e+06
3.50018e+06
3.50017e+06
3.50016e+06
3.50015e+06
3.50014e+06
3.50014e+06
3.50013e+06
3.50013e+06
3.50012e+06
3.50012e+06
3.50012e+06
3.50012e+06
3.50011e+06
3.50011e+06
3.50011e+06
3.50011e+06
3.50011e+06
3.50012e+06
3.50012e+06
3.50012e+06
3.50012e+06
3.50012e+06
3.50012e+06
3.51315e+06
3.50501e+06
3.50541e+06
3.50294e+06
3.50269e+06
3.50187e+06
3.50159e+06
3.50126e+06
3.50106e+06
3.50089e+06
3.50076e+06
3.50065e+06
3.50056e+06
3.50049e+06
3.50043e+06
3.50038e+06
3.50034e+06
3.5003e+06
3.50027e+06
3.50025e+06
3.50023e+06
3.50021e+06
3.50019e+06
3.50018e+06
3.50017e+06
3.50016e+06
3.50015e+06
3.50014e+06
3.50014e+06
3.50013e+06
3.50013e+06
3.50012e+06
3.50012e+06
3.50012e+06
3.50011e+06
3.50011e+06
3.50011e+06
3.50011e+06
3.50011e+06
3.50011e+06
3.50011e+06
3.50011e+06
3.50012e+06
3.50012e+06
3.50012e+06
3.50012e+06
3.50012e+06
3.50345e+06
3.49798e+06
3.50161e+06
3.50047e+06
3.50119e+06
3.50089e+06
3.50095e+06
3.50081e+06
3.50074e+06
3.50065e+06
3.50058e+06
3.50051e+06
3.50045e+06
3.5004e+06
3.50036e+06
3.50032e+06
3.50029e+06
3.50027e+06
3.50024e+06
3.50022e+06
3.50021e+06
3.50019e+06
3.50018e+06
3.50017e+06
3.50016e+06
3.50015e+06
3.50014e+06
3.50014e+06
3.50013e+06
3.50013e+06
3.50012e+06
3.50012e+06
3.50012e+06
3.50011e+06
3.50011e+06
3.50011e+06
3.50011e+06
3.50011e+06
3.50011e+06
3.50011e+06
3.50011e+06
3.50011e+06
3.50012e+06
3.50012e+06
3.50012e+06
3.50012e+06
3.50012e+06
3.50012e+06
3.50012e+06
3.50012e+06
3.50012e+06
3.50012e+06
3.50012e+06
3.50012e+06
3.50012e+06
3.50012e+06
3.50012e+06
3.50012e+06
3.50012e+06
3.50012e+06
3.50012e+06
3.50012e+06
3.50012e+06
3.50012e+06
3.50012e+06
3.50012e+06
3.50012e+06
3.50013e+06
3.50021e+06
3.50021e+06
3.50021e+06
3.50022e+06
3.50022e+06
3.50022e+06
3.50022e+06
3.50022e+06
3.50022e+06
3.50022e+06
3.50022e+06
3.50021e+06
3.50021e+06
3.50021e+06
3.50021e+06
3.5002e+06
3.5002e+06
3.50019e+06
3.50019e+06
3.50018e+06
3.50018e+06
3.50017e+06
3.50017e+06
3.50016e+06
3.50016e+06
3.50015e+06
3.50015e+06
3.50014e+06
3.50014e+06
3.50014e+06
3.50013e+06
3.50013e+06
3.50013e+06
3.50013e+06
3.50012e+06
3.50012e+06
3.50012e+06
3.50012e+06
3.50012e+06
3.50012e+06
3.50012e+06
3.50012e+06
3.50012e+06
3.50012e+06
3.50013e+06
3.50022e+06
3.50022e+06
3.50023e+06
3.50023e+06
3.50023e+06
3.50023e+06
3.50023e+06
3.50023e+06
3.50023e+06
3.50023e+06
3.50023e+06
3.50022e+06
3.50022e+06
3.50022e+06
3.50021e+06
3.50021e+06
3.5002e+06
3.5002e+06
3.50019e+06
3.50019e+06
3.50018e+06
3.50018e+06
3.50017e+06
3.50017e+06
3.50016e+06
3.50016e+06
3.50015e+06
3.50015e+06
3.50014e+06
3.50014e+06
3.50013e+06
3.50013e+06
3.50013e+06
3.50013e+06
3.50012e+06
3.50012e+06
3.50012e+06
3.50012e+06
3.50012e+06
3.50012e+06
3.50012e+06
3.50012e+06
3.50012e+06
3.50012e+06
3.50013e+06
3.50023e+06
3.50024e+06
3.50024e+06
3.50024e+06
3.50024e+06
3.50024e+06
3.50024e+06
3.50024e+06
3.50024e+06
3.50024e+06
3.50024e+06
3.50024e+06
3.50023e+06
3.50023e+06
3.50022e+06
3.50022e+06
3.50021e+06
3.50021e+06
3.5002e+06
3.50019e+06
3.50019e+06
3.50018e+06
3.50018e+06
3.50017e+06
3.50016e+06
3.50016e+06
3.50015e+06
3.50015e+06
3.50014e+06
3.50014e+06
3.50014e+06
3.50013e+06
3.50013e+06
3.50013e+06
3.50012e+06
3.50012e+06
3.50012e+06
3.50012e+06
3.50012e+06
3.50012e+06
3.50012e+06
3.50012e+06
3.50012e+06
3.50012e+06
3.50013e+06
3.50025e+06
3.50025e+06
3.50025e+06
3.50025e+06
3.50026e+06
3.50026e+06
3.50026e+06
3.50026e+06
3.50026e+06
3.50025e+06
3.50025e+06
3.50025e+06
3.50024e+06
3.50024e+06
3.50023e+06
3.50023e+06
3.50022e+06
3.50021e+06
3.50021e+06
3.5002e+06
3.50019e+06
3.50019e+06
3.50018e+06
3.50017e+06
3.50017e+06
3.50016e+06
3.50016e+06
3.50015e+06
3.50015e+06
3.50014e+06
3.50014e+06
3.50013e+06
3.50013e+06
3.50013e+06
3.50013e+06
3.50012e+06
3.50012e+06
3.50012e+06
3.50012e+06
3.50012e+06
3.50012e+06
3.50012e+06
3.50012e+06
3.50013e+06
3.50013e+06
3.50026e+06
3.50027e+06
3.50027e+06
3.50027e+06
3.50027e+06
3.50027e+06
3.50027e+06
3.50027e+06
3.50027e+06
3.50027e+06
3.50026e+06
3.50026e+06
3.50025e+06
3.50025e+06
3.50024e+06
3.50024e+06
3.50023e+06
3.50022e+06
3.50021e+06
3.50021e+06
3.5002e+06
3.50019e+06
3.50018e+06
3.50018e+06
3.50017e+06
3.50016e+06
3.50016e+06
3.50015e+06
3.50015e+06
3.50014e+06
3.50014e+06
3.50013e+06
3.50013e+06
3.50013e+06
3.50013e+06
3.50012e+06
3.50012e+06
3.50012e+06
3.50012e+06
3.50012e+06
3.50012e+06
3.50012e+06
3.50012e+06
3.50013e+06
3.50013e+06
3.50028e+06
3.50028e+06
3.50029e+06
3.50029e+06
3.50029e+06
3.50029e+06
3.50029e+06
3.50029e+06
3.50029e+06
3.50028e+06
3.50028e+06
3.50027e+06
3.50027e+06
3.50026e+06
3.50025e+06
3.50024e+06
3.50024e+06
3.50023e+06
3.50022e+06
3.50021e+06
3.5002e+06
3.5002e+06
3.50019e+06
3.50018e+06
3.50017e+06
3.50017e+06
3.50016e+06
3.50015e+06
3.50015e+06
3.50014e+06
3.50014e+06
3.50014e+06
3.50013e+06
3.50013e+06
3.50013e+06
3.50012e+06
3.50012e+06
3.50012e+06
3.50012e+06
3.50012e+06
3.50012e+06
3.50012e+06
3.50012e+06
3.50013e+06
3.50013e+06
3.5003e+06
3.50031e+06
3.50031e+06
3.50031e+06
3.50031e+06
3.50031e+06
3.50031e+06
3.50031e+06
3.5003e+06
3.5003e+06
3.50029e+06
3.50029e+06
3.50028e+06
3.50027e+06
3.50026e+06
3.50025e+06
3.50025e+06
3.50024e+06
3.50023e+06
3.50022e+06
3.50021e+06
3.5002e+06
3.50019e+06
3.50018e+06
3.50018e+06
3.50017e+06
3.50016e+06
3.50016e+06
3.50015e+06
3.50014e+06
3.50014e+06
3.50014e+06
3.50013e+06
3.50013e+06
3.50013e+06
3.50013e+06
3.50012e+06
3.50012e+06
3.50012e+06
3.50012e+06
3.50012e+06
3.50012e+06
3.50012e+06
3.50013e+06
3.50013e+06
3.50033e+06
3.50033e+06
3.50033e+06
3.50033e+06
3.50033e+06
3.50033e+06
3.50033e+06
3.50033e+06
3.50032e+06
3.50032e+06
3.50031e+06
3.5003e+06
3.50029e+06
3.50029e+06
3.50028e+06
3.50027e+06
3.50026e+06
3.50024e+06
3.50023e+06
3.50022e+06
3.50021e+06
3.5002e+06
3.5002e+06
3.50019e+06
3.50018e+06
3.50017e+06
3.50016e+06
3.50016e+06
3.50015e+06
3.50015e+06
3.50014e+06
3.50014e+06
3.50013e+06
3.50013e+06
3.50013e+06
3.50013e+06
3.50012e+06
3.50012e+06
3.50012e+06
3.50012e+06
3.50012e+06
3.50012e+06
3.50012e+06
3.50013e+06
3.50013e+06
3.50035e+06
3.50036e+06
3.50036e+06
3.50036e+06
3.50036e+06
3.50036e+06
3.50036e+06
3.50035e+06
3.50035e+06
3.50034e+06
3.50033e+06
3.50032e+06
3.50031e+06
3.5003e+06
3.50029e+06
3.50028e+06
3.50026e+06
3.50025e+06
3.50024e+06
3.50023e+06
3.50022e+06
3.50021e+06
3.5002e+06
3.50019e+06
3.50018e+06
3.50017e+06
3.50017e+06
3.50016e+06
3.50015e+06
3.50015e+06
3.50014e+06
3.50014e+06
3.50013e+06
3.50013e+06
3.50013e+06
3.50013e+06
3.50012e+06
3.50012e+06
3.50012e+06
3.50012e+06
3.50012e+06
3.50012e+06
3.50013e+06
3.50013e+06
3.50013e+06
3.50039e+06
3.50039e+06
3.50039e+06
3.50039e+06
3.50039e+06
3.50039e+06
3.50038e+06
3.50038e+06
3.50037e+06
3.50036e+06
3.50035e+06
3.50034e+06
3.50033e+06
3.50031e+06
3.5003e+06
3.50029e+06
3.50028e+06
3.50026e+06
3.50025e+06
3.50024e+06
3.50022e+06
3.50021e+06
3.5002e+06
3.50019e+06
3.50018e+06
3.50018e+06
3.50017e+06
3.50016e+06
3.50015e+06
3.50015e+06
3.50014e+06
3.50014e+06
3.50013e+06
3.50013e+06
3.50013e+06
3.50013e+06
3.50012e+06
3.50012e+06
3.50012e+06
3.50012e+06
3.50012e+06
3.50012e+06
3.50013e+06
3.50013e+06
3.50013e+06
3.50042e+06
3.50043e+06
3.50043e+06
3.50043e+06
3.50043e+06
3.50042e+06
3.50041e+06
3.50041e+06
3.5004e+06
3.50039e+06
3.50037e+06
3.50036e+06
3.50035e+06
3.50033e+06
3.50032e+06
3.5003e+06
3.50029e+06
3.50027e+06
3.50026e+06
3.50024e+06
3.50023e+06
3.50022e+06
3.50021e+06
3.5002e+06
3.50019e+06
3.50018e+06
3.50017e+06
3.50016e+06
3.50015e+06
3.50015e+06
3.50014e+06
3.50014e+06
3.50014e+06
3.50013e+06
3.50013e+06
3.50013e+06
3.50013e+06
3.50012e+06
3.50012e+06
3.50012e+06
3.50012e+06
3.50012e+06
3.50013e+06
3.50013e+06
3.50013e+06
3.50046e+06
3.50047e+06
3.50047e+06
3.50047e+06
3.50046e+06
3.50046e+06
3.50045e+06
3.50044e+06
3.50043e+06
3.50041e+06
3.5004e+06
3.50038e+06
3.50036e+06
3.50035e+06
3.50033e+06
3.50031e+06
3.5003e+06
3.50028e+06
3.50026e+06
3.50025e+06
3.50024e+06
3.50022e+06
3.50021e+06
3.5002e+06
3.50019e+06
3.50018e+06
3.50017e+06
3.50016e+06
3.50016e+06
3.50015e+06
3.50014e+06
3.50014e+06
3.50014e+06
3.50013e+06
3.50013e+06
3.50013e+06
3.50013e+06
3.50012e+06
3.50012e+06
3.50012e+06
3.50012e+06
3.50012e+06
3.50013e+06
3.50013e+06
3.50013e+06
3.50052e+06
3.50052e+06
3.50052e+06
3.50051e+06
3.50051e+06
3.5005e+06
3.50049e+06
3.50047e+06
3.50046e+06
3.50044e+06
3.50042e+06
3.5004e+06
3.50038e+06
3.50037e+06
3.50035e+06
3.50033e+06
3.50031e+06
3.50029e+06
3.50027e+06
3.50026e+06
3.50024e+06
3.50023e+06
3.50021e+06
3.5002e+06
3.50019e+06
3.50018e+06
3.50017e+06
3.50016e+06
3.50016e+06
3.50015e+06
3.50014e+06
3.50014e+06
3.50014e+06
3.50013e+06
3.50013e+06
3.50013e+06
3.50013e+06
3.50012e+06
3.50012e+06
3.50012e+06
3.50012e+06
3.50012e+06
3.50013e+06
3.50013e+06
3.50013e+06
3.50057e+06
3.50058e+06
3.50057e+06
3.50057e+06
3.50056e+06
3.50055e+06
3.50053e+06
3.50051e+06
3.50049e+06
3.50047e+06
3.50045e+06
3.50043e+06
3.50041e+06
3.50038e+06
3.50036e+06
3.50034e+06
3.50032e+06
3.5003e+06
3.50028e+06
3.50026e+06
3.50025e+06
3.50023e+06
3.50022e+06
3.5002e+06
3.50019e+06
3.50018e+06
3.50017e+06
3.50016e+06
3.50016e+06
3.50015e+06
3.50014e+06
3.50014e+06
3.50014e+06
3.50013e+06
3.50013e+06
3.50013e+06
3.50013e+06
3.50012e+06
3.50012e+06
3.50012e+06
3.50012e+06
3.50012e+06
3.50013e+06
3.50013e+06
3.50013e+06
3.50065e+06
3.50065e+06
3.50064e+06
3.50063e+06
3.50062e+06
3.5006e+06
3.50058e+06
3.50056e+06
3.50053e+06
3.50051e+06
3.50048e+06
3.50046e+06
3.50043e+06
3.5004e+06
3.50038e+06
3.50035e+06
3.50033e+06
3.50031e+06
3.50029e+06
3.50027e+06
3.50025e+06
3.50023e+06
3.50022e+06
3.50021e+06
3.50019e+06
3.50018e+06
3.50017e+06
3.50017e+06
3.50016e+06
3.50015e+06
3.50015e+06
3.50014e+06
3.50014e+06
3.50013e+06
3.50013e+06
3.50013e+06
3.50013e+06
3.50012e+06
3.50012e+06
3.50012e+06
3.50012e+06
3.50012e+06
3.50013e+06
3.50013e+06
3.50013e+06
3.50073e+06
3.50072e+06
3.50071e+06
3.5007e+06
3.50068e+06
3.50066e+06
3.50063e+06
3.50061e+06
3.50058e+06
3.50055e+06
3.50051e+06
3.50048e+06
3.50045e+06
3.50042e+06
3.50039e+06
3.50037e+06
3.50034e+06
3.50032e+06
3.50029e+06
3.50027e+06
3.50026e+06
3.50024e+06
3.50022e+06
3.50021e+06
3.5002e+06
3.50018e+06
3.50017e+06
3.50017e+06
3.50016e+06
3.50015e+06
3.50015e+06
3.50014e+06
3.50014e+06
3.50013e+06
3.50013e+06
3.50013e+06
3.50013e+06
3.50012e+06
3.50012e+06
3.50012e+06
3.50012e+06
3.50012e+06
3.50013e+06
3.50013e+06
3.50013e+06
3.50084e+06
3.50083e+06
3.50081e+06
3.50078e+06
3.50076e+06
3.50073e+06
3.50069e+06
3.50066e+06
3.50062e+06
3.50059e+06
3.50055e+06
3.50051e+06
3.50048e+06
3.50044e+06
3.50041e+06
3.50038e+06
3.50035e+06
3.50033e+06
3.5003e+06
3.50028e+06
3.50026e+06
3.50024e+06
3.50022e+06
3.50021e+06
3.5002e+06
3.50019e+06
3.50018e+06
3.50017e+06
3.50016e+06
3.50015e+06
3.50015e+06
3.50014e+06
3.50014e+06
3.50013e+06
3.50013e+06
3.50013e+06
3.50013e+06
3.50012e+06
3.50012e+06
3.50012e+06
3.50012e+06
3.50012e+06
3.50013e+06
3.50013e+06
3.50013e+06
3.50094e+06
3.50093e+06
3.5009e+06
3.50088e+06
3.50084e+06
3.5008e+06
3.50076e+06
3.50072e+06
3.50067e+06
3.50063e+06
3.50059e+06
3.50054e+06
3.5005e+06
3.50046e+06
3.50043e+06
3.50039e+06
3.50036e+06
3.50033e+06
3.50031e+06
3.50028e+06
3.50026e+06
3.50024e+06
3.50023e+06
3.50021e+06
3.5002e+06
3.50019e+06
3.50018e+06
3.50017e+06
3.50016e+06
3.50015e+06
3.50015e+06
3.50014e+06
3.50014e+06
3.50013e+06
3.50013e+06
3.50013e+06
3.50013e+06
3.50012e+06
3.50012e+06
3.50012e+06
3.50012e+06
3.50012e+06
3.50013e+06
3.50013e+06
3.50013e+06
3.50111e+06
3.50107e+06
3.50103e+06
3.50099e+06
3.50094e+06
3.50089e+06
3.50084e+06
3.50078e+06
3.50073e+06
3.50067e+06
3.50062e+06
3.50057e+06
3.50053e+06
3.50048e+06
3.50044e+06
3.50041e+06
3.50037e+06
3.50034e+06
3.50031e+06
3.50029e+06
3.50027e+06
3.50025e+06
3.50023e+06
3.50021e+06
3.5002e+06
3.50019e+06
3.50018e+06
3.50017e+06
3.50016e+06
3.50015e+06
3.50014e+06
3.50014e+06
3.50014e+06
3.50013e+06
3.50013e+06
3.50013e+06
3.50012e+06
3.50012e+06
3.50012e+06
3.50012e+06
3.50012e+06
3.50012e+06
3.50013e+06
3.50013e+06
3.50013e+06
3.50124e+06
3.50121e+06
3.50116e+06
3.50111e+06
3.50105e+06
3.50098e+06
3.50092e+06
3.50085e+06
3.50078e+06
3.50072e+06
3.50066e+06
3.50061e+06
3.50055e+06
3.5005e+06
3.50046e+06
3.50042e+06
3.50038e+06
3.50035e+06
3.50032e+06
3.50029e+06
3.50027e+06
3.50025e+06
3.50023e+06
3.50021e+06
3.5002e+06
3.50019e+06
3.50018e+06
3.50017e+06
3.50016e+06
3.50015e+06
3.50014e+06
3.50014e+06
3.50013e+06
3.50013e+06
3.50013e+06
3.50013e+06
3.50012e+06
3.50012e+06
3.50012e+06
3.50012e+06
3.50012e+06
3.50012e+06
3.50013e+06
3.50013e+06
3.50013e+06
3.50149e+06
3.50142e+06
3.50134e+06
3.50126e+06
3.50117e+06
3.50109e+06
3.501e+06
3.50092e+06
3.50084e+06
3.50077e+06
3.5007e+06
3.50064e+06
3.50058e+06
3.50052e+06
3.50047e+06
3.50043e+06
3.50039e+06
3.50036e+06
3.50032e+06
3.5003e+06
3.50027e+06
3.50025e+06
3.50023e+06
3.50021e+06
3.5002e+06
3.50019e+06
3.50018e+06
3.50017e+06
3.50016e+06
3.50015e+06
3.50014e+06
3.50014e+06
3.50013e+06
3.50013e+06
3.50013e+06
3.50013e+06
3.50012e+06
3.50012e+06
3.50012e+06
3.50012e+06
3.50012e+06
3.50012e+06
3.50012e+06
3.50013e+06
3.50013e+06
3.50167e+06
3.50159e+06
3.5015e+06
3.5014e+06
3.5013e+06
3.5012e+06
3.5011e+06
3.501e+06
3.50091e+06
3.50082e+06
3.50074e+06
3.50067e+06
3.5006e+06
3.50054e+06
3.50049e+06
3.50044e+06
3.5004e+06
3.50036e+06
3.50033e+06
3.5003e+06
3.50027e+06
3.50025e+06
3.50023e+06
3.50021e+06
3.5002e+06
3.50019e+06
3.50017e+06
3.50016e+06
3.50016e+06
3.50015e+06
3.50014e+06
3.50014e+06
3.50013e+06
3.50013e+06
3.50013e+06
3.50013e+06
3.50012e+06
3.50012e+06
3.50012e+06
3.50012e+06
3.50012e+06
3.50012e+06
3.50012e+06
3.50013e+06
3.50013e+06
3.50205e+06
3.50189e+06
3.50175e+06
3.5016e+06
3.50146e+06
3.50132e+06
3.5012e+06
3.50108e+06
3.50097e+06
3.50087e+06
3.50078e+06
3.5007e+06
3.50062e+06
3.50056e+06
3.5005e+06
3.50045e+06
3.5004e+06
3.50036e+06
3.50033e+06
3.5003e+06
3.50027e+06
3.50025e+06
3.50023e+06
3.50021e+06
3.5002e+06
3.50018e+06
3.50017e+06
3.50016e+06
3.50016e+06
3.50015e+06
3.50014e+06
3.50014e+06
3.50013e+06
3.50013e+06
3.50013e+06
3.50012e+06
3.50012e+06
3.50012e+06
3.50012e+06
3.50012e+06
3.50012e+06
3.50012e+06
3.50012e+06
3.50013e+06
3.50013e+06
3.50226e+06
3.5021e+06
3.50194e+06
3.50177e+06
3.5016e+06
3.50144e+06
3.50129e+06
3.50115e+06
3.50103e+06
3.50091e+06
3.50081e+06
3.50072e+06
3.50064e+06
3.50057e+06
3.50051e+06
3.50045e+06
3.50041e+06
3.50037e+06
3.50033e+06
3.5003e+06
3.50027e+06
3.50025e+06
3.50023e+06
3.50021e+06
3.5002e+06
3.50018e+06
3.50017e+06
3.50016e+06
3.50015e+06
3.50015e+06
3.50014e+06
3.50014e+06
3.50013e+06
3.50013e+06
3.50013e+06
3.50012e+06
3.50012e+06
3.50012e+06
3.50012e+06
3.50012e+06
3.50012e+06
3.50012e+06
3.50012e+06
3.50013e+06
3.50013e+06
3.50284e+06
3.50253e+06
3.50227e+06
3.50202e+06
3.50179e+06
3.50158e+06
3.5014e+06
3.50123e+06
3.50109e+06
3.50096e+06
3.50084e+06
3.50074e+06
3.50066e+06
3.50058e+06
3.50051e+06
3.50046e+06
3.50041e+06
3.50037e+06
3.50033e+06
3.5003e+06
3.50027e+06
3.50025e+06
3.50023e+06
3.50021e+06
3.50019e+06
3.50018e+06
3.50017e+06
3.50016e+06
3.50015e+06
3.50015e+06
3.50014e+06
3.50013e+06
3.50013e+06
3.50013e+06
3.50013e+06
3.50012e+06
3.50012e+06
3.50012e+06
3.50012e+06
3.50012e+06
3.50012e+06
3.50012e+06
3.50012e+06
3.50013e+06
3.50013e+06
3.50357e+06
3.50327e+06
3.50305e+06
3.50273e+06
3.50247e+06
3.50218e+06
3.50194e+06
3.5017e+06
3.50149e+06
3.5013e+06
3.50114e+06
3.50099e+06
3.50087e+06
3.50076e+06
3.50067e+06
3.50059e+06
3.50052e+06
3.50046e+06
3.50041e+06
3.50036e+06
3.50033e+06
3.5003e+06
3.50027e+06
3.50024e+06
3.50022e+06
3.50021e+06
3.50019e+06
3.50018e+06
3.50017e+06
3.50016e+06
3.50015e+06
3.50014e+06
3.50014e+06
3.50013e+06
3.50013e+06
3.50013e+06
3.50012e+06
3.50012e+06
3.50012e+06
3.50012e+06
3.50012e+06
3.50012e+06
3.50012e+06
3.50012e+06
3.50012e+06
3.50012e+06
3.50013e+06
3.50517e+06
3.50442e+06
3.5039e+06
3.50333e+06
3.50289e+06
3.50248e+06
3.50214e+06
3.50184e+06
3.50158e+06
3.50136e+06
3.50118e+06
3.50102e+06
3.50088e+06
3.50077e+06
3.50067e+06
3.50059e+06
3.50052e+06
3.50046e+06
3.5004e+06
3.50036e+06
3.50032e+06
3.50029e+06
3.50026e+06
3.50024e+06
3.50022e+06
3.5002e+06
3.50019e+06
3.50018e+06
3.50017e+06
3.50016e+06
3.50015e+06
3.50014e+06
3.50014e+06
3.50013e+06
3.50013e+06
3.50013e+06
3.50012e+06
3.50012e+06
3.50012e+06
3.50012e+06
3.50012e+06
3.50012e+06
3.50012e+06
3.50012e+06
3.50012e+06
3.50012e+06
3.50013e+06
3.50507e+06
3.50438e+06
3.504e+06
3.50343e+06
3.50303e+06
3.50259e+06
3.50224e+06
3.50191e+06
3.50164e+06
3.5014e+06
3.5012e+06
3.50103e+06
3.50089e+06
3.50077e+06
3.50067e+06
3.50058e+06
3.50051e+06
3.50045e+06
3.5004e+06
3.50036e+06
3.50032e+06
3.50029e+06
3.50026e+06
3.50024e+06
3.50022e+06
3.5002e+06
3.50019e+06
3.50017e+06
3.50016e+06
3.50015e+06
3.50015e+06
3.50014e+06
3.50014e+06
3.50013e+06
3.50013e+06
3.50012e+06
3.50012e+06
3.50012e+06
3.50012e+06
3.50012e+06
3.50012e+06
3.50012e+06
3.50012e+06
3.50012e+06
3.50012e+06
3.50012e+06
3.50013e+06
3.50768e+06
3.5061e+06
3.50522e+06
3.50419e+06
3.50353e+06
3.50289e+06
3.50243e+06
3.50202e+06
3.5017e+06
3.50143e+06
3.50122e+06
3.50104e+06
3.50089e+06
3.50076e+06
3.50066e+06
3.50057e+06
3.5005e+06
3.50044e+06
3.50039e+06
3.50035e+06
3.50031e+06
3.50028e+06
3.50025e+06
3.50023e+06
3.50021e+06
3.5002e+06
3.50018e+06
3.50017e+06
3.50016e+06
3.50015e+06
3.50014e+06
3.50014e+06
3.50013e+06
3.50013e+06
3.50013e+06
3.50012e+06
3.50012e+06
3.50012e+06
3.50012e+06
3.50012e+06
3.50012e+06
3.50012e+06
3.50012e+06
3.50012e+06
3.50012e+06
3.50012e+06
3.50012e+06
3.5069e+06
3.50543e+06
3.50493e+06
3.50398e+06
3.50346e+06
3.50284e+06
3.50241e+06
3.50201e+06
3.50169e+06
3.50142e+06
3.5012e+06
3.50102e+06
3.50087e+06
3.50074e+06
3.50064e+06
3.50056e+06
3.50049e+06
3.50043e+06
3.50038e+06
3.50034e+06
3.5003e+06
3.50027e+06
3.50025e+06
3.50022e+06
3.50021e+06
3.50019e+06
3.50018e+06
3.50017e+06
3.50016e+06
3.50015e+06
3.50014e+06
3.50014e+06
3.50013e+06
3.50013e+06
3.50012e+06
3.50012e+06
3.50012e+06
3.50012e+06
3.50012e+06
3.50012e+06
3.50012e+06
3.50012e+06
3.50012e+06
3.50012e+06
3.50012e+06
3.50012e+06
3.50012e+06
3.51098e+06
3.50778e+06
3.50654e+06
3.50484e+06
3.50397e+06
3.50309e+06
3.50253e+06
3.50204e+06
3.50169e+06
3.50139e+06
3.50117e+06
3.50098e+06
3.50084e+06
3.50072e+06
3.50062e+06
3.50053e+06
3.50047e+06
3.50041e+06
3.50036e+06
3.50032e+06
3.50029e+06
3.50026e+06
3.50024e+06
3.50022e+06
3.5002e+06
3.50019e+06
3.50017e+06
3.50016e+06
3.50015e+06
3.50015e+06
3.50014e+06
3.50013e+06
3.50013e+06
3.50013e+06
3.50012e+06
3.50012e+06
3.50012e+06
3.50012e+06
3.50012e+06
3.50012e+06
3.50012e+06
3.50012e+06
3.50012e+06
3.50012e+06
3.50012e+06
3.50012e+06
3.50012e+06
3.50847e+06
3.50559e+06
3.50535e+06
3.50395e+06
3.50347e+06
3.50273e+06
3.50231e+06
3.50188e+06
3.50157e+06
3.50131e+06
3.5011e+06
3.50093e+06
3.50079e+06
3.50067e+06
3.50058e+06
3.5005e+06
3.50044e+06
3.50039e+06
3.50034e+06
3.50031e+06
3.50028e+06
3.50025e+06
3.50023e+06
3.50021e+06
3.50019e+06
3.50018e+06
3.50017e+06
3.50016e+06
3.50015e+06
3.50014e+06
3.50014e+06
3.50013e+06
3.50013e+06
3.50012e+06
3.50012e+06
3.50012e+06
3.50012e+06
3.50012e+06
3.50012e+06
3.50012e+06
3.50012e+06
3.50012e+06
3.50012e+06
3.50012e+06
3.50012e+06
3.50012e+06
3.50012e+06
3.51411e+06
3.50827e+06
3.5071e+06
3.50468e+06
3.50384e+06
3.50281e+06
3.50228e+06
3.50179e+06
3.50148e+06
3.50121e+06
3.50101e+06
3.50085e+06
3.50073e+06
3.50062e+06
3.50054e+06
3.50047e+06
3.50041e+06
3.50036e+06
3.50032e+06
3.50029e+06
3.50026e+06
3.50024e+06
3.50022e+06
3.5002e+06
3.50019e+06
3.50017e+06
3.50016e+06
3.50015e+06
3.50015e+06
3.50014e+06
3.50013e+06
3.50013e+06
3.50012e+06
3.50012e+06
3.50012e+06
3.50012e+06
3.50012e+06
3.50011e+06
3.50011e+06
3.50011e+06
3.50012e+06
3.50012e+06
3.50012e+06
3.50012e+06
3.50012e+06
3.50012e+06
3.50012e+06
3.5081e+06
3.50331e+06
3.50441e+06
3.50276e+06
3.50272e+06
3.50206e+06
3.50181e+06
3.50147e+06
3.50125e+06
3.50104e+06
3.50089e+06
3.50075e+06
3.50065e+06
3.50056e+06
3.50049e+06
3.50043e+06
3.50038e+06
3.50033e+06
3.5003e+06
3.50027e+06
3.50024e+06
3.50022e+06
3.50021e+06
3.50019e+06
3.50018e+06
3.50017e+06
3.50016e+06
3.50015e+06
3.50014e+06
3.50014e+06
3.50013e+06
3.50013e+06
3.50012e+06
3.50012e+06
3.50012e+06
3.50012e+06
3.50011e+06
3.50011e+06
3.50011e+06
3.50011e+06
3.50011e+06
3.50012e+06
3.50012e+06
3.50012e+06
3.50012e+06
3.50012e+06
3.50012e+06
3.51315e+06
3.50501e+06
3.50541e+06
3.50294e+06
3.50269e+06
3.50187e+06
3.50159e+06
3.50126e+06
3.50106e+06
3.50089e+06
3.50076e+06
3.50065e+06
3.50056e+06
3.50049e+06
3.50043e+06
3.50038e+06
3.50034e+06
3.5003e+06
3.50027e+06
3.50025e+06
3.50023e+06
3.50021e+06
3.50019e+06
3.50018e+06
3.50017e+06
3.50016e+06
3.50015e+06
3.50014e+06
3.50014e+06
3.50013e+06
3.50013e+06
3.50012e+06
3.50012e+06
3.50012e+06
3.50011e+06
3.50011e+06
3.50011e+06
3.50011e+06
3.50011e+06
3.50011e+06
3.50011e+06
3.50011e+06
3.50012e+06
3.50012e+06
3.50012e+06
3.50012e+06
3.50012e+06
3.50345e+06
3.49798e+06
3.50161e+06
3.50047e+06
3.50119e+06
3.50089e+06
3.50095e+06
3.50081e+06
3.50074e+06
3.50065e+06
3.50058e+06
3.50051e+06
3.50045e+06
3.5004e+06
3.50036e+06
3.50032e+06
3.50029e+06
3.50027e+06
3.50024e+06
3.50022e+06
3.50021e+06
3.50019e+06
3.50018e+06
3.50017e+06
3.50016e+06
3.50015e+06
3.50014e+06
3.50014e+06
3.50013e+06
3.50013e+06
3.50012e+06
3.50012e+06
3.50012e+06
3.50011e+06
3.50011e+06
3.50011e+06
3.50011e+06
3.50011e+06
3.50011e+06
3.50011e+06
3.50011e+06
3.50011e+06
3.50012e+06
3.50012e+06
3.50012e+06
3.50012e+06
3.50012e+06
)
;

boundaryField
{
    inlet
    {
        type            fixedValue;
        value           nonuniform List<scalar> 0();
    }
    outlet
    {
        type            fixedValue;
        value           nonuniform List<scalar> 0();
    }
    walls
    {
        type            fixedFluxPressure;
        gradient        uniform 0;
        value           nonuniform List<scalar> 
170
(
3.50345e+06
3.49798e+06
3.50161e+06
3.50047e+06
3.50119e+06
3.50089e+06
3.50095e+06
3.50081e+06
3.50074e+06
3.50065e+06
3.50058e+06
3.50051e+06
3.50045e+06
3.5004e+06
3.50036e+06
3.50032e+06
3.50029e+06
3.50027e+06
3.50024e+06
3.50022e+06
3.50021e+06
3.50019e+06
3.50018e+06
3.50017e+06
3.50016e+06
3.50015e+06
3.50014e+06
3.50014e+06
3.50013e+06
3.50013e+06
3.50012e+06
3.50012e+06
3.50012e+06
3.50011e+06
3.50011e+06
3.50011e+06
3.50011e+06
3.50011e+06
3.50011e+06
3.50011e+06
3.50011e+06
3.50011e+06
3.50012e+06
3.50012e+06
3.50012e+06
3.50012e+06
3.50012e+06
3.50345e+06
3.49798e+06
3.50161e+06
3.50047e+06
3.50119e+06
3.50089e+06
3.50095e+06
3.50081e+06
3.50074e+06
3.50065e+06
3.50058e+06
3.50051e+06
3.50045e+06
3.5004e+06
3.50036e+06
3.50032e+06
3.50029e+06
3.50027e+06
3.50024e+06
3.50022e+06
3.50021e+06
3.50019e+06
3.50018e+06
3.50017e+06
3.50016e+06
3.50015e+06
3.50014e+06
3.50014e+06
3.50013e+06
3.50013e+06
3.50012e+06
3.50012e+06
3.50012e+06
3.50011e+06
3.50011e+06
3.50011e+06
3.50011e+06
3.50011e+06
3.50011e+06
3.50011e+06
3.50011e+06
3.50011e+06
3.50012e+06
3.50012e+06
3.50012e+06
3.50012e+06
3.50012e+06
3.50012e+06
3.50013e+06
3.50013e+06
3.50013e+06
3.50013e+06
3.50013e+06
3.50013e+06
3.50013e+06
3.50013e+06
3.50013e+06
3.50013e+06
3.50013e+06
3.50013e+06
3.50013e+06
3.50013e+06
3.50013e+06
3.50013e+06
3.50013e+06
3.50013e+06
3.50013e+06
3.50013e+06
3.50013e+06
3.50013e+06
3.50013e+06
3.50013e+06
3.50013e+06
3.50013e+06
3.50013e+06
3.50013e+06
3.50013e+06
3.50012e+06
3.50012e+06
3.50012e+06
3.50012e+06
3.50012e+06
3.50012e+06
3.50012e+06
3.50012e+06
3.50012e+06
3.50013e+06
3.50013e+06
3.50013e+06
3.50013e+06
3.50013e+06
3.50013e+06
3.50013e+06
3.50013e+06
3.50013e+06
3.50013e+06
3.50013e+06
3.50013e+06
3.50013e+06
3.50013e+06
3.50013e+06
3.50013e+06
3.50013e+06
3.50013e+06
3.50013e+06
3.50013e+06
3.50013e+06
3.50013e+06
3.50013e+06
3.50013e+06
3.50013e+06
3.50013e+06
3.50013e+06
3.50013e+06
3.50013e+06
3.50012e+06
3.50012e+06
3.50012e+06
3.50012e+06
3.50012e+06
3.50012e+06
3.50012e+06
3.50012e+06
)
;
    }
    side1
    {
        type            cyclic;
    }
    side2
    {
        type            cyclic;
    }
    procBoundary0to1
    {
        type            processor;
        value           nonuniform List<scalar> 
76
(
3.50021e+06
3.50022e+06
3.50023e+06
3.50024e+06
3.50026e+06
3.50028e+06
3.5003e+06
3.50032e+06
3.50035e+06
3.50038e+06
3.50042e+06
3.50046e+06
3.50052e+06
3.50057e+06
3.50065e+06
3.50072e+06
3.50085e+06
3.50094e+06
3.50113e+06
3.50126e+06
3.50156e+06
3.50172e+06
3.50219e+06
3.50238e+06
3.50346e+06
3.50311e+06
3.50311e+06
3.50369e+06
3.50571e+06
3.5053e+06
3.50869e+06
3.50714e+06
3.51252e+06
3.50787e+06
3.5153e+06
3.50324e+06
3.50982e+06
3.48741e+06
3.50021e+06
3.50022e+06
3.50023e+06
3.50024e+06
3.50026e+06
3.50028e+06
3.5003e+06
3.50032e+06
3.50035e+06
3.50038e+06
3.50042e+06
3.50046e+06
3.50052e+06
3.50057e+06
3.50065e+06
3.50072e+06
3.50085e+06
3.50094e+06
3.50113e+06
3.50126e+06
3.50156e+06
3.50172e+06
3.50219e+06
3.50238e+06
3.50346e+06
3.50311e+06
3.50311e+06
3.50369e+06
3.50571e+06
3.5053e+06
3.50869e+06
3.50714e+06
3.51252e+06
3.50787e+06
3.5153e+06
3.50324e+06
3.50982e+06
3.48741e+06
)
;
    }
    procBoundary0to3
    {
        type            processor;
        value           nonuniform List<scalar> 
42
(
3.50012e+06
3.50012e+06
3.50012e+06
3.50012e+06
3.50012e+06
3.50012e+06
3.50012e+06
3.50012e+06
3.50012e+06
3.50012e+06
3.50012e+06
3.50012e+06
3.50012e+06
3.50015e+06
3.50014e+06
3.50014e+06
3.50014e+06
3.50013e+06
3.50013e+06
3.50013e+06
3.50013e+06
3.50012e+06
3.50012e+06
3.50012e+06
3.50012e+06
3.50012e+06
3.50012e+06
3.50012e+06
3.50012e+06
3.50012e+06
3.50012e+06
3.50012e+06
3.50012e+06
3.50012e+06
3.50015e+06
3.50014e+06
3.50014e+06
3.50014e+06
3.50013e+06
3.50013e+06
3.50013e+06
3.50013e+06
)
;
    }
    procBoundary0to4
    {
        type            processor;
        value           nonuniform List<scalar> 
52
(
3.5002e+06
3.5002e+06
3.5002e+06
3.50021e+06
3.50021e+06
3.50021e+06
3.50021e+06
3.50021e+06
3.50021e+06
3.50021e+06
3.50021e+06
3.50021e+06
3.5002e+06
3.5002e+06
3.5002e+06
3.50019e+06
3.50019e+06
3.50019e+06
3.50018e+06
3.50018e+06
3.50017e+06
3.50017e+06
3.50016e+06
3.50016e+06
3.50016e+06
3.50015e+06
3.5002e+06
3.5002e+06
3.5002e+06
3.50021e+06
3.50021e+06
3.50021e+06
3.50021e+06
3.50021e+06
3.50021e+06
3.50021e+06
3.50021e+06
3.50021e+06
3.5002e+06
3.5002e+06
3.5002e+06
3.50019e+06
3.50019e+06
3.50019e+06
3.50018e+06
3.50018e+06
3.50017e+06
3.50017e+06
3.50016e+06
3.50016e+06
3.50016e+06
3.50015e+06
)
;
    }
}


// ************************************************************************* //
