/*--------------------------------*- C++ -*----------------------------------*\
| =========                 |                                                 |
| \\      /  F ield         | OpenFOAM: The Open Source CFD Toolbox           |
|  \\    /   O peration     | Version:  v2012                                 |
|   \\  /    A nd           | Website:  www.openfoam.com                      |
|    \\/     M anipulation  |                                                 |
\*---------------------------------------------------------------------------*/
FoamFile
{
    version     2.0;
    format      ascii;
    class       volScalarField;
    location    "0.05";
    object      p_rgh;
}
// * * * * * * * * * * * * * * * * * * * * * * * * * * * * * * * * * * * * * //

dimensions      [1 -1 -2 0 0 0 0];


internalField   nonuniform List<scalar> 
3320
(
4.49051e+06
4.49318e+06
4.49501e+06
4.4963e+06
4.49723e+06
4.4979e+06
4.49839e+06
4.49876e+06
4.49903e+06
4.49924e+06
4.4994e+06
4.49952e+06
4.49961e+06
4.49968e+06
4.49974e+06
4.49978e+06
4.49982e+06
4.49984e+06
4.49987e+06
4.49989e+06
4.4999e+06
4.49991e+06
4.49992e+06
4.49993e+06
4.49994e+06
4.49995e+06
4.49995e+06
4.49996e+06
4.49996e+06
4.49997e+06
4.49997e+06
4.49997e+06
4.49998e+06
4.49998e+06
4.49998e+06
4.49998e+06
4.49998e+06
4.49999e+06
4.49999e+06
4.49999e+06
4.49999e+06
4.49999e+06
4.49999e+06
4.49101e+06
4.49346e+06
4.49518e+06
4.4964e+06
4.49728e+06
4.49793e+06
4.49841e+06
4.49876e+06
4.49903e+06
4.49924e+06
4.49939e+06
4.49951e+06
4.49961e+06
4.49968e+06
4.49973e+06
4.49978e+06
4.49981e+06
4.49984e+06
4.49987e+06
4.49988e+06
4.4999e+06
4.49991e+06
4.49992e+06
4.49993e+06
4.49994e+06
4.49995e+06
4.49995e+06
4.49996e+06
4.49996e+06
4.49997e+06
4.49997e+06
4.49997e+06
4.49998e+06
4.49998e+06
4.49998e+06
4.49998e+06
4.49998e+06
4.49999e+06
4.49999e+06
4.49999e+06
4.49999e+06
4.49999e+06
4.49999e+06
4.49164e+06
4.49384e+06
4.49541e+06
4.49654e+06
4.49738e+06
4.49799e+06
4.49845e+06
4.49879e+06
4.49905e+06
4.49925e+06
4.4994e+06
4.49952e+06
4.49961e+06
4.49968e+06
4.49973e+06
4.49978e+06
4.49981e+06
4.49984e+06
4.49986e+06
4.49988e+06
4.4999e+06
4.49991e+06
4.49992e+06
4.49993e+06
4.49994e+06
4.49995e+06
4.49995e+06
4.49996e+06
4.49996e+06
4.49997e+06
4.49997e+06
4.49997e+06
4.49998e+06
4.49998e+06
4.49998e+06
4.49998e+06
4.49998e+06
4.49999e+06
4.49999e+06
4.49999e+06
4.49999e+06
4.49999e+06
4.49999e+06
4.49248e+06
4.49436e+06
4.49574e+06
4.49675e+06
4.49751e+06
4.49808e+06
4.49851e+06
4.49883e+06
4.49908e+06
4.49927e+06
4.49941e+06
4.49952e+06
4.49961e+06
4.49968e+06
4.49974e+06
4.49978e+06
4.49981e+06
4.49984e+06
4.49987e+06
4.49988e+06
4.4999e+06
4.49991e+06
4.49992e+06
4.49993e+06
4.49994e+06
4.49995e+06
4.49995e+06
4.49996e+06
4.49996e+06
4.49997e+06
4.49997e+06
4.49997e+06
4.49998e+06
4.49998e+06
4.49998e+06
4.49998e+06
4.49998e+06
4.49999e+06
4.49999e+06
4.49999e+06
4.49999e+06
4.49999e+06
4.49999e+06
4.49332e+06
4.4949e+06
4.49609e+06
4.49699e+06
4.49767e+06
4.49818e+06
4.49858e+06
4.49888e+06
4.49911e+06
4.49929e+06
4.49943e+06
4.49954e+06
4.49962e+06
4.49969e+06
4.49974e+06
4.49978e+06
4.49982e+06
4.49984e+06
4.49987e+06
4.49988e+06
4.4999e+06
4.49991e+06
4.49992e+06
4.49993e+06
4.49994e+06
4.49995e+06
4.49995e+06
4.49996e+06
4.49996e+06
4.49997e+06
4.49997e+06
4.49997e+06
4.49998e+06
4.49998e+06
4.49998e+06
4.49998e+06
4.49998e+06
4.49999e+06
4.49999e+06
4.49999e+06
4.49999e+06
4.49999e+06
4.49999e+06
4.49415e+06
4.49545e+06
4.49646e+06
4.49724e+06
4.49784e+06
4.4983e+06
4.49866e+06
4.49893e+06
4.49915e+06
4.49932e+06
4.49945e+06
4.49955e+06
4.49963e+06
4.4997e+06
4.49975e+06
4.49979e+06
4.49982e+06
4.49985e+06
4.49987e+06
4.49989e+06
4.4999e+06
4.49991e+06
4.49992e+06
4.49993e+06
4.49994e+06
4.49995e+06
4.49995e+06
4.49996e+06
4.49996e+06
4.49997e+06
4.49997e+06
4.49997e+06
4.49998e+06
4.49998e+06
4.49998e+06
4.49998e+06
4.49998e+06
4.49999e+06
4.49999e+06
4.49999e+06
4.49999e+06
4.49999e+06
4.49999e+06
4.49491e+06
4.49597e+06
4.49682e+06
4.49749e+06
4.49801e+06
4.49842e+06
4.49874e+06
4.49899e+06
4.49919e+06
4.49935e+06
4.49947e+06
4.49957e+06
4.49964e+06
4.4997e+06
4.49975e+06
4.49979e+06
4.49982e+06
4.49985e+06
4.49987e+06
4.49989e+06
4.4999e+06
4.49991e+06
4.49992e+06
4.49993e+06
4.49994e+06
4.49995e+06
4.49995e+06
4.49996e+06
4.49996e+06
4.49997e+06
4.49997e+06
4.49997e+06
4.49998e+06
4.49998e+06
4.49998e+06
4.49998e+06
4.49999e+06
4.49999e+06
4.49999e+06
4.49999e+06
4.49999e+06
4.49999e+06
4.49999e+06
4.49559e+06
4.49646e+06
4.49716e+06
4.49773e+06
4.49818e+06
4.49854e+06
4.49883e+06
4.49906e+06
4.49924e+06
4.49938e+06
4.49949e+06
4.49958e+06
4.49966e+06
4.49971e+06
4.49976e+06
4.4998e+06
4.49983e+06
4.49985e+06
4.49987e+06
4.49989e+06
4.4999e+06
4.49992e+06
4.49993e+06
4.49993e+06
4.49994e+06
4.49995e+06
4.49995e+06
4.49996e+06
4.49996e+06
4.49997e+06
4.49997e+06
4.49997e+06
4.49998e+06
4.49998e+06
4.49998e+06
4.49998e+06
4.49999e+06
4.49999e+06
4.49999e+06
4.49999e+06
4.49999e+06
4.49999e+06
4.49999e+06
4.49619e+06
4.49689e+06
4.49748e+06
4.49795e+06
4.49834e+06
4.49866e+06
4.49891e+06
4.49912e+06
4.49928e+06
4.49941e+06
4.49952e+06
4.4996e+06
4.49967e+06
4.49972e+06
4.49977e+06
4.4998e+06
4.49983e+06
4.49986e+06
4.49988e+06
4.49989e+06
4.49991e+06
4.49992e+06
4.49993e+06
4.49994e+06
4.49994e+06
4.49995e+06
4.49996e+06
4.49996e+06
4.49996e+06
4.49997e+06
4.49997e+06
4.49998e+06
4.49998e+06
4.49998e+06
4.49998e+06
4.49998e+06
4.49999e+06
4.49999e+06
4.49999e+06
4.49999e+06
4.49999e+06
4.49999e+06
4.49999e+06
4.49671e+06
4.49728e+06
4.49776e+06
4.49816e+06
4.4985e+06
4.49877e+06
4.499e+06
4.49918e+06
4.49933e+06
4.49945e+06
4.49954e+06
4.49962e+06
4.49968e+06
4.49973e+06
4.49978e+06
4.49981e+06
4.49984e+06
4.49986e+06
4.49988e+06
4.49989e+06
4.49991e+06
4.49992e+06
4.49993e+06
4.49994e+06
4.49994e+06
4.49995e+06
4.49996e+06
4.49996e+06
4.49997e+06
4.49997e+06
4.49997e+06
4.49998e+06
4.49998e+06
4.49998e+06
4.49998e+06
4.49998e+06
4.49999e+06
4.49999e+06
4.49999e+06
4.49999e+06
4.49999e+06
4.49999e+06
4.49999e+06
4.49802e+06
4.49836e+06
4.49864e+06
4.49888e+06
4.49908e+06
4.49924e+06
4.49937e+06
4.49948e+06
4.49957e+06
4.49964e+06
4.4997e+06
4.49975e+06
4.49978e+06
4.49982e+06
4.49984e+06
4.49986e+06
4.49988e+06
4.4999e+06
4.49991e+06
4.49992e+06
4.49993e+06
4.49994e+06
4.49995e+06
4.49995e+06
4.49996e+06
4.49996e+06
4.49997e+06
4.49997e+06
4.49997e+06
4.49998e+06
4.49998e+06
4.49998e+06
4.49998e+06
4.49998e+06
4.49999e+06
4.49999e+06
4.49999e+06
4.49999e+06
4.49999e+06
4.49999e+06
4.49999e+06
4.49824e+06
4.49853e+06
4.49878e+06
4.49898e+06
4.49915e+06
4.4993e+06
4.49942e+06
4.49951e+06
4.49959e+06
4.49966e+06
4.49971e+06
4.49976e+06
4.49979e+06
4.49982e+06
4.49985e+06
4.49987e+06
4.49989e+06
4.4999e+06
4.49991e+06
4.49992e+06
4.49993e+06
4.49994e+06
4.49995e+06
4.49995e+06
4.49996e+06
4.49996e+06
4.49997e+06
4.49997e+06
4.49997e+06
4.49998e+06
4.49998e+06
4.49998e+06
4.49998e+06
4.49998e+06
4.49999e+06
4.49999e+06
4.49999e+06
4.49999e+06
4.49999e+06
4.49999e+06
4.49999e+06
4.49844e+06
4.49869e+06
4.4989e+06
4.49907e+06
4.49923e+06
4.49935e+06
4.49946e+06
4.49955e+06
4.49962e+06
4.49968e+06
4.49973e+06
4.49977e+06
4.4998e+06
4.49983e+06
4.49985e+06
4.49987e+06
4.49989e+06
4.4999e+06
4.49991e+06
4.49992e+06
4.49993e+06
4.49994e+06
4.49995e+06
4.49995e+06
4.49996e+06
4.49996e+06
4.49997e+06
4.49997e+06
4.49997e+06
4.49998e+06
4.49998e+06
4.49998e+06
4.49998e+06
4.49998e+06
4.49999e+06
4.49999e+06
4.49999e+06
4.49999e+06
4.49999e+06
4.49999e+06
4.49999e+06
4.49862e+06
4.49883e+06
4.49901e+06
4.49916e+06
4.49929e+06
4.4994e+06
4.4995e+06
4.49958e+06
4.49964e+06
4.4997e+06
4.49974e+06
4.49978e+06
4.49981e+06
4.49984e+06
4.49986e+06
4.49988e+06
4.49989e+06
4.49991e+06
4.49992e+06
4.49993e+06
4.49994e+06
4.49994e+06
4.49995e+06
4.49995e+06
4.49996e+06
4.49996e+06
4.49997e+06
4.49997e+06
4.49997e+06
4.49998e+06
4.49998e+06
4.49998e+06
4.49998e+06
4.49999e+06
4.49999e+06
4.49999e+06
4.49999e+06
4.49999e+06
4.49999e+06
4.49999e+06
4.49999e+06
4.49878e+06
4.49895e+06
4.4991e+06
4.49924e+06
4.49935e+06
4.49945e+06
4.49954e+06
4.49961e+06
4.49967e+06
4.49972e+06
4.49976e+06
4.49979e+06
4.49982e+06
4.49985e+06
4.49987e+06
4.49988e+06
4.4999e+06
4.49991e+06
4.49992e+06
4.49993e+06
4.49994e+06
4.49994e+06
4.49995e+06
4.49996e+06
4.49996e+06
4.49996e+06
4.49997e+06
4.49997e+06
4.49998e+06
4.49998e+06
4.49998e+06
4.49998e+06
4.49998e+06
4.49999e+06
4.49999e+06
4.49999e+06
4.49999e+06
4.49999e+06
4.49999e+06
4.49999e+06
4.49999e+06
4.49891e+06
4.49906e+06
4.49919e+06
4.49931e+06
4.49941e+06
4.4995e+06
4.49957e+06
4.49963e+06
4.49969e+06
4.49973e+06
4.49977e+06
4.4998e+06
4.49983e+06
4.49985e+06
4.49987e+06
4.49989e+06
4.4999e+06
4.49991e+06
4.49992e+06
4.49993e+06
4.49994e+06
4.49995e+06
4.49995e+06
4.49996e+06
4.49996e+06
4.49997e+06
4.49997e+06
4.49997e+06
4.49998e+06
4.49998e+06
4.49998e+06
4.49998e+06
4.49998e+06
4.49999e+06
4.49999e+06
4.49999e+06
4.49999e+06
4.49999e+06
4.49999e+06
4.49999e+06
4.49999e+06
4.49903e+06
4.49916e+06
4.49927e+06
4.49937e+06
4.49946e+06
4.49954e+06
4.4996e+06
4.49966e+06
4.49971e+06
4.49975e+06
4.49978e+06
4.49981e+06
4.49984e+06
4.49986e+06
4.49988e+06
4.49989e+06
4.49991e+06
4.49992e+06
4.49993e+06
4.49993e+06
4.49994e+06
4.49995e+06
4.49995e+06
4.49996e+06
4.49996e+06
4.49997e+06
4.49997e+06
4.49997e+06
4.49998e+06
4.49998e+06
4.49998e+06
4.49998e+06
4.49998e+06
4.49999e+06
4.49999e+06
4.49999e+06
4.49999e+06
4.49999e+06
4.49999e+06
4.49999e+06
4.49999e+06
4.49914e+06
4.49925e+06
4.49935e+06
4.49943e+06
4.49951e+06
4.49958e+06
4.49964e+06
4.49969e+06
4.49973e+06
4.49977e+06
4.4998e+06
4.49982e+06
4.49985e+06
4.49987e+06
4.49988e+06
4.4999e+06
4.49991e+06
4.49992e+06
4.49993e+06
4.49994e+06
4.49994e+06
4.49995e+06
4.49996e+06
4.49996e+06
4.49996e+06
4.49997e+06
4.49997e+06
4.49997e+06
4.49998e+06
4.49998e+06
4.49998e+06
4.49998e+06
4.49999e+06
4.49999e+06
4.49999e+06
4.49999e+06
4.49999e+06
4.49999e+06
4.49999e+06
4.49999e+06
4.49999e+06
4.49923e+06
4.49933e+06
4.49941e+06
4.49949e+06
4.49955e+06
4.49961e+06
4.49966e+06
4.49971e+06
4.49975e+06
4.49978e+06
4.49981e+06
4.49984e+06
4.49986e+06
4.49987e+06
4.49989e+06
4.4999e+06
4.49991e+06
4.49992e+06
4.49993e+06
4.49994e+06
4.49995e+06
4.49995e+06
4.49996e+06
4.49996e+06
4.49997e+06
4.49997e+06
4.49997e+06
4.49998e+06
4.49998e+06
4.49998e+06
4.49998e+06
4.49998e+06
4.49999e+06
4.49999e+06
4.49999e+06
4.49999e+06
4.49999e+06
4.49999e+06
4.49999e+06
4.49999e+06
4.49999e+06
4.49932e+06
4.4994e+06
4.49947e+06
4.49953e+06
4.49959e+06
4.49965e+06
4.49969e+06
4.49973e+06
4.49977e+06
4.4998e+06
4.49982e+06
4.49985e+06
4.49986e+06
4.49988e+06
4.4999e+06
4.49991e+06
4.49992e+06
4.49993e+06
4.49993e+06
4.49994e+06
4.49995e+06
4.49995e+06
4.49996e+06
4.49996e+06
4.49997e+06
4.49997e+06
4.49997e+06
4.49998e+06
4.49998e+06
4.49998e+06
4.49998e+06
4.49998e+06
4.49999e+06
4.49999e+06
4.49999e+06
4.49999e+06
4.49999e+06
4.49999e+06
4.49999e+06
4.49999e+06
4.49999e+06
4.49939e+06
4.49946e+06
4.49952e+06
4.49958e+06
4.49963e+06
4.49968e+06
4.49972e+06
4.49975e+06
4.49978e+06
4.49981e+06
4.49983e+06
4.49986e+06
4.49987e+06
4.49989e+06
4.4999e+06
4.49991e+06
4.49992e+06
4.49993e+06
4.49994e+06
4.49994e+06
4.49995e+06
4.49996e+06
4.49996e+06
4.49996e+06
4.49997e+06
4.49997e+06
4.49997e+06
4.49998e+06
4.49998e+06
4.49998e+06
4.49998e+06
4.49999e+06
4.49999e+06
4.49999e+06
4.49999e+06
4.49999e+06
4.49999e+06
4.49999e+06
4.49999e+06
4.49999e+06
4.49999e+06
4.49945e+06
4.49951e+06
4.49957e+06
4.49962e+06
4.49966e+06
4.4997e+06
4.49974e+06
4.49977e+06
4.4998e+06
4.49983e+06
4.49985e+06
4.49986e+06
4.49988e+06
4.49989e+06
4.49991e+06
4.49992e+06
4.49993e+06
4.49993e+06
4.49994e+06
4.49995e+06
4.49995e+06
4.49996e+06
4.49996e+06
4.49997e+06
4.49997e+06
4.49997e+06
4.49998e+06
4.49998e+06
4.49998e+06
4.49998e+06
4.49998e+06
4.49999e+06
4.49999e+06
4.49999e+06
4.49999e+06
4.49999e+06
4.49999e+06
4.49999e+06
4.49999e+06
4.49999e+06
4.49999e+06
4.49951e+06
4.49956e+06
4.49961e+06
4.49966e+06
4.4997e+06
4.49973e+06
4.49976e+06
4.49979e+06
4.49982e+06
4.49984e+06
4.49986e+06
4.49987e+06
4.49989e+06
4.4999e+06
4.49991e+06
4.49992e+06
4.49993e+06
4.49994e+06
4.49994e+06
4.49995e+06
4.49996e+06
4.49996e+06
4.49996e+06
4.49997e+06
4.49997e+06
4.49997e+06
4.49998e+06
4.49998e+06
4.49998e+06
4.49998e+06
4.49999e+06
4.49999e+06
4.49999e+06
4.49999e+06
4.49999e+06
4.49999e+06
4.49999e+06
4.49999e+06
4.49999e+06
4.49999e+06
4.49999e+06
4.49956e+06
4.49961e+06
4.49965e+06
4.49969e+06
4.49972e+06
4.49976e+06
4.49978e+06
4.49981e+06
4.49983e+06
4.49985e+06
4.49987e+06
4.49988e+06
4.4999e+06
4.49991e+06
4.49992e+06
4.49993e+06
4.49993e+06
4.49994e+06
4.49995e+06
4.49995e+06
4.49996e+06
4.49996e+06
4.49997e+06
4.49997e+06
4.49997e+06
4.49998e+06
4.49998e+06
4.49998e+06
4.49998e+06
4.49998e+06
4.49999e+06
4.49999e+06
4.49999e+06
4.49999e+06
4.49999e+06
4.49999e+06
4.49999e+06
4.49999e+06
4.49999e+06
4.49999e+06
4.49999e+06
4.49961e+06
4.49965e+06
4.49969e+06
4.49972e+06
4.49975e+06
4.49978e+06
4.4998e+06
4.49982e+06
4.49984e+06
4.49986e+06
4.49988e+06
4.49989e+06
4.4999e+06
4.49991e+06
4.49992e+06
4.49993e+06
4.49994e+06
4.49994e+06
4.49995e+06
4.49996e+06
4.49996e+06
4.49996e+06
4.49997e+06
4.49997e+06
4.49997e+06
4.49998e+06
4.49998e+06
4.49998e+06
4.49998e+06
4.49998e+06
4.49999e+06
4.49999e+06
4.49999e+06
4.49999e+06
4.49999e+06
4.49999e+06
4.49999e+06
4.49999e+06
4.49999e+06
4.49999e+06
4.49999e+06
4.49965e+06
4.49969e+06
4.49972e+06
4.49975e+06
4.49977e+06
4.4998e+06
4.49982e+06
4.49984e+06
4.49986e+06
4.49987e+06
4.49989e+06
4.4999e+06
4.49991e+06
4.49992e+06
4.49993e+06
4.49994e+06
4.49994e+06
4.49995e+06
4.49995e+06
4.49996e+06
4.49996e+06
4.49997e+06
4.49997e+06
4.49997e+06
4.49998e+06
4.49998e+06
4.49998e+06
4.49998e+06
4.49998e+06
4.49999e+06
4.49999e+06
4.49999e+06
4.49999e+06
4.49999e+06
4.49999e+06
4.49999e+06
4.49999e+06
4.49999e+06
4.49999e+06
4.49999e+06
4.49999e+06
4.49969e+06
4.49972e+06
4.49975e+06
4.49977e+06
4.4998e+06
4.49982e+06
4.49984e+06
4.49985e+06
4.49987e+06
4.49988e+06
4.4999e+06
4.49991e+06
4.49992e+06
4.49993e+06
4.49993e+06
4.49994e+06
4.49995e+06
4.49995e+06
4.49996e+06
4.49996e+06
4.49996e+06
4.49997e+06
4.49997e+06
4.49997e+06
4.49998e+06
4.49998e+06
4.49998e+06
4.49998e+06
4.49999e+06
4.49999e+06
4.49999e+06
4.49999e+06
4.49999e+06
4.49999e+06
4.49999e+06
4.49999e+06
4.49999e+06
4.49999e+06
4.49999e+06
4.49999e+06
4.49999e+06
4.49973e+06
4.49975e+06
4.49977e+06
4.4998e+06
4.49982e+06
4.49984e+06
4.49985e+06
4.49987e+06
4.49988e+06
4.49989e+06
4.49991e+06
4.49992e+06
4.49992e+06
4.49993e+06
4.49994e+06
4.49994e+06
4.49995e+06
4.49996e+06
4.49996e+06
4.49996e+06
4.49997e+06
4.49997e+06
4.49997e+06
4.49998e+06
4.49998e+06
4.49998e+06
4.49998e+06
4.49998e+06
4.49999e+06
4.49999e+06
4.49999e+06
4.49999e+06
4.49999e+06
4.49999e+06
4.49999e+06
4.49999e+06
4.49999e+06
4.49999e+06
4.49999e+06
4.49999e+06
4.49999e+06
4.49976e+06
4.49978e+06
4.4998e+06
4.49982e+06
4.49984e+06
4.49985e+06
4.49987e+06
4.49988e+06
4.49989e+06
4.4999e+06
4.49991e+06
4.49992e+06
4.49993e+06
4.49994e+06
4.49994e+06
4.49995e+06
4.49995e+06
4.49996e+06
4.49996e+06
4.49997e+06
4.49997e+06
4.49997e+06
4.49998e+06
4.49998e+06
4.49998e+06
4.49998e+06
4.49998e+06
4.49999e+06
4.49999e+06
4.49999e+06
4.49999e+06
4.49999e+06
4.49999e+06
4.49999e+06
4.49999e+06
4.49999e+06
4.49999e+06
4.49999e+06
4.5e+06
4.5e+06
4.5e+06
4.49979e+06
4.4998e+06
4.49982e+06
4.49984e+06
4.49986e+06
4.49987e+06
4.49988e+06
4.49989e+06
4.4999e+06
4.49991e+06
4.49992e+06
4.49993e+06
4.49994e+06
4.49994e+06
4.49995e+06
4.49995e+06
4.49996e+06
4.49996e+06
4.49997e+06
4.49997e+06
4.49997e+06
4.49998e+06
4.49998e+06
4.49998e+06
4.49998e+06
4.49998e+06
4.49999e+06
4.49999e+06
4.49999e+06
4.49999e+06
4.49999e+06
4.49999e+06
4.49999e+06
4.49999e+06
4.49999e+06
4.49999e+06
4.49999e+06
4.5e+06
4.5e+06
4.5e+06
4.5e+06
4.49981e+06
4.49983e+06
4.49984e+06
4.49986e+06
4.49987e+06
4.49988e+06
4.4999e+06
4.49991e+06
4.49992e+06
4.49992e+06
4.49993e+06
4.49994e+06
4.49994e+06
4.49995e+06
4.49995e+06
4.49996e+06
4.49996e+06
4.49997e+06
4.49997e+06
4.49997e+06
4.49997e+06
4.49998e+06
4.49998e+06
4.49998e+06
4.49998e+06
4.49999e+06
4.49999e+06
4.49999e+06
4.49999e+06
4.49999e+06
4.49999e+06
4.49999e+06
4.49999e+06
4.49999e+06
4.49999e+06
4.49999e+06
4.5e+06
4.5e+06
4.5e+06
4.5e+06
4.5e+06
4.49984e+06
4.49985e+06
4.49986e+06
4.49988e+06
4.49989e+06
4.4999e+06
4.49991e+06
4.49992e+06
4.49993e+06
4.49993e+06
4.49994e+06
4.49994e+06
4.49995e+06
4.49995e+06
4.49996e+06
4.49996e+06
4.49997e+06
4.49997e+06
4.49997e+06
4.49998e+06
4.49998e+06
4.49998e+06
4.49998e+06
4.49998e+06
4.49999e+06
4.49999e+06
4.49999e+06
4.49999e+06
4.49999e+06
4.49999e+06
4.49999e+06
4.49999e+06
4.49999e+06
4.49999e+06
4.49999e+06
4.5e+06
4.5e+06
4.5e+06
4.5e+06
4.5e+06
4.5e+06
4.49986e+06
4.49987e+06
4.49988e+06
4.49989e+06
4.4999e+06
4.49991e+06
4.49992e+06
4.49993e+06
4.49993e+06
4.49994e+06
4.49995e+06
4.49995e+06
4.49996e+06
4.49996e+06
4.49996e+06
4.49997e+06
4.49997e+06
4.49997e+06
4.49998e+06
4.49998e+06
4.49998e+06
4.49998e+06
4.49998e+06
4.49999e+06
4.49999e+06
4.49999e+06
4.49999e+06
4.49999e+06
4.49999e+06
4.49999e+06
4.49999e+06
4.49999e+06
4.49999e+06
4.49999e+06
4.5e+06
4.5e+06
4.5e+06
4.5e+06
4.5e+06
4.5e+06
4.5e+06
4.49988e+06
4.49989e+06
4.4999e+06
4.49991e+06
4.49992e+06
4.49993e+06
4.49993e+06
4.49994e+06
4.49994e+06
4.49995e+06
4.49995e+06
4.49996e+06
4.49996e+06
4.49997e+06
4.49997e+06
4.49997e+06
4.49997e+06
4.49998e+06
4.49998e+06
4.49998e+06
4.49998e+06
4.49998e+06
4.49999e+06
4.49999e+06
4.49999e+06
4.49999e+06
4.49999e+06
4.49999e+06
4.49999e+06
4.49999e+06
4.49999e+06
4.49999e+06
4.5e+06
4.5e+06
4.5e+06
4.5e+06
4.5e+06
4.5e+06
4.5e+06
4.5e+06
4.5e+06
4.4999e+06
4.49991e+06
4.49992e+06
4.49992e+06
4.49993e+06
4.49994e+06
4.49994e+06
4.49995e+06
4.49995e+06
4.49996e+06
4.49996e+06
4.49997e+06
4.49997e+06
4.49997e+06
4.49997e+06
4.49998e+06
4.49998e+06
4.49998e+06
4.49998e+06
4.49998e+06
4.49999e+06
4.49999e+06
4.49999e+06
4.49999e+06
4.49999e+06
4.49999e+06
4.49999e+06
4.49999e+06
4.49999e+06
4.49999e+06
4.49999e+06
4.5e+06
4.5e+06
4.5e+06
4.5e+06
4.5e+06
4.5e+06
4.5e+06
4.5e+06
4.5e+06
4.5e+06
4.49992e+06
4.49993e+06
4.49993e+06
4.49994e+06
4.49994e+06
4.49995e+06
4.49995e+06
4.49996e+06
4.49996e+06
4.49997e+06
4.49997e+06
4.49997e+06
4.49997e+06
4.49998e+06
4.49998e+06
4.49998e+06
4.49998e+06
4.49998e+06
4.49999e+06
4.49999e+06
4.49999e+06
4.49999e+06
4.49999e+06
4.49999e+06
4.49999e+06
4.49999e+06
4.49999e+06
4.49999e+06
4.49999e+06
4.5e+06
4.5e+06
4.5e+06
4.5e+06
4.5e+06
4.5e+06
4.5e+06
4.5e+06
4.5e+06
4.5e+06
4.5e+06
4.5e+06
4.49994e+06
4.49995e+06
4.49995e+06
4.49995e+06
4.49996e+06
4.49996e+06
4.49996e+06
4.49997e+06
4.49997e+06
4.49997e+06
4.49998e+06
4.49998e+06
4.49998e+06
4.49998e+06
4.49998e+06
4.49998e+06
4.49999e+06
4.49999e+06
4.49999e+06
4.49999e+06
4.49999e+06
4.49999e+06
4.49999e+06
4.49999e+06
4.49999e+06
4.49999e+06
4.49999e+06
4.5e+06
4.5e+06
4.5e+06
4.5e+06
4.5e+06
4.5e+06
4.5e+06
4.5e+06
4.5e+06
4.5e+06
4.5e+06
4.5e+06
4.5e+06
4.5e+06
4.49996e+06
4.49996e+06
4.49996e+06
4.49997e+06
4.49997e+06
4.49997e+06
4.49998e+06
4.49998e+06
4.49998e+06
4.49998e+06
4.49998e+06
4.49998e+06
4.49999e+06
4.49999e+06
4.49999e+06
4.49999e+06
4.49999e+06
4.49999e+06
4.49999e+06
4.49999e+06
4.49999e+06
4.49999e+06
4.49999e+06
4.49999e+06
4.5e+06
4.5e+06
4.5e+06
4.5e+06
4.5e+06
4.5e+06
4.5e+06
4.5e+06
4.5e+06
4.5e+06
4.5e+06
4.5e+06
4.5e+06
4.5e+06
4.5e+06
4.5e+06
4.5e+06
4.49998e+06
4.49998e+06
4.49998e+06
4.49998e+06
4.49998e+06
4.49998e+06
4.49999e+06
4.49999e+06
4.49999e+06
4.49999e+06
4.49999e+06
4.49999e+06
4.49999e+06
4.49999e+06
4.49999e+06
4.49999e+06
4.49999e+06
4.49999e+06
4.5e+06
4.5e+06
4.5e+06
4.5e+06
4.5e+06
4.5e+06
4.5e+06
4.5e+06
4.5e+06
4.5e+06
4.5e+06
4.5e+06
4.5e+06
4.5e+06
4.5e+06
4.5e+06
4.5e+06
4.5e+06
4.5e+06
4.5e+06
4.5e+06
4.5e+06
4.5e+06
4.5e+06
4.5e+06
4.5e+06
4.5e+06
4.5e+06
4.5e+06
4.5e+06
4.5e+06
4.5e+06
4.5e+06
4.5e+06
4.5e+06
4.5e+06
4.5e+06
4.5e+06
4.5e+06
4.5e+06
4.5e+06
4.5e+06
4.5e+06
4.5e+06
4.5e+06
4.5e+06
4.5e+06
4.5e+06
4.5e+06
4.5e+06
4.5e+06
4.5e+06
4.5e+06
4.5e+06
4.5e+06
4.5e+06
4.5e+06
4.5e+06
4.5e+06
4.5e+06
4.5e+06
4.5e+06
4.5e+06
4.5e+06
4.49051e+06
4.49318e+06
4.49501e+06
4.4963e+06
4.49723e+06
4.4979e+06
4.49839e+06
4.49876e+06
4.49903e+06
4.49924e+06
4.4994e+06
4.49952e+06
4.49961e+06
4.49968e+06
4.49974e+06
4.49978e+06
4.49982e+06
4.49984e+06
4.49987e+06
4.49989e+06
4.4999e+06
4.49991e+06
4.49992e+06
4.49993e+06
4.49994e+06
4.49995e+06
4.49995e+06
4.49996e+06
4.49996e+06
4.49997e+06
4.49997e+06
4.49997e+06
4.49998e+06
4.49998e+06
4.49998e+06
4.49998e+06
4.49998e+06
4.49999e+06
4.49999e+06
4.49999e+06
4.49999e+06
4.49999e+06
4.49999e+06
4.49101e+06
4.49346e+06
4.49518e+06
4.4964e+06
4.49728e+06
4.49793e+06
4.49841e+06
4.49876e+06
4.49903e+06
4.49924e+06
4.49939e+06
4.49951e+06
4.49961e+06
4.49968e+06
4.49973e+06
4.49978e+06
4.49981e+06
4.49984e+06
4.49987e+06
4.49988e+06
4.4999e+06
4.49991e+06
4.49992e+06
4.49993e+06
4.49994e+06
4.49995e+06
4.49995e+06
4.49996e+06
4.49996e+06
4.49997e+06
4.49997e+06
4.49997e+06
4.49998e+06
4.49998e+06
4.49998e+06
4.49998e+06
4.49998e+06
4.49999e+06
4.49999e+06
4.49999e+06
4.49999e+06
4.49999e+06
4.49999e+06
4.49164e+06
4.49384e+06
4.49541e+06
4.49654e+06
4.49738e+06
4.49799e+06
4.49845e+06
4.49879e+06
4.49905e+06
4.49925e+06
4.4994e+06
4.49952e+06
4.49961e+06
4.49968e+06
4.49973e+06
4.49978e+06
4.49981e+06
4.49984e+06
4.49986e+06
4.49988e+06
4.4999e+06
4.49991e+06
4.49992e+06
4.49993e+06
4.49994e+06
4.49995e+06
4.49995e+06
4.49996e+06
4.49996e+06
4.49997e+06
4.49997e+06
4.49997e+06
4.49998e+06
4.49998e+06
4.49998e+06
4.49998e+06
4.49998e+06
4.49999e+06
4.49999e+06
4.49999e+06
4.49999e+06
4.49999e+06
4.49999e+06
4.49248e+06
4.49436e+06
4.49574e+06
4.49675e+06
4.49751e+06
4.49808e+06
4.49851e+06
4.49883e+06
4.49908e+06
4.49927e+06
4.49941e+06
4.49952e+06
4.49961e+06
4.49968e+06
4.49974e+06
4.49978e+06
4.49981e+06
4.49984e+06
4.49987e+06
4.49988e+06
4.4999e+06
4.49991e+06
4.49992e+06
4.49993e+06
4.49994e+06
4.49995e+06
4.49995e+06
4.49996e+06
4.49996e+06
4.49997e+06
4.49997e+06
4.49997e+06
4.49998e+06
4.49998e+06
4.49998e+06
4.49998e+06
4.49998e+06
4.49999e+06
4.49999e+06
4.49999e+06
4.49999e+06
4.49999e+06
4.49999e+06
4.49332e+06
4.4949e+06
4.49609e+06
4.49699e+06
4.49767e+06
4.49818e+06
4.49858e+06
4.49888e+06
4.49911e+06
4.49929e+06
4.49943e+06
4.49954e+06
4.49962e+06
4.49969e+06
4.49974e+06
4.49978e+06
4.49982e+06
4.49984e+06
4.49987e+06
4.49988e+06
4.4999e+06
4.49991e+06
4.49992e+06
4.49993e+06
4.49994e+06
4.49995e+06
4.49995e+06
4.49996e+06
4.49996e+06
4.49997e+06
4.49997e+06
4.49997e+06
4.49998e+06
4.49998e+06
4.49998e+06
4.49998e+06
4.49998e+06
4.49999e+06
4.49999e+06
4.49999e+06
4.49999e+06
4.49999e+06
4.49999e+06
4.49415e+06
4.49545e+06
4.49646e+06
4.49724e+06
4.49784e+06
4.4983e+06
4.49866e+06
4.49893e+06
4.49915e+06
4.49932e+06
4.49945e+06
4.49955e+06
4.49963e+06
4.4997e+06
4.49975e+06
4.49979e+06
4.49982e+06
4.49985e+06
4.49987e+06
4.49989e+06
4.4999e+06
4.49991e+06
4.49992e+06
4.49993e+06
4.49994e+06
4.49995e+06
4.49995e+06
4.49996e+06
4.49996e+06
4.49997e+06
4.49997e+06
4.49997e+06
4.49998e+06
4.49998e+06
4.49998e+06
4.49998e+06
4.49998e+06
4.49999e+06
4.49999e+06
4.49999e+06
4.49999e+06
4.49999e+06
4.49999e+06
4.49491e+06
4.49597e+06
4.49682e+06
4.49749e+06
4.49801e+06
4.49842e+06
4.49874e+06
4.49899e+06
4.49919e+06
4.49935e+06
4.49947e+06
4.49957e+06
4.49964e+06
4.4997e+06
4.49975e+06
4.49979e+06
4.49982e+06
4.49985e+06
4.49987e+06
4.49989e+06
4.4999e+06
4.49991e+06
4.49992e+06
4.49993e+06
4.49994e+06
4.49995e+06
4.49995e+06
4.49996e+06
4.49996e+06
4.49997e+06
4.49997e+06
4.49997e+06
4.49998e+06
4.49998e+06
4.49998e+06
4.49998e+06
4.49999e+06
4.49999e+06
4.49999e+06
4.49999e+06
4.49999e+06
4.49999e+06
4.49999e+06
4.49559e+06
4.49646e+06
4.49716e+06
4.49773e+06
4.49818e+06
4.49854e+06
4.49883e+06
4.49906e+06
4.49924e+06
4.49938e+06
4.49949e+06
4.49958e+06
4.49966e+06
4.49971e+06
4.49976e+06
4.4998e+06
4.49983e+06
4.49985e+06
4.49987e+06
4.49989e+06
4.4999e+06
4.49992e+06
4.49993e+06
4.49993e+06
4.49994e+06
4.49995e+06
4.49995e+06
4.49996e+06
4.49996e+06
4.49997e+06
4.49997e+06
4.49997e+06
4.49998e+06
4.49998e+06
4.49998e+06
4.49998e+06
4.49999e+06
4.49999e+06
4.49999e+06
4.49999e+06
4.49999e+06
4.49999e+06
4.49999e+06
4.49619e+06
4.49689e+06
4.49748e+06
4.49795e+06
4.49834e+06
4.49866e+06
4.49891e+06
4.49912e+06
4.49928e+06
4.49941e+06
4.49952e+06
4.4996e+06
4.49967e+06
4.49972e+06
4.49977e+06
4.4998e+06
4.49983e+06
4.49986e+06
4.49988e+06
4.49989e+06
4.49991e+06
4.49992e+06
4.49993e+06
4.49994e+06
4.49994e+06
4.49995e+06
4.49996e+06
4.49996e+06
4.49996e+06
4.49997e+06
4.49997e+06
4.49998e+06
4.49998e+06
4.49998e+06
4.49998e+06
4.49998e+06
4.49999e+06
4.49999e+06
4.49999e+06
4.49999e+06
4.49999e+06
4.49999e+06
4.49999e+06
4.49671e+06
4.49728e+06
4.49776e+06
4.49816e+06
4.4985e+06
4.49877e+06
4.499e+06
4.49918e+06
4.49933e+06
4.49945e+06
4.49954e+06
4.49962e+06
4.49968e+06
4.49973e+06
4.49978e+06
4.49981e+06
4.49984e+06
4.49986e+06
4.49988e+06
4.49989e+06
4.49991e+06
4.49992e+06
4.49993e+06
4.49994e+06
4.49994e+06
4.49995e+06
4.49996e+06
4.49996e+06
4.49997e+06
4.49997e+06
4.49997e+06
4.49998e+06
4.49998e+06
4.49998e+06
4.49998e+06
4.49998e+06
4.49999e+06
4.49999e+06
4.49999e+06
4.49999e+06
4.49999e+06
4.49999e+06
4.49999e+06
4.49802e+06
4.49836e+06
4.49864e+06
4.49888e+06
4.49908e+06
4.49924e+06
4.49937e+06
4.49948e+06
4.49957e+06
4.49964e+06
4.4997e+06
4.49975e+06
4.49978e+06
4.49982e+06
4.49984e+06
4.49986e+06
4.49988e+06
4.4999e+06
4.49991e+06
4.49992e+06
4.49993e+06
4.49994e+06
4.49995e+06
4.49995e+06
4.49996e+06
4.49996e+06
4.49997e+06
4.49997e+06
4.49997e+06
4.49998e+06
4.49998e+06
4.49998e+06
4.49998e+06
4.49998e+06
4.49999e+06
4.49999e+06
4.49999e+06
4.49999e+06
4.49999e+06
4.49999e+06
4.49999e+06
4.49824e+06
4.49853e+06
4.49878e+06
4.49898e+06
4.49915e+06
4.4993e+06
4.49942e+06
4.49951e+06
4.49959e+06
4.49966e+06
4.49971e+06
4.49976e+06
4.49979e+06
4.49982e+06
4.49985e+06
4.49987e+06
4.49989e+06
4.4999e+06
4.49991e+06
4.49992e+06
4.49993e+06
4.49994e+06
4.49995e+06
4.49995e+06
4.49996e+06
4.49996e+06
4.49997e+06
4.49997e+06
4.49997e+06
4.49998e+06
4.49998e+06
4.49998e+06
4.49998e+06
4.49998e+06
4.49999e+06
4.49999e+06
4.49999e+06
4.49999e+06
4.49999e+06
4.49999e+06
4.49999e+06
4.49844e+06
4.49869e+06
4.4989e+06
4.49907e+06
4.49923e+06
4.49935e+06
4.49946e+06
4.49955e+06
4.49962e+06
4.49968e+06
4.49973e+06
4.49977e+06
4.4998e+06
4.49983e+06
4.49985e+06
4.49987e+06
4.49989e+06
4.4999e+06
4.49991e+06
4.49992e+06
4.49993e+06
4.49994e+06
4.49995e+06
4.49995e+06
4.49996e+06
4.49996e+06
4.49997e+06
4.49997e+06
4.49997e+06
4.49998e+06
4.49998e+06
4.49998e+06
4.49998e+06
4.49998e+06
4.49999e+06
4.49999e+06
4.49999e+06
4.49999e+06
4.49999e+06
4.49999e+06
4.49999e+06
4.49862e+06
4.49883e+06
4.49901e+06
4.49916e+06
4.49929e+06
4.4994e+06
4.4995e+06
4.49958e+06
4.49964e+06
4.4997e+06
4.49974e+06
4.49978e+06
4.49981e+06
4.49984e+06
4.49986e+06
4.49988e+06
4.49989e+06
4.49991e+06
4.49992e+06
4.49993e+06
4.49994e+06
4.49994e+06
4.49995e+06
4.49995e+06
4.49996e+06
4.49996e+06
4.49997e+06
4.49997e+06
4.49997e+06
4.49998e+06
4.49998e+06
4.49998e+06
4.49998e+06
4.49999e+06
4.49999e+06
4.49999e+06
4.49999e+06
4.49999e+06
4.49999e+06
4.49999e+06
4.49999e+06
4.49878e+06
4.49895e+06
4.4991e+06
4.49924e+06
4.49935e+06
4.49945e+06
4.49954e+06
4.49961e+06
4.49967e+06
4.49972e+06
4.49976e+06
4.49979e+06
4.49982e+06
4.49985e+06
4.49987e+06
4.49988e+06
4.4999e+06
4.49991e+06
4.49992e+06
4.49993e+06
4.49994e+06
4.49994e+06
4.49995e+06
4.49996e+06
4.49996e+06
4.49996e+06
4.49997e+06
4.49997e+06
4.49998e+06
4.49998e+06
4.49998e+06
4.49998e+06
4.49998e+06
4.49999e+06
4.49999e+06
4.49999e+06
4.49999e+06
4.49999e+06
4.49999e+06
4.49999e+06
4.49999e+06
4.49891e+06
4.49906e+06
4.49919e+06
4.49931e+06
4.49941e+06
4.4995e+06
4.49957e+06
4.49963e+06
4.49969e+06
4.49973e+06
4.49977e+06
4.4998e+06
4.49983e+06
4.49985e+06
4.49987e+06
4.49989e+06
4.4999e+06
4.49991e+06
4.49992e+06
4.49993e+06
4.49994e+06
4.49995e+06
4.49995e+06
4.49996e+06
4.49996e+06
4.49997e+06
4.49997e+06
4.49997e+06
4.49998e+06
4.49998e+06
4.49998e+06
4.49998e+06
4.49998e+06
4.49999e+06
4.49999e+06
4.49999e+06
4.49999e+06
4.49999e+06
4.49999e+06
4.49999e+06
4.49999e+06
4.49903e+06
4.49916e+06
4.49927e+06
4.49937e+06
4.49946e+06
4.49954e+06
4.4996e+06
4.49966e+06
4.49971e+06
4.49975e+06
4.49978e+06
4.49981e+06
4.49984e+06
4.49986e+06
4.49988e+06
4.49989e+06
4.49991e+06
4.49992e+06
4.49993e+06
4.49993e+06
4.49994e+06
4.49995e+06
4.49995e+06
4.49996e+06
4.49996e+06
4.49997e+06
4.49997e+06
4.49997e+06
4.49998e+06
4.49998e+06
4.49998e+06
4.49998e+06
4.49998e+06
4.49999e+06
4.49999e+06
4.49999e+06
4.49999e+06
4.49999e+06
4.49999e+06
4.49999e+06
4.49999e+06
4.49914e+06
4.49925e+06
4.49935e+06
4.49943e+06
4.49951e+06
4.49958e+06
4.49964e+06
4.49969e+06
4.49973e+06
4.49977e+06
4.4998e+06
4.49982e+06
4.49985e+06
4.49987e+06
4.49988e+06
4.4999e+06
4.49991e+06
4.49992e+06
4.49993e+06
4.49994e+06
4.49994e+06
4.49995e+06
4.49996e+06
4.49996e+06
4.49996e+06
4.49997e+06
4.49997e+06
4.49997e+06
4.49998e+06
4.49998e+06
4.49998e+06
4.49998e+06
4.49999e+06
4.49999e+06
4.49999e+06
4.49999e+06
4.49999e+06
4.49999e+06
4.49999e+06
4.49999e+06
4.49999e+06
4.49923e+06
4.49933e+06
4.49941e+06
4.49949e+06
4.49955e+06
4.49961e+06
4.49966e+06
4.49971e+06
4.49975e+06
4.49978e+06
4.49981e+06
4.49984e+06
4.49986e+06
4.49987e+06
4.49989e+06
4.4999e+06
4.49991e+06
4.49992e+06
4.49993e+06
4.49994e+06
4.49995e+06
4.49995e+06
4.49996e+06
4.49996e+06
4.49997e+06
4.49997e+06
4.49997e+06
4.49998e+06
4.49998e+06
4.49998e+06
4.49998e+06
4.49998e+06
4.49999e+06
4.49999e+06
4.49999e+06
4.49999e+06
4.49999e+06
4.49999e+06
4.49999e+06
4.49999e+06
4.49999e+06
4.49932e+06
4.4994e+06
4.49947e+06
4.49953e+06
4.49959e+06
4.49965e+06
4.49969e+06
4.49973e+06
4.49977e+06
4.4998e+06
4.49982e+06
4.49985e+06
4.49986e+06
4.49988e+06
4.4999e+06
4.49991e+06
4.49992e+06
4.49993e+06
4.49993e+06
4.49994e+06
4.49995e+06
4.49995e+06
4.49996e+06
4.49996e+06
4.49997e+06
4.49997e+06
4.49997e+06
4.49998e+06
4.49998e+06
4.49998e+06
4.49998e+06
4.49998e+06
4.49999e+06
4.49999e+06
4.49999e+06
4.49999e+06
4.49999e+06
4.49999e+06
4.49999e+06
4.49999e+06
4.49999e+06
4.49939e+06
4.49946e+06
4.49952e+06
4.49958e+06
4.49963e+06
4.49968e+06
4.49972e+06
4.49975e+06
4.49978e+06
4.49981e+06
4.49983e+06
4.49986e+06
4.49987e+06
4.49989e+06
4.4999e+06
4.49991e+06
4.49992e+06
4.49993e+06
4.49994e+06
4.49994e+06
4.49995e+06
4.49996e+06
4.49996e+06
4.49996e+06
4.49997e+06
4.49997e+06
4.49997e+06
4.49998e+06
4.49998e+06
4.49998e+06
4.49998e+06
4.49999e+06
4.49999e+06
4.49999e+06
4.49999e+06
4.49999e+06
4.49999e+06
4.49999e+06
4.49999e+06
4.49999e+06
4.49999e+06
4.49945e+06
4.49951e+06
4.49957e+06
4.49962e+06
4.49966e+06
4.4997e+06
4.49974e+06
4.49977e+06
4.4998e+06
4.49983e+06
4.49985e+06
4.49986e+06
4.49988e+06
4.49989e+06
4.49991e+06
4.49992e+06
4.49993e+06
4.49993e+06
4.49994e+06
4.49995e+06
4.49995e+06
4.49996e+06
4.49996e+06
4.49997e+06
4.49997e+06
4.49997e+06
4.49998e+06
4.49998e+06
4.49998e+06
4.49998e+06
4.49998e+06
4.49999e+06
4.49999e+06
4.49999e+06
4.49999e+06
4.49999e+06
4.49999e+06
4.49999e+06
4.49999e+06
4.49999e+06
4.49999e+06
4.49951e+06
4.49956e+06
4.49961e+06
4.49966e+06
4.4997e+06
4.49973e+06
4.49976e+06
4.49979e+06
4.49982e+06
4.49984e+06
4.49986e+06
4.49987e+06
4.49989e+06
4.4999e+06
4.49991e+06
4.49992e+06
4.49993e+06
4.49994e+06
4.49994e+06
4.49995e+06
4.49996e+06
4.49996e+06
4.49996e+06
4.49997e+06
4.49997e+06
4.49997e+06
4.49998e+06
4.49998e+06
4.49998e+06
4.49998e+06
4.49999e+06
4.49999e+06
4.49999e+06
4.49999e+06
4.49999e+06
4.49999e+06
4.49999e+06
4.49999e+06
4.49999e+06
4.49999e+06
4.49999e+06
4.49956e+06
4.49961e+06
4.49965e+06
4.49969e+06
4.49972e+06
4.49976e+06
4.49978e+06
4.49981e+06
4.49983e+06
4.49985e+06
4.49987e+06
4.49988e+06
4.4999e+06
4.49991e+06
4.49992e+06
4.49993e+06
4.49993e+06
4.49994e+06
4.49995e+06
4.49995e+06
4.49996e+06
4.49996e+06
4.49997e+06
4.49997e+06
4.49997e+06
4.49998e+06
4.49998e+06
4.49998e+06
4.49998e+06
4.49998e+06
4.49999e+06
4.49999e+06
4.49999e+06
4.49999e+06
4.49999e+06
4.49999e+06
4.49999e+06
4.49999e+06
4.49999e+06
4.49999e+06
4.49999e+06
4.49961e+06
4.49965e+06
4.49969e+06
4.49972e+06
4.49975e+06
4.49978e+06
4.4998e+06
4.49982e+06
4.49984e+06
4.49986e+06
4.49988e+06
4.49989e+06
4.4999e+06
4.49991e+06
4.49992e+06
4.49993e+06
4.49994e+06
4.49994e+06
4.49995e+06
4.49996e+06
4.49996e+06
4.49996e+06
4.49997e+06
4.49997e+06
4.49997e+06
4.49998e+06
4.49998e+06
4.49998e+06
4.49998e+06
4.49998e+06
4.49999e+06
4.49999e+06
4.49999e+06
4.49999e+06
4.49999e+06
4.49999e+06
4.49999e+06
4.49999e+06
4.49999e+06
4.49999e+06
4.49999e+06
4.49965e+06
4.49969e+06
4.49972e+06
4.49975e+06
4.49977e+06
4.4998e+06
4.49982e+06
4.49984e+06
4.49986e+06
4.49987e+06
4.49989e+06
4.4999e+06
4.49991e+06
4.49992e+06
4.49993e+06
4.49994e+06
4.49994e+06
4.49995e+06
4.49995e+06
4.49996e+06
4.49996e+06
4.49997e+06
4.49997e+06
4.49997e+06
4.49998e+06
4.49998e+06
4.49998e+06
4.49998e+06
4.49998e+06
4.49999e+06
4.49999e+06
4.49999e+06
4.49999e+06
4.49999e+06
4.49999e+06
4.49999e+06
4.49999e+06
4.49999e+06
4.49999e+06
4.49999e+06
4.49999e+06
4.49969e+06
4.49972e+06
4.49975e+06
4.49977e+06
4.4998e+06
4.49982e+06
4.49984e+06
4.49985e+06
4.49987e+06
4.49988e+06
4.4999e+06
4.49991e+06
4.49992e+06
4.49993e+06
4.49993e+06
4.49994e+06
4.49995e+06
4.49995e+06
4.49996e+06
4.49996e+06
4.49996e+06
4.49997e+06
4.49997e+06
4.49997e+06
4.49998e+06
4.49998e+06
4.49998e+06
4.49998e+06
4.49999e+06
4.49999e+06
4.49999e+06
4.49999e+06
4.49999e+06
4.49999e+06
4.49999e+06
4.49999e+06
4.49999e+06
4.49999e+06
4.49999e+06
4.49999e+06
4.49999e+06
4.49973e+06
4.49975e+06
4.49977e+06
4.4998e+06
4.49982e+06
4.49984e+06
4.49985e+06
4.49987e+06
4.49988e+06
4.49989e+06
4.49991e+06
4.49992e+06
4.49992e+06
4.49993e+06
4.49994e+06
4.49994e+06
4.49995e+06
4.49996e+06
4.49996e+06
4.49996e+06
4.49997e+06
4.49997e+06
4.49997e+06
4.49998e+06
4.49998e+06
4.49998e+06
4.49998e+06
4.49998e+06
4.49999e+06
4.49999e+06
4.49999e+06
4.49999e+06
4.49999e+06
4.49999e+06
4.49999e+06
4.49999e+06
4.49999e+06
4.49999e+06
4.49999e+06
4.49999e+06
4.49999e+06
4.49976e+06
4.49978e+06
4.4998e+06
4.49982e+06
4.49984e+06
4.49985e+06
4.49987e+06
4.49988e+06
4.49989e+06
4.4999e+06
4.49991e+06
4.49992e+06
4.49993e+06
4.49994e+06
4.49994e+06
4.49995e+06
4.49995e+06
4.49996e+06
4.49996e+06
4.49997e+06
4.49997e+06
4.49997e+06
4.49998e+06
4.49998e+06
4.49998e+06
4.49998e+06
4.49998e+06
4.49999e+06
4.49999e+06
4.49999e+06
4.49999e+06
4.49999e+06
4.49999e+06
4.49999e+06
4.49999e+06
4.49999e+06
4.49999e+06
4.49999e+06
4.5e+06
4.5e+06
4.5e+06
4.49979e+06
4.4998e+06
4.49982e+06
4.49984e+06
4.49986e+06
4.49987e+06
4.49988e+06
4.49989e+06
4.4999e+06
4.49991e+06
4.49992e+06
4.49993e+06
4.49994e+06
4.49994e+06
4.49995e+06
4.49995e+06
4.49996e+06
4.49996e+06
4.49997e+06
4.49997e+06
4.49997e+06
4.49998e+06
4.49998e+06
4.49998e+06
4.49998e+06
4.49998e+06
4.49999e+06
4.49999e+06
4.49999e+06
4.49999e+06
4.49999e+06
4.49999e+06
4.49999e+06
4.49999e+06
4.49999e+06
4.49999e+06
4.49999e+06
4.5e+06
4.5e+06
4.5e+06
4.5e+06
4.49981e+06
4.49983e+06
4.49984e+06
4.49986e+06
4.49987e+06
4.49988e+06
4.4999e+06
4.49991e+06
4.49992e+06
4.49992e+06
4.49993e+06
4.49994e+06
4.49994e+06
4.49995e+06
4.49995e+06
4.49996e+06
4.49996e+06
4.49997e+06
4.49997e+06
4.49997e+06
4.49997e+06
4.49998e+06
4.49998e+06
4.49998e+06
4.49998e+06
4.49999e+06
4.49999e+06
4.49999e+06
4.49999e+06
4.49999e+06
4.49999e+06
4.49999e+06
4.49999e+06
4.49999e+06
4.49999e+06
4.49999e+06
4.5e+06
4.5e+06
4.5e+06
4.5e+06
4.5e+06
4.49984e+06
4.49985e+06
4.49986e+06
4.49988e+06
4.49989e+06
4.4999e+06
4.49991e+06
4.49992e+06
4.49993e+06
4.49993e+06
4.49994e+06
4.49994e+06
4.49995e+06
4.49995e+06
4.49996e+06
4.49996e+06
4.49997e+06
4.49997e+06
4.49997e+06
4.49998e+06
4.49998e+06
4.49998e+06
4.49998e+06
4.49998e+06
4.49999e+06
4.49999e+06
4.49999e+06
4.49999e+06
4.49999e+06
4.49999e+06
4.49999e+06
4.49999e+06
4.49999e+06
4.49999e+06
4.49999e+06
4.5e+06
4.5e+06
4.5e+06
4.5e+06
4.5e+06
4.5e+06
4.49986e+06
4.49987e+06
4.49988e+06
4.49989e+06
4.4999e+06
4.49991e+06
4.49992e+06
4.49993e+06
4.49993e+06
4.49994e+06
4.49995e+06
4.49995e+06
4.49996e+06
4.49996e+06
4.49996e+06
4.49997e+06
4.49997e+06
4.49997e+06
4.49998e+06
4.49998e+06
4.49998e+06
4.49998e+06
4.49998e+06
4.49999e+06
4.49999e+06
4.49999e+06
4.49999e+06
4.49999e+06
4.49999e+06
4.49999e+06
4.49999e+06
4.49999e+06
4.49999e+06
4.49999e+06
4.5e+06
4.5e+06
4.5e+06
4.5e+06
4.5e+06
4.5e+06
4.5e+06
4.49988e+06
4.49989e+06
4.4999e+06
4.49991e+06
4.49992e+06
4.49993e+06
4.49993e+06
4.49994e+06
4.49994e+06
4.49995e+06
4.49995e+06
4.49996e+06
4.49996e+06
4.49997e+06
4.49997e+06
4.49997e+06
4.49997e+06
4.49998e+06
4.49998e+06
4.49998e+06
4.49998e+06
4.49998e+06
4.49999e+06
4.49999e+06
4.49999e+06
4.49999e+06
4.49999e+06
4.49999e+06
4.49999e+06
4.49999e+06
4.49999e+06
4.49999e+06
4.5e+06
4.5e+06
4.5e+06
4.5e+06
4.5e+06
4.5e+06
4.5e+06
4.5e+06
4.5e+06
4.4999e+06
4.49991e+06
4.49992e+06
4.49992e+06
4.49993e+06
4.49994e+06
4.49994e+06
4.49995e+06
4.49995e+06
4.49996e+06
4.49996e+06
4.49997e+06
4.49997e+06
4.49997e+06
4.49997e+06
4.49998e+06
4.49998e+06
4.49998e+06
4.49998e+06
4.49998e+06
4.49999e+06
4.49999e+06
4.49999e+06
4.49999e+06
4.49999e+06
4.49999e+06
4.49999e+06
4.49999e+06
4.49999e+06
4.49999e+06
4.49999e+06
4.5e+06
4.5e+06
4.5e+06
4.5e+06
4.5e+06
4.5e+06
4.5e+06
4.5e+06
4.5e+06
4.5e+06
4.49992e+06
4.49993e+06
4.49993e+06
4.49994e+06
4.49994e+06
4.49995e+06
4.49995e+06
4.49996e+06
4.49996e+06
4.49997e+06
4.49997e+06
4.49997e+06
4.49997e+06
4.49998e+06
4.49998e+06
4.49998e+06
4.49998e+06
4.49998e+06
4.49999e+06
4.49999e+06
4.49999e+06
4.49999e+06
4.49999e+06
4.49999e+06
4.49999e+06
4.49999e+06
4.49999e+06
4.49999e+06
4.49999e+06
4.5e+06
4.5e+06
4.5e+06
4.5e+06
4.5e+06
4.5e+06
4.5e+06
4.5e+06
4.5e+06
4.5e+06
4.5e+06
4.5e+06
4.49994e+06
4.49995e+06
4.49995e+06
4.49995e+06
4.49996e+06
4.49996e+06
4.49996e+06
4.49997e+06
4.49997e+06
4.49997e+06
4.49998e+06
4.49998e+06
4.49998e+06
4.49998e+06
4.49998e+06
4.49998e+06
4.49999e+06
4.49999e+06
4.49999e+06
4.49999e+06
4.49999e+06
4.49999e+06
4.49999e+06
4.49999e+06
4.49999e+06
4.49999e+06
4.49999e+06
4.5e+06
4.5e+06
4.5e+06
4.5e+06
4.5e+06
4.5e+06
4.5e+06
4.5e+06
4.5e+06
4.5e+06
4.5e+06
4.5e+06
4.5e+06
4.5e+06
4.49996e+06
4.49996e+06
4.49996e+06
4.49997e+06
4.49997e+06
4.49997e+06
4.49998e+06
4.49998e+06
4.49998e+06
4.49998e+06
4.49998e+06
4.49998e+06
4.49999e+06
4.49999e+06
4.49999e+06
4.49999e+06
4.49999e+06
4.49999e+06
4.49999e+06
4.49999e+06
4.49999e+06
4.49999e+06
4.49999e+06
4.49999e+06
4.5e+06
4.5e+06
4.5e+06
4.5e+06
4.5e+06
4.5e+06
4.5e+06
4.5e+06
4.5e+06
4.5e+06
4.5e+06
4.5e+06
4.5e+06
4.5e+06
4.5e+06
4.5e+06
4.5e+06
4.49998e+06
4.49998e+06
4.49998e+06
4.49998e+06
4.49998e+06
4.49998e+06
4.49999e+06
4.49999e+06
4.49999e+06
4.49999e+06
4.49999e+06
4.49999e+06
4.49999e+06
4.49999e+06
4.49999e+06
4.49999e+06
4.49999e+06
4.49999e+06
4.5e+06
4.5e+06
4.5e+06
4.5e+06
4.5e+06
4.5e+06
4.5e+06
4.5e+06
4.5e+06
4.5e+06
4.5e+06
4.5e+06
4.5e+06
4.5e+06
4.5e+06
4.5e+06
4.5e+06
4.5e+06
4.5e+06
4.5e+06
4.5e+06
4.5e+06
4.5e+06
4.5e+06
4.5e+06
4.5e+06
4.5e+06
4.5e+06
4.5e+06
4.5e+06
4.5e+06
4.5e+06
4.5e+06
4.5e+06
4.5e+06
4.5e+06
4.5e+06
4.5e+06
4.5e+06
4.5e+06
4.5e+06
4.5e+06
4.5e+06
4.5e+06
4.5e+06
4.5e+06
4.5e+06
4.5e+06
4.5e+06
4.5e+06
4.5e+06
4.5e+06
4.5e+06
4.5e+06
4.5e+06
4.5e+06
4.5e+06
4.5e+06
4.5e+06
4.5e+06
4.5e+06
4.5e+06
4.5e+06
4.5e+06
)
;

boundaryField
{
    inlet
    {
        type            fixedValue;
        value           uniform 4.5e+06;
    }
    outlet
    {
        type            fixedValue;
        value           nonuniform List<scalar> 0();
    }
    walls
    {
        type            fixedFluxPressure;
        gradient        uniform 0;
        value           nonuniform List<scalar> 
166
(
4.49999e+06
4.49999e+06
4.49999e+06
4.49999e+06
4.49999e+06
4.49999e+06
4.49999e+06
4.49999e+06
4.49999e+06
4.49999e+06
4.49999e+06
4.49999e+06
4.49999e+06
4.49999e+06
4.49999e+06
4.49999e+06
4.49999e+06
4.49999e+06
4.49999e+06
4.49999e+06
4.49999e+06
4.49999e+06
4.49999e+06
4.49999e+06
4.49999e+06
4.49999e+06
4.49999e+06
4.49999e+06
4.5e+06
4.5e+06
4.5e+06
4.5e+06
4.5e+06
4.5e+06
4.5e+06
4.5e+06
4.5e+06
4.5e+06
4.5e+06
4.5e+06
4.49999e+06
4.49999e+06
4.49999e+06
4.49999e+06
4.49999e+06
4.49999e+06
4.49999e+06
4.49999e+06
4.49999e+06
4.49999e+06
4.49999e+06
4.49999e+06
4.49999e+06
4.49999e+06
4.49999e+06
4.49999e+06
4.49999e+06
4.49999e+06
4.49999e+06
4.49999e+06
4.49999e+06
4.49999e+06
4.49999e+06
4.49999e+06
4.49999e+06
4.49999e+06
4.49999e+06
4.49999e+06
4.5e+06
4.5e+06
4.5e+06
4.5e+06
4.5e+06
4.5e+06
4.5e+06
4.5e+06
4.5e+06
4.5e+06
4.5e+06
4.5e+06
4.49051e+06
4.49318e+06
4.49501e+06
4.4963e+06
4.49723e+06
4.4979e+06
4.49839e+06
4.49876e+06
4.49903e+06
4.49924e+06
4.4994e+06
4.49952e+06
4.49961e+06
4.49968e+06
4.49974e+06
4.49978e+06
4.49982e+06
4.49984e+06
4.49987e+06
4.49989e+06
4.4999e+06
4.49991e+06
4.49992e+06
4.49993e+06
4.49994e+06
4.49995e+06
4.49995e+06
4.49996e+06
4.49996e+06
4.49997e+06
4.49997e+06
4.49997e+06
4.49998e+06
4.49998e+06
4.49998e+06
4.49998e+06
4.49998e+06
4.49999e+06
4.49999e+06
4.49999e+06
4.49999e+06
4.49999e+06
4.49999e+06
4.49051e+06
4.49318e+06
4.49501e+06
4.4963e+06
4.49723e+06
4.4979e+06
4.49839e+06
4.49876e+06
4.49903e+06
4.49924e+06
4.4994e+06
4.49952e+06
4.49961e+06
4.49968e+06
4.49974e+06
4.49978e+06
4.49982e+06
4.49984e+06
4.49987e+06
4.49989e+06
4.4999e+06
4.49991e+06
4.49992e+06
4.49993e+06
4.49994e+06
4.49995e+06
4.49995e+06
4.49996e+06
4.49996e+06
4.49997e+06
4.49997e+06
4.49997e+06
4.49998e+06
4.49998e+06
4.49998e+06
4.49998e+06
4.49998e+06
4.49999e+06
4.49999e+06
4.49999e+06
4.49999e+06
4.49999e+06
4.49999e+06
)
;
    }
    side1
    {
        type            cyclic;
    }
    side2
    {
        type            cyclic;
    }
    procBoundary2to1
    {
        type            processor;
        value           nonuniform List<scalar> 
84
(
4.48656e+06
4.48744e+06
4.48854e+06
4.48991e+06
4.49123e+06
4.49248e+06
4.49358e+06
4.49454e+06
4.49535e+06
4.49604e+06
4.49715e+06
4.49762e+06
4.49762e+06
4.49791e+06
4.49817e+06
4.49839e+06
4.49858e+06
4.49875e+06
4.49889e+06
4.49902e+06
4.49913e+06
4.49923e+06
4.49931e+06
4.49939e+06
4.49946e+06
4.49952e+06
4.49957e+06
4.49962e+06
4.49966e+06
4.4997e+06
4.49973e+06
4.49977e+06
4.4998e+06
4.49982e+06
4.49985e+06
4.49987e+06
4.49989e+06
4.49991e+06
4.49994e+06
4.49995e+06
4.49997e+06
4.5e+06
4.48656e+06
4.48744e+06
4.48854e+06
4.48991e+06
4.49123e+06
4.49248e+06
4.49358e+06
4.49454e+06
4.49535e+06
4.49604e+06
4.49715e+06
4.49762e+06
4.49762e+06
4.49791e+06
4.49817e+06
4.49839e+06
4.49858e+06
4.49875e+06
4.49889e+06
4.49902e+06
4.49913e+06
4.49923e+06
4.49931e+06
4.49939e+06
4.49946e+06
4.49952e+06
4.49957e+06
4.49962e+06
4.49966e+06
4.4997e+06
4.49973e+06
4.49977e+06
4.4998e+06
4.49982e+06
4.49985e+06
4.49987e+06
4.49989e+06
4.49991e+06
4.49994e+06
4.49995e+06
4.49997e+06
4.5e+06
)
;
    }
}


// ************************************************************************* //
