/*--------------------------------*- C++ -*----------------------------------*\
| =========                 |                                                 |
| \\      /  F ield         | OpenFOAM: The Open Source CFD Toolbox           |
|  \\    /   O peration     | Version:  v2012                                 |
|   \\  /    A nd           | Website:  www.openfoam.com                      |
|    \\/     M anipulation  |                                                 |
\*---------------------------------------------------------------------------*/
FoamFile
{
    version     2.0;
    format      ascii;
    class       volScalarField;
    location    "0.9";
    object      p;
}
// * * * * * * * * * * * * * * * * * * * * * * * * * * * * * * * * * * * * * //

dimensions      [1 -1 -2 0 0 0 0];


internalField   nonuniform List<scalar> 
3352
(
3.49806e+06
3.49922e+06
3.4989e+06
3.49864e+06
3.49819e+06
3.498e+06
3.49927e+06
3.49894e+06
3.49821e+06
3.49598e+06
3.496e+06
3.49675e+06
3.49786e+06
3.49864e+06
3.49928e+06
3.49988e+06
3.5004e+06
3.50079e+06
3.50106e+06
3.50123e+06
3.50132e+06
3.50135e+06
3.50134e+06
3.50131e+06
3.50125e+06
3.50118e+06
3.50111e+06
3.50102e+06
3.50093e+06
3.50084e+06
3.50074e+06
3.50064e+06
3.50053e+06
3.50042e+06
3.50031e+06
3.50019e+06
3.50006e+06
3.49992e+06
3.49975e+06
3.50147e+06
3.50096e+06
3.50144e+06
3.50189e+06
3.50275e+06
3.50277e+06
3.5034e+06
3.50268e+06
3.50313e+06
3.5018e+06
3.50205e+06
3.50182e+06
3.50213e+06
3.50167e+06
3.50109e+06
3.50063e+06
3.50036e+06
3.50019e+06
3.50011e+06
3.50007e+06
3.50007e+06
3.50008e+06
3.50011e+06
3.50013e+06
3.50016e+06
3.50018e+06
3.50019e+06
3.5002e+06
3.50019e+06
3.50018e+06
3.50016e+06
3.50012e+06
3.50008e+06
3.50002e+06
3.49995e+06
3.49987e+06
3.49977e+06
3.49966e+06
3.4995e+06
3.5012e+06
3.49911e+06
3.50116e+06
3.5e+06
3.50168e+06
3.50077e+06
3.50249e+06
3.50118e+06
3.50162e+06
3.49952e+06
3.49981e+06
3.49967e+06
3.50045e+06
3.50047e+06
3.50048e+06
3.50043e+06
3.50044e+06
3.50043e+06
3.50042e+06
3.50039e+06
3.50036e+06
3.50031e+06
3.50027e+06
3.50023e+06
3.50018e+06
3.50014e+06
3.50009e+06
3.50005e+06
3.5e+06
3.49995e+06
3.4999e+06
3.49985e+06
3.49979e+06
3.49973e+06
3.49966e+06
3.49958e+06
3.4995e+06
3.4994e+06
3.49928e+06
3.50385e+06
3.49889e+06
3.50318e+06
3.50044e+06
3.50324e+06
3.5016e+06
3.50364e+06
3.50222e+06
3.50302e+06
3.50126e+06
3.50187e+06
3.50143e+06
3.50194e+06
3.50154e+06
3.50121e+06
3.50081e+06
3.50056e+06
3.50034e+06
3.5002e+06
3.50009e+06
3.50001e+06
3.49996e+06
3.49991e+06
3.49988e+06
3.49985e+06
3.49982e+06
3.49978e+06
3.49975e+06
3.49971e+06
3.49967e+06
3.49962e+06
3.49957e+06
3.49952e+06
3.49946e+06
3.49939e+06
3.49932e+06
3.49924e+06
3.49916e+06
3.49905e+06
3.50461e+06
3.49719e+06
3.50407e+06
3.4994e+06
3.50337e+06
3.50094e+06
3.50326e+06
3.50155e+06
3.50222e+06
3.50015e+06
3.50091e+06
3.50049e+06
3.50114e+06
3.5009e+06
3.5008e+06
3.50056e+06
3.50042e+06
3.50026e+06
3.50014e+06
3.50002e+06
3.49992e+06
3.49983e+06
3.49976e+06
3.4997e+06
3.49964e+06
3.49959e+06
3.49954e+06
3.4995e+06
3.49945e+06
3.4994e+06
3.49935e+06
3.4993e+06
3.49925e+06
3.49919e+06
3.49913e+06
3.49906e+06
3.49899e+06
3.49891e+06
3.49883e+06
3.50655e+06
3.49619e+06
3.50551e+06
3.49918e+06
3.50401e+06
3.50103e+06
3.50329e+06
3.50176e+06
3.50235e+06
3.50051e+06
3.50142e+06
3.50095e+06
3.5015e+06
3.50113e+06
3.50094e+06
3.50061e+06
3.50039e+06
3.50016e+06
3.49998e+06
3.49983e+06
3.49971e+06
3.49961e+06
3.49952e+06
3.49945e+06
3.49939e+06
3.49933e+06
3.49928e+06
3.49923e+06
3.49918e+06
3.49913e+06
3.49909e+06
3.49903e+06
3.49898e+06
3.49893e+06
3.49887e+06
3.49881e+06
3.49874e+06
3.49867e+06
3.4986e+06
3.50723e+06
3.49551e+06
3.5061e+06
3.49879e+06
3.50396e+06
3.5008e+06
3.50266e+06
3.50143e+06
3.50162e+06
3.49983e+06
3.50076e+06
3.50037e+06
3.50094e+06
3.50066e+06
3.50058e+06
3.50033e+06
3.50016e+06
3.49997e+06
3.4998e+06
3.49965e+06
3.49952e+06
3.49941e+06
3.49931e+06
3.49923e+06
3.49915e+06
3.49909e+06
3.49903e+06
3.49897e+06
3.49892e+06
3.49887e+06
3.49882e+06
3.49877e+06
3.49872e+06
3.49866e+06
3.49861e+06
3.49855e+06
3.49849e+06
3.49843e+06
3.49837e+06
3.50724e+06
3.49564e+06
3.50598e+06
3.4989e+06
3.50363e+06
3.5008e+06
3.50189e+06
3.50127e+06
3.501e+06
3.49957e+06
3.50049e+06
3.50023e+06
3.50075e+06
3.50049e+06
3.50041e+06
3.50016e+06
3.49998e+06
3.49977e+06
3.4996e+06
3.49944e+06
3.4993e+06
3.49918e+06
3.49907e+06
3.49898e+06
3.49891e+06
3.49883e+06
3.49877e+06
3.49871e+06
3.49866e+06
3.4986e+06
3.49855e+06
3.4985e+06
3.49845e+06
3.4984e+06
3.49835e+06
3.4983e+06
3.49825e+06
3.4982e+06
3.49814e+06
3.50543e+06
3.4967e+06
3.50476e+06
3.49917e+06
3.5026e+06
3.50065e+06
3.50068e+06
3.50078e+06
3.49991e+06
3.49884e+06
3.49969e+06
3.49966e+06
3.50018e+06
3.50003e+06
3.50001e+06
3.49982e+06
3.49969e+06
3.49951e+06
3.49936e+06
3.4992e+06
3.49907e+06
3.49894e+06
3.49884e+06
3.49874e+06
3.49866e+06
3.49858e+06
3.49851e+06
3.49845e+06
3.49839e+06
3.49834e+06
3.49829e+06
3.49824e+06
3.49819e+06
3.49814e+06
3.49809e+06
3.49805e+06
3.498e+06
3.49796e+06
3.49791e+06
3.50262e+06
3.49836e+06
3.50253e+06
3.49965e+06
3.50107e+06
3.50041e+06
3.49929e+06
3.50013e+06
3.49869e+06
3.49813e+06
3.49896e+06
3.49919e+06
3.4997e+06
3.49965e+06
3.49966e+06
3.49952e+06
3.49941e+06
3.49925e+06
3.4991e+06
3.49895e+06
3.49882e+06
3.4987e+06
3.49859e+06
3.49849e+06
3.4984e+06
3.49832e+06
3.49825e+06
3.49819e+06
3.49813e+06
3.49807e+06
3.49802e+06
3.49797e+06
3.49792e+06
3.49788e+06
3.49784e+06
3.49779e+06
3.49775e+06
3.49772e+06
3.49768e+06
3.49882e+06
3.50058e+06
3.4996e+06
3.50015e+06
3.49911e+06
3.49992e+06
3.49776e+06
3.49917e+06
3.49725e+06
3.49717e+06
3.49801e+06
3.49852e+06
3.49907e+06
3.49915e+06
3.49922e+06
3.49915e+06
3.49908e+06
3.49895e+06
3.49882e+06
3.49868e+06
3.49856e+06
3.49844e+06
3.49833e+06
3.49823e+06
3.49814e+06
3.49806e+06
3.49799e+06
3.49792e+06
3.49786e+06
3.49781e+06
3.49776e+06
3.49771e+06
3.49766e+06
3.49762e+06
3.49758e+06
3.49754e+06
3.49751e+06
3.49747e+06
3.49745e+06
3.49485e+06
3.50268e+06
3.49647e+06
3.50046e+06
3.49708e+06
3.49919e+06
3.49631e+06
3.49801e+06
3.49585e+06
3.49617e+06
3.4971e+06
3.49788e+06
3.49848e+06
3.49868e+06
3.4988e+06
3.49879e+06
3.49875e+06
3.49865e+06
3.49853e+06
3.49841e+06
3.49829e+06
3.49818e+06
3.49807e+06
3.49797e+06
3.49788e+06
3.4978e+06
3.49773e+06
3.49766e+06
3.4976e+06
3.49754e+06
3.49749e+06
3.49744e+06
3.4974e+06
3.49736e+06
3.49732e+06
3.49729e+06
3.49726e+06
3.49723e+06
3.49721e+06
3.49117e+06
3.50415e+06
3.49361e+06
3.50048e+06
3.49529e+06
3.49825e+06
3.4951e+06
3.49673e+06
3.49455e+06
3.49511e+06
3.49618e+06
3.4972e+06
3.49786e+06
3.49818e+06
3.49836e+06
3.49841e+06
3.4984e+06
3.49833e+06
3.49824e+06
3.49813e+06
3.49802e+06
3.49791e+06
3.4978e+06
3.49771e+06
3.49762e+06
3.49753e+06
3.49746e+06
3.49739e+06
3.49733e+06
3.49727e+06
3.49722e+06
3.49718e+06
3.49713e+06
3.4971e+06
3.49706e+06
3.49703e+06
3.49701e+06
3.49699e+06
3.49697e+06
3.48906e+06
3.50437e+06
3.4918e+06
3.50001e+06
3.49409e+06
3.49724e+06
3.49432e+06
3.49555e+06
3.49358e+06
3.49418e+06
3.49541e+06
3.49658e+06
3.49731e+06
3.49772e+06
3.49795e+06
3.49805e+06
3.49807e+06
3.49802e+06
3.49794e+06
3.49785e+06
3.49774e+06
3.49764e+06
3.49753e+06
3.49744e+06
3.49735e+06
3.49727e+06
3.49719e+06
3.49712e+06
3.49706e+06
3.497e+06
3.49695e+06
3.49691e+06
3.49687e+06
3.49684e+06
3.49681e+06
3.49678e+06
3.49676e+06
3.49675e+06
3.49674e+06
3.48878e+06
3.50342e+06
3.49139e+06
3.49919e+06
3.4937e+06
3.49638e+06
3.49408e+06
3.49469e+06
3.49306e+06
3.49345e+06
3.4948e+06
3.49604e+06
3.49684e+06
3.49731e+06
3.49758e+06
3.49771e+06
3.49775e+06
3.49772e+06
3.49766e+06
3.49757e+06
3.49747e+06
3.49737e+06
3.49726e+06
3.49717e+06
3.49708e+06
3.49699e+06
3.49692e+06
3.49685e+06
3.49679e+06
3.49673e+06
3.49668e+06
3.49664e+06
3.4966e+06
3.49657e+06
3.49655e+06
3.49653e+06
3.49651e+06
3.4965e+06
3.49649e+06
3.49023e+06
3.50201e+06
3.49228e+06
3.49849e+06
3.49421e+06
3.49598e+06
3.49448e+06
3.49441e+06
3.49312e+06
3.49303e+06
3.49446e+06
3.49565e+06
3.49649e+06
3.49697e+06
3.49726e+06
3.49741e+06
3.49746e+06
3.49744e+06
3.49738e+06
3.4973e+06
3.4972e+06
3.4971e+06
3.49699e+06
3.4969e+06
3.49681e+06
3.49672e+06
3.49664e+06
3.49658e+06
3.49651e+06
3.49646e+06
3.49641e+06
3.49637e+06
3.49634e+06
3.49631e+06
3.49629e+06
3.49627e+06
3.49626e+06
3.49625e+06
3.49625e+06
3.4928e+06
3.50081e+06
3.49431e+06
3.4983e+06
3.49561e+06
3.49623e+06
3.49554e+06
3.49485e+06
3.4938e+06
3.493e+06
3.49441e+06
3.49543e+06
3.49626e+06
3.49671e+06
3.49701e+06
3.49715e+06
3.49721e+06
3.49719e+06
3.49712e+06
3.49704e+06
3.49694e+06
3.49683e+06
3.49673e+06
3.49663e+06
3.49653e+06
3.49645e+06
3.49637e+06
3.4963e+06
3.49624e+06
3.49618e+06
3.49614e+06
3.4961e+06
3.49607e+06
3.49604e+06
3.49603e+06
3.49601e+06
3.49601e+06
3.49601e+06
3.49601e+06
3.49639e+06
3.50031e+06
3.49723e+06
3.49886e+06
3.4978e+06
3.49722e+06
3.49722e+06
3.49604e+06
3.49514e+06
3.49345e+06
3.49458e+06
3.49541e+06
3.49619e+06
3.49657e+06
3.49684e+06
3.49695e+06
3.49699e+06
3.49696e+06
3.49689e+06
3.49679e+06
3.49668e+06
3.49657e+06
3.49646e+06
3.49636e+06
3.49626e+06
3.49617e+06
3.49609e+06
3.49602e+06
3.49596e+06
3.49591e+06
3.49586e+06
3.49583e+06
3.4958e+06
3.49578e+06
3.49576e+06
3.49576e+06
3.49575e+06
3.49576e+06
3.49577e+06
3.5004e+06
3.50088e+06
3.50076e+06
3.50028e+06
3.50064e+06
3.49891e+06
3.49942e+06
3.49791e+06
3.49704e+06
3.49432e+06
3.495e+06
3.4956e+06
3.49625e+06
3.49653e+06
3.49674e+06
3.49681e+06
3.49682e+06
3.49676e+06
3.49667e+06
3.49655e+06
3.49643e+06
3.49631e+06
3.49619e+06
3.49608e+06
3.49598e+06
3.49589e+06
3.49581e+06
3.49574e+06
3.49568e+06
3.49563e+06
3.49559e+06
3.49555e+06
3.49553e+06
3.49551e+06
3.4955e+06
3.4955e+06
3.4955e+06
3.49551e+06
3.49552e+06
3.50449e+06
3.50251e+06
3.50442e+06
3.5025e+06
3.50379e+06
3.50123e+06
3.502e+06
3.50031e+06
3.49938e+06
3.49561e+06
3.49574e+06
3.49602e+06
3.49646e+06
3.49661e+06
3.49673e+06
3.49673e+06
3.49669e+06
3.49659e+06
3.49647e+06
3.49633e+06
3.49619e+06
3.49606e+06
3.49593e+06
3.49581e+06
3.4957e+06
3.49561e+06
3.49553e+06
3.49545e+06
3.49539e+06
3.49534e+06
3.49531e+06
3.49528e+06
3.49525e+06
3.49524e+06
3.49524e+06
3.49524e+06
3.49525e+06
3.49526e+06
3.49528e+06
3.50756e+06
3.50513e+06
3.50785e+06
3.50533e+06
3.50692e+06
3.50396e+06
3.5048e+06
3.50304e+06
3.50201e+06
3.49726e+06
3.49669e+06
3.49664e+06
3.49681e+06
3.49679e+06
3.4968e+06
3.49671e+06
3.4966e+06
3.49645e+06
3.49629e+06
3.49612e+06
3.49596e+06
3.49581e+06
3.49566e+06
3.49554e+06
3.49542e+06
3.49532e+06
3.49524e+06
3.49517e+06
3.49511e+06
3.49506e+06
3.49502e+06
3.495e+06
3.49498e+06
3.49497e+06
3.49497e+06
3.49498e+06
3.49499e+06
3.49501e+06
3.49503e+06
3.51034e+06
3.50815e+06
3.51062e+06
3.50841e+06
3.50977e+06
3.50689e+06
3.50772e+06
3.50592e+06
3.50484e+06
3.49922e+06
3.49782e+06
3.49742e+06
3.49728e+06
3.49707e+06
3.49693e+06
3.49673e+06
3.49654e+06
3.49632e+06
3.49612e+06
3.49591e+06
3.49573e+06
3.49555e+06
3.4954e+06
3.49526e+06
3.49514e+06
3.49503e+06
3.49495e+06
3.49487e+06
3.49481e+06
3.49477e+06
3.49474e+06
3.49471e+06
3.4947e+06
3.4947e+06
3.4947e+06
3.49471e+06
3.49473e+06
3.49476e+06
3.49478e+06
3.51219e+06
3.51154e+06
3.51273e+06
3.51134e+06
3.51218e+06
3.50981e+06
3.51067e+06
3.50884e+06
3.50778e+06
3.50145e+06
3.49915e+06
3.49835e+06
3.49785e+06
3.49742e+06
3.4971e+06
3.49678e+06
3.4965e+06
3.49621e+06
3.49595e+06
3.49571e+06
3.49549e+06
3.4953e+06
3.49512e+06
3.49497e+06
3.49485e+06
3.49474e+06
3.49465e+06
3.49458e+06
3.49452e+06
3.49448e+06
3.49445e+06
3.49443e+06
3.49442e+06
3.49442e+06
3.49443e+06
3.49445e+06
3.49447e+06
3.4945e+06
3.49454e+06
3.51356e+06
3.51427e+06
3.51411e+06
3.51367e+06
3.51408e+06
3.51255e+06
3.51365e+06
3.51179e+06
3.51081e+06
3.50386e+06
3.50061e+06
3.49938e+06
3.49848e+06
3.49782e+06
3.49731e+06
3.49685e+06
3.49646e+06
3.4961e+06
3.49579e+06
3.4955e+06
3.49525e+06
3.49503e+06
3.49484e+06
3.49468e+06
3.49455e+06
3.49443e+06
3.49434e+06
3.49427e+06
3.49422e+06
3.49418e+06
3.49415e+06
3.49414e+06
3.49414e+06
3.49415e+06
3.49416e+06
3.49419e+06
3.49421e+06
3.49425e+06
3.49429e+06
3.51446e+06
3.51598e+06
3.51506e+06
3.51511e+06
3.51551e+06
3.51506e+06
3.51659e+06
3.51478e+06
3.51389e+06
3.50635e+06
3.50214e+06
3.50044e+06
3.49912e+06
3.49821e+06
3.4975e+06
3.49691e+06
3.49642e+06
3.49598e+06
3.4956e+06
3.49527e+06
3.49499e+06
3.49475e+06
3.49455e+06
3.49438e+06
3.49423e+06
3.49412e+06
3.49403e+06
3.49396e+06
3.49391e+06
3.49387e+06
3.49386e+06
3.49385e+06
3.49385e+06
3.49387e+06
3.49389e+06
3.49392e+06
3.49395e+06
3.494e+06
3.49404e+06
3.5153e+06
3.51628e+06
3.51561e+06
3.51553e+06
3.5165e+06
3.51721e+06
3.51939e+06
3.51773e+06
3.51687e+06
3.50871e+06
3.50362e+06
3.50143e+06
3.4997e+06
3.49855e+06
3.49765e+06
3.49693e+06
3.49633e+06
3.49582e+06
3.49539e+06
3.49502e+06
3.49471e+06
3.49445e+06
3.49423e+06
3.49406e+06
3.49391e+06
3.4938e+06
3.49371e+06
3.49364e+06
3.4936e+06
3.49357e+06
3.49355e+06
3.49355e+06
3.49356e+06
3.49359e+06
3.49362e+06
3.49365e+06
3.49369e+06
3.49374e+06
3.49379e+06
3.51584e+06
3.51552e+06
3.51577e+06
3.51509e+06
3.51712e+06
3.51889e+06
3.52179e+06
3.5204e+06
3.51948e+06
3.51069e+06
3.50484e+06
3.50219e+06
3.50011e+06
3.49876e+06
3.49769e+06
3.49686e+06
3.49618e+06
3.49561e+06
3.49513e+06
3.49473e+06
3.4944e+06
3.49413e+06
3.4939e+06
3.49372e+06
3.49357e+06
3.49346e+06
3.49337e+06
3.49331e+06
3.49327e+06
3.49325e+06
3.49325e+06
3.49325e+06
3.49327e+06
3.4933e+06
3.49334e+06
3.49338e+06
3.49343e+06
3.49349e+06
3.49354e+06
3.51592e+06
3.51432e+06
3.51543e+06
3.51417e+06
3.51727e+06
3.52001e+06
3.52347e+06
3.52249e+06
3.52136e+06
3.512e+06
3.50558e+06
3.50259e+06
3.50028e+06
3.49877e+06
3.49759e+06
3.49668e+06
3.49594e+06
3.49533e+06
3.49482e+06
3.4944e+06
3.49405e+06
3.49377e+06
3.49354e+06
3.49336e+06
3.49322e+06
3.49311e+06
3.49303e+06
3.49298e+06
3.49295e+06
3.49293e+06
3.49294e+06
3.49295e+06
3.49298e+06
3.49302e+06
3.49306e+06
3.49311e+06
3.49317e+06
3.49323e+06
3.49329e+06
3.51501e+06
3.51315e+06
3.51459e+06
3.51318e+06
3.51672e+06
3.52042e+06
3.5241e+06
3.52359e+06
3.52215e+06
3.51235e+06
3.50561e+06
3.50248e+06
3.50007e+06
3.49851e+06
3.49729e+06
3.49635e+06
3.49558e+06
3.49495e+06
3.49443e+06
3.49401e+06
3.49366e+06
3.49337e+06
3.49315e+06
3.49297e+06
3.49284e+06
3.49274e+06
3.49267e+06
3.49263e+06
3.49261e+06
3.49261e+06
3.49262e+06
3.49265e+06
3.49268e+06
3.49273e+06
3.49278e+06
3.49284e+06
3.49291e+06
3.49298e+06
3.49305e+06
3.51371e+06
3.51161e+06
3.51315e+06
3.51196e+06
3.51541e+06
3.51977e+06
3.52333e+06
3.52331e+06
3.52146e+06
3.51152e+06
3.50477e+06
3.50176e+06
3.49943e+06
3.49793e+06
3.49675e+06
3.49583e+06
3.49509e+06
3.49447e+06
3.49396e+06
3.49355e+06
3.49321e+06
3.49294e+06
3.49273e+06
3.49256e+06
3.49244e+06
3.49236e+06
3.4923e+06
3.49227e+06
3.49227e+06
3.49228e+06
3.4923e+06
3.49234e+06
3.49239e+06
3.49244e+06
3.49251e+06
3.49257e+06
3.49265e+06
3.49272e+06
3.4928e+06
3.51122e+06
3.50904e+06
3.5106e+06
3.50964e+06
3.51299e+06
3.5178e+06
3.52085e+06
3.52139e+06
3.51904e+06
3.50934e+06
3.50292e+06
3.50034e+06
3.4983e+06
3.49699e+06
3.49594e+06
3.49511e+06
3.49444e+06
3.49387e+06
3.4934e+06
3.49301e+06
3.4927e+06
3.49246e+06
3.49227e+06
3.49213e+06
3.49202e+06
3.49196e+06
3.49192e+06
3.49191e+06
3.49191e+06
3.49194e+06
3.49198e+06
3.49203e+06
3.49209e+06
3.49215e+06
3.49223e+06
3.4923e+06
3.49238e+06
3.49247e+06
3.49255e+06
3.50737e+06
3.50564e+06
3.50637e+06
3.50661e+06
3.5091e+06
3.51451e+06
3.51661e+06
3.51773e+06
3.51488e+06
3.50579e+06
3.50007e+06
3.49822e+06
3.49665e+06
3.49567e+06
3.49485e+06
3.49418e+06
3.49362e+06
3.49313e+06
3.49273e+06
3.4924e+06
3.49213e+06
3.49193e+06
3.49177e+06
3.49166e+06
3.49158e+06
3.49154e+06
3.49152e+06
3.49153e+06
3.49156e+06
3.4916e+06
3.49165e+06
3.49171e+06
3.49178e+06
3.49186e+06
3.49194e+06
3.49203e+06
3.49212e+06
3.49221e+06
3.4923e+06
3.50188e+06
3.50268e+06
3.50084e+06
3.50407e+06
3.50407e+06
3.50999e+06
3.51089e+06
3.51244e+06
3.50919e+06
3.50104e+06
3.49643e+06
3.49547e+06
3.49456e+06
3.49399e+06
3.49349e+06
3.49303e+06
3.49263e+06
3.49227e+06
3.49196e+06
3.49171e+06
3.4915e+06
3.49135e+06
3.49124e+06
3.49116e+06
3.49112e+06
3.49111e+06
3.49112e+06
3.49115e+06
3.49119e+06
3.49125e+06
3.49132e+06
3.4914e+06
3.49148e+06
3.49157e+06
3.49166e+06
3.49176e+06
3.49186e+06
3.49196e+06
3.49206e+06
3.49561e+06
3.49983e+06
3.49444e+06
3.50183e+06
3.49852e+06
3.50423e+06
3.50423e+06
3.50578e+06
3.50251e+06
3.49536e+06
3.49217e+06
3.49219e+06
3.49207e+06
3.49199e+06
3.49187e+06
3.49167e+06
3.49148e+06
3.49127e+06
3.49109e+06
3.49094e+06
3.49081e+06
3.49072e+06
3.49067e+06
3.49064e+06
3.49064e+06
3.49066e+06
3.4907e+06
3.49075e+06
3.49082e+06
3.4909e+06
3.49099e+06
3.49108e+06
3.49118e+06
3.49128e+06
3.49138e+06
3.49149e+06
3.4916e+06
3.4917e+06
3.49181e+06
3.48927e+06
3.49641e+06
3.48819e+06
3.49868e+06
3.49295e+06
3.49734e+06
3.49721e+06
3.4982e+06
3.49528e+06
3.48897e+06
3.48749e+06
3.48847e+06
3.48925e+06
3.48971e+06
3.49002e+06
3.49013e+06
3.49018e+06
3.49016e+06
3.49013e+06
3.49009e+06
3.49007e+06
3.49006e+06
3.49007e+06
3.49009e+06
3.49014e+06
3.4902e+06
3.49027e+06
3.49035e+06
3.49045e+06
3.49055e+06
3.49065e+06
3.49076e+06
3.49087e+06
3.49099e+06
3.4911e+06
3.49122e+06
3.49134e+06
3.49145e+06
3.49157e+06
3.48382e+06
3.49107e+06
3.48295e+06
3.49329e+06
3.4876e+06
3.48967e+06
3.49023e+06
3.49014e+06
3.48785e+06
3.48207e+06
3.48253e+06
3.48441e+06
3.48619e+06
3.48719e+06
3.48799e+06
3.48843e+06
3.48876e+06
3.48895e+06
3.48909e+06
3.48919e+06
3.48928e+06
3.48936e+06
3.48944e+06
3.48953e+06
3.48963e+06
3.48973e+06
3.48984e+06
3.48995e+06
3.49007e+06
3.49019e+06
3.49032e+06
3.49044e+06
3.49057e+06
3.4907e+06
3.49083e+06
3.49095e+06
3.49108e+06
3.4912e+06
3.49132e+06
3.48003e+06
3.48301e+06
3.47948e+06
3.4853e+06
3.48256e+06
3.48171e+06
3.48343e+06
3.482e+06
3.48037e+06
3.47483e+06
3.47737e+06
3.48008e+06
3.48292e+06
3.48447e+06
3.48579e+06
3.48659e+06
3.48723e+06
3.48765e+06
3.48798e+06
3.48824e+06
3.48845e+06
3.48863e+06
3.4888e+06
3.48896e+06
3.48911e+06
3.48926e+06
3.4894e+06
3.48955e+06
3.48969e+06
3.48984e+06
3.48998e+06
3.49013e+06
3.49027e+06
3.49041e+06
3.49055e+06
3.49069e+06
3.49082e+06
3.49095e+06
3.49108e+06
3.47879e+06
3.4731e+06
3.47814e+06
3.47572e+06
3.47786e+06
3.47393e+06
3.47677e+06
3.47408e+06
3.47288e+06
3.46732e+06
3.47194e+06
3.47554e+06
3.47949e+06
3.4816e+06
3.48348e+06
3.48466e+06
3.48562e+06
3.4863e+06
3.48684e+06
3.48726e+06
3.4876e+06
3.48789e+06
3.48815e+06
3.48837e+06
3.48858e+06
3.48878e+06
3.48897e+06
3.48915e+06
3.48932e+06
3.48949e+06
3.48965e+06
3.48981e+06
3.48997e+06
3.49012e+06
3.49027e+06
3.49042e+06
3.49057e+06
3.49071e+06
3.49084e+06
3.47883e+06
3.46322e+06
3.47795e+06
3.46653e+06
3.47353e+06
3.46683e+06
3.47037e+06
3.46676e+06
3.46558e+06
3.4598e+06
3.46637e+06
3.47089e+06
3.47594e+06
3.47866e+06
3.4811e+06
3.48269e+06
3.48399e+06
3.48493e+06
3.48568e+06
3.48627e+06
3.48675e+06
3.48716e+06
3.4875e+06
3.4878e+06
3.48807e+06
3.48831e+06
3.48854e+06
3.48875e+06
3.48895e+06
3.48914e+06
3.48932e+06
3.4895e+06
3.48967e+06
3.48984e+06
3.49e+06
3.49016e+06
3.49031e+06
3.49046e+06
3.4906e+06
3.479e+06
3.45562e+06
3.47763e+06
3.45944e+06
3.46953e+06
3.46094e+06
3.46447e+06
3.46054e+06
3.45883e+06
3.45248e+06
3.46075e+06
3.46629e+06
3.47236e+06
3.47573e+06
3.47874e+06
3.48074e+06
3.48238e+06
3.48358e+06
3.48455e+06
3.48531e+06
3.48593e+06
3.48644e+06
3.48687e+06
3.48724e+06
3.48756e+06
3.48785e+06
3.48812e+06
3.48836e+06
3.48859e+06
3.4888e+06
3.489e+06
3.4892e+06
3.48938e+06
3.48956e+06
3.48973e+06
3.4899e+06
3.49006e+06
3.49022e+06
3.49037e+06
3.47768e+06
3.45168e+06
3.47642e+06
3.45545e+06
3.46582e+06
3.45669e+06
3.45944e+06
3.45577e+06
3.45307e+06
3.44573e+06
3.45502e+06
3.46182e+06
3.46887e+06
3.47293e+06
3.47648e+06
3.47889e+06
3.48085e+06
3.48231e+06
3.48348e+06
3.4844e+06
3.48514e+06
3.48576e+06
3.48627e+06
3.4867e+06
3.48708e+06
3.48741e+06
3.48771e+06
3.48798e+06
3.48823e+06
3.48847e+06
3.48869e+06
3.4889e+06
3.4891e+06
3.48929e+06
3.48947e+06
3.48965e+06
3.48982e+06
3.48998e+06
3.49014e+06
3.47534e+06
3.45164e+06
3.47373e+06
3.45497e+06
3.46244e+06
3.45441e+06
3.45564e+06
3.45258e+06
3.44878e+06
3.44013e+06
3.44951e+06
3.45782e+06
3.46563e+06
3.47043e+06
3.47443e+06
3.47723e+06
3.47948e+06
3.48117e+06
3.48251e+06
3.48357e+06
3.48443e+06
3.48513e+06
3.48571e+06
3.4862e+06
3.48663e+06
3.487e+06
3.48733e+06
3.48762e+06
3.4879e+06
3.48815e+06
3.48838e+06
3.4886e+06
3.48881e+06
3.48902e+06
3.48921e+06
3.48939e+06
3.48957e+06
3.48974e+06
3.48991e+06
3.47204e+06
3.45658e+06
3.47033e+06
3.45803e+06
3.45988e+06
3.45435e+06
3.45354e+06
3.45113e+06
3.44633e+06
3.43632e+06
3.44493e+06
3.4547e+06
3.46296e+06
3.46842e+06
3.47275e+06
3.47588e+06
3.47834e+06
3.48021e+06
3.48169e+06
3.46939e+06
3.46495e+06
3.46765e+06
3.46413e+06
3.45932e+06
3.45707e+06
3.45388e+06
3.45215e+06
3.44647e+06
3.43527e+06
3.44175e+06
3.45284e+06
3.46113e+06
3.4671e+06
3.47157e+06
3.47493e+06
3.47751e+06
3.44075e+06
3.45266e+06
3.49806e+06
3.49922e+06
3.4989e+06
3.49864e+06
3.49819e+06
3.498e+06
3.49927e+06
3.49894e+06
3.49821e+06
3.49598e+06
3.496e+06
3.49675e+06
3.49786e+06
3.49864e+06
3.49928e+06
3.49988e+06
3.5004e+06
3.50079e+06
3.50106e+06
3.50123e+06
3.50132e+06
3.50135e+06
3.50134e+06
3.50131e+06
3.50125e+06
3.50118e+06
3.50111e+06
3.50102e+06
3.50093e+06
3.50084e+06
3.50074e+06
3.50064e+06
3.50053e+06
3.50042e+06
3.50031e+06
3.50019e+06
3.50006e+06
3.49992e+06
3.49975e+06
3.50147e+06
3.50096e+06
3.50144e+06
3.50189e+06
3.50275e+06
3.50277e+06
3.5034e+06
3.50268e+06
3.50313e+06
3.5018e+06
3.50205e+06
3.50182e+06
3.50213e+06
3.50167e+06
3.50109e+06
3.50063e+06
3.50036e+06
3.50019e+06
3.50011e+06
3.50007e+06
3.50007e+06
3.50008e+06
3.50011e+06
3.50013e+06
3.50016e+06
3.50018e+06
3.50019e+06
3.5002e+06
3.50019e+06
3.50018e+06
3.50016e+06
3.50012e+06
3.50008e+06
3.50002e+06
3.49995e+06
3.49987e+06
3.49977e+06
3.49966e+06
3.4995e+06
3.5012e+06
3.49911e+06
3.50116e+06
3.5e+06
3.50168e+06
3.50077e+06
3.50249e+06
3.50118e+06
3.50162e+06
3.49952e+06
3.49981e+06
3.49967e+06
3.50045e+06
3.50047e+06
3.50048e+06
3.50043e+06
3.50044e+06
3.50043e+06
3.50042e+06
3.50039e+06
3.50036e+06
3.50031e+06
3.50027e+06
3.50023e+06
3.50018e+06
3.50014e+06
3.50009e+06
3.50005e+06
3.5e+06
3.49995e+06
3.4999e+06
3.49985e+06
3.49979e+06
3.49973e+06
3.49966e+06
3.49958e+06
3.4995e+06
3.4994e+06
3.49928e+06
3.50385e+06
3.49889e+06
3.50318e+06
3.50044e+06
3.50324e+06
3.5016e+06
3.50364e+06
3.50222e+06
3.50302e+06
3.50126e+06
3.50187e+06
3.50143e+06
3.50194e+06
3.50154e+06
3.50121e+06
3.50081e+06
3.50056e+06
3.50034e+06
3.5002e+06
3.50009e+06
3.50001e+06
3.49996e+06
3.49991e+06
3.49988e+06
3.49985e+06
3.49982e+06
3.49978e+06
3.49975e+06
3.49971e+06
3.49967e+06
3.49962e+06
3.49957e+06
3.49952e+06
3.49946e+06
3.49939e+06
3.49932e+06
3.49924e+06
3.49916e+06
3.49905e+06
3.50461e+06
3.49719e+06
3.50407e+06
3.4994e+06
3.50337e+06
3.50094e+06
3.50326e+06
3.50155e+06
3.50222e+06
3.50015e+06
3.50091e+06
3.50049e+06
3.50114e+06
3.5009e+06
3.5008e+06
3.50056e+06
3.50042e+06
3.50026e+06
3.50014e+06
3.50002e+06
3.49992e+06
3.49983e+06
3.49976e+06
3.4997e+06
3.49964e+06
3.49959e+06
3.49954e+06
3.4995e+06
3.49945e+06
3.4994e+06
3.49935e+06
3.4993e+06
3.49925e+06
3.49919e+06
3.49913e+06
3.49906e+06
3.49899e+06
3.49891e+06
3.49883e+06
3.50655e+06
3.49619e+06
3.50551e+06
3.49918e+06
3.50401e+06
3.50103e+06
3.50329e+06
3.50176e+06
3.50235e+06
3.50051e+06
3.50142e+06
3.50095e+06
3.5015e+06
3.50113e+06
3.50094e+06
3.50061e+06
3.50039e+06
3.50016e+06
3.49998e+06
3.49983e+06
3.49971e+06
3.49961e+06
3.49952e+06
3.49945e+06
3.49939e+06
3.49933e+06
3.49928e+06
3.49923e+06
3.49918e+06
3.49913e+06
3.49909e+06
3.49903e+06
3.49898e+06
3.49893e+06
3.49887e+06
3.49881e+06
3.49874e+06
3.49867e+06
3.4986e+06
3.50723e+06
3.49551e+06
3.5061e+06
3.49879e+06
3.50396e+06
3.5008e+06
3.50266e+06
3.50143e+06
3.50162e+06
3.49983e+06
3.50076e+06
3.50037e+06
3.50094e+06
3.50066e+06
3.50058e+06
3.50033e+06
3.50016e+06
3.49997e+06
3.4998e+06
3.49965e+06
3.49952e+06
3.49941e+06
3.49931e+06
3.49923e+06
3.49915e+06
3.49909e+06
3.49903e+06
3.49897e+06
3.49892e+06
3.49887e+06
3.49882e+06
3.49877e+06
3.49872e+06
3.49866e+06
3.49861e+06
3.49855e+06
3.49849e+06
3.49843e+06
3.49837e+06
3.50724e+06
3.49564e+06
3.50598e+06
3.4989e+06
3.50363e+06
3.5008e+06
3.50189e+06
3.50127e+06
3.501e+06
3.49957e+06
3.50049e+06
3.50023e+06
3.50075e+06
3.50049e+06
3.50041e+06
3.50016e+06
3.49998e+06
3.49977e+06
3.4996e+06
3.49944e+06
3.4993e+06
3.49918e+06
3.49907e+06
3.49898e+06
3.49891e+06
3.49883e+06
3.49877e+06
3.49871e+06
3.49866e+06
3.4986e+06
3.49855e+06
3.4985e+06
3.49845e+06
3.4984e+06
3.49835e+06
3.4983e+06
3.49825e+06
3.4982e+06
3.49814e+06
3.50543e+06
3.4967e+06
3.50476e+06
3.49917e+06
3.5026e+06
3.50065e+06
3.50068e+06
3.50078e+06
3.49991e+06
3.49884e+06
3.49969e+06
3.49966e+06
3.50018e+06
3.50003e+06
3.50001e+06
3.49982e+06
3.49969e+06
3.49951e+06
3.49936e+06
3.4992e+06
3.49907e+06
3.49894e+06
3.49884e+06
3.49874e+06
3.49866e+06
3.49858e+06
3.49851e+06
3.49845e+06
3.49839e+06
3.49834e+06
3.49829e+06
3.49824e+06
3.49819e+06
3.49814e+06
3.49809e+06
3.49805e+06
3.498e+06
3.49796e+06
3.49791e+06
3.50262e+06
3.49836e+06
3.50253e+06
3.49965e+06
3.50107e+06
3.50041e+06
3.49929e+06
3.50013e+06
3.49869e+06
3.49813e+06
3.49896e+06
3.49919e+06
3.4997e+06
3.49965e+06
3.49966e+06
3.49952e+06
3.49941e+06
3.49925e+06
3.4991e+06
3.49895e+06
3.49882e+06
3.4987e+06
3.49859e+06
3.49849e+06
3.4984e+06
3.49832e+06
3.49825e+06
3.49819e+06
3.49813e+06
3.49807e+06
3.49802e+06
3.49797e+06
3.49792e+06
3.49788e+06
3.49784e+06
3.49779e+06
3.49775e+06
3.49772e+06
3.49768e+06
3.49882e+06
3.50058e+06
3.4996e+06
3.50015e+06
3.49911e+06
3.49992e+06
3.49776e+06
3.49917e+06
3.49725e+06
3.49717e+06
3.49801e+06
3.49852e+06
3.49907e+06
3.49915e+06
3.49922e+06
3.49915e+06
3.49908e+06
3.49895e+06
3.49882e+06
3.49868e+06
3.49856e+06
3.49844e+06
3.49833e+06
3.49823e+06
3.49814e+06
3.49806e+06
3.49799e+06
3.49792e+06
3.49786e+06
3.49781e+06
3.49776e+06
3.49771e+06
3.49766e+06
3.49762e+06
3.49758e+06
3.49754e+06
3.49751e+06
3.49747e+06
3.49745e+06
3.49485e+06
3.50268e+06
3.49647e+06
3.50046e+06
3.49708e+06
3.49919e+06
3.49631e+06
3.49801e+06
3.49585e+06
3.49617e+06
3.4971e+06
3.49788e+06
3.49848e+06
3.49868e+06
3.4988e+06
3.49879e+06
3.49875e+06
3.49865e+06
3.49853e+06
3.49841e+06
3.49829e+06
3.49818e+06
3.49807e+06
3.49797e+06
3.49788e+06
3.4978e+06
3.49773e+06
3.49766e+06
3.4976e+06
3.49754e+06
3.49749e+06
3.49744e+06
3.4974e+06
3.49736e+06
3.49732e+06
3.49729e+06
3.49726e+06
3.49723e+06
3.49721e+06
3.49117e+06
3.50415e+06
3.49361e+06
3.50048e+06
3.49529e+06
3.49825e+06
3.4951e+06
3.49673e+06
3.49455e+06
3.49511e+06
3.49618e+06
3.4972e+06
3.49786e+06
3.49818e+06
3.49836e+06
3.49841e+06
3.4984e+06
3.49833e+06
3.49824e+06
3.49813e+06
3.49802e+06
3.49791e+06
3.4978e+06
3.49771e+06
3.49762e+06
3.49753e+06
3.49746e+06
3.49739e+06
3.49733e+06
3.49727e+06
3.49722e+06
3.49718e+06
3.49713e+06
3.4971e+06
3.49706e+06
3.49703e+06
3.49701e+06
3.49699e+06
3.49697e+06
3.48906e+06
3.50437e+06
3.4918e+06
3.50001e+06
3.49409e+06
3.49724e+06
3.49432e+06
3.49555e+06
3.49358e+06
3.49418e+06
3.49541e+06
3.49658e+06
3.49731e+06
3.49772e+06
3.49795e+06
3.49805e+06
3.49807e+06
3.49802e+06
3.49794e+06
3.49785e+06
3.49774e+06
3.49764e+06
3.49753e+06
3.49744e+06
3.49735e+06
3.49727e+06
3.49719e+06
3.49712e+06
3.49706e+06
3.497e+06
3.49695e+06
3.49691e+06
3.49687e+06
3.49684e+06
3.49681e+06
3.49678e+06
3.49676e+06
3.49675e+06
3.49674e+06
3.48878e+06
3.50342e+06
3.49139e+06
3.49919e+06
3.4937e+06
3.49638e+06
3.49408e+06
3.49469e+06
3.49306e+06
3.49345e+06
3.4948e+06
3.49604e+06
3.49684e+06
3.49731e+06
3.49758e+06
3.49771e+06
3.49775e+06
3.49772e+06
3.49766e+06
3.49757e+06
3.49747e+06
3.49737e+06
3.49726e+06
3.49717e+06
3.49708e+06
3.49699e+06
3.49692e+06
3.49685e+06
3.49679e+06
3.49673e+06
3.49668e+06
3.49664e+06
3.4966e+06
3.49657e+06
3.49655e+06
3.49653e+06
3.49651e+06
3.4965e+06
3.49649e+06
3.49023e+06
3.50201e+06
3.49228e+06
3.49849e+06
3.49421e+06
3.49598e+06
3.49448e+06
3.49441e+06
3.49312e+06
3.49303e+06
3.49446e+06
3.49565e+06
3.49649e+06
3.49697e+06
3.49726e+06
3.49741e+06
3.49746e+06
3.49744e+06
3.49738e+06
3.4973e+06
3.4972e+06
3.4971e+06
3.49699e+06
3.4969e+06
3.49681e+06
3.49672e+06
3.49664e+06
3.49658e+06
3.49651e+06
3.49646e+06
3.49641e+06
3.49637e+06
3.49634e+06
3.49631e+06
3.49629e+06
3.49627e+06
3.49626e+06
3.49625e+06
3.49625e+06
3.4928e+06
3.50081e+06
3.49431e+06
3.4983e+06
3.49561e+06
3.49623e+06
3.49554e+06
3.49485e+06
3.4938e+06
3.493e+06
3.49441e+06
3.49543e+06
3.49626e+06
3.49671e+06
3.49701e+06
3.49715e+06
3.49721e+06
3.49719e+06
3.49712e+06
3.49704e+06
3.49694e+06
3.49683e+06
3.49673e+06
3.49663e+06
3.49653e+06
3.49645e+06
3.49637e+06
3.4963e+06
3.49624e+06
3.49618e+06
3.49614e+06
3.4961e+06
3.49607e+06
3.49604e+06
3.49603e+06
3.49601e+06
3.49601e+06
3.49601e+06
3.49601e+06
3.49639e+06
3.50031e+06
3.49723e+06
3.49886e+06
3.4978e+06
3.49722e+06
3.49722e+06
3.49604e+06
3.49514e+06
3.49345e+06
3.49458e+06
3.49541e+06
3.49619e+06
3.49657e+06
3.49684e+06
3.49695e+06
3.49699e+06
3.49696e+06
3.49689e+06
3.49679e+06
3.49668e+06
3.49657e+06
3.49646e+06
3.49636e+06
3.49626e+06
3.49617e+06
3.49609e+06
3.49602e+06
3.49596e+06
3.49591e+06
3.49586e+06
3.49583e+06
3.4958e+06
3.49578e+06
3.49576e+06
3.49576e+06
3.49575e+06
3.49576e+06
3.49577e+06
3.5004e+06
3.50088e+06
3.50076e+06
3.50028e+06
3.50064e+06
3.49891e+06
3.49942e+06
3.49791e+06
3.49704e+06
3.49432e+06
3.495e+06
3.4956e+06
3.49625e+06
3.49653e+06
3.49674e+06
3.49681e+06
3.49682e+06
3.49676e+06
3.49667e+06
3.49655e+06
3.49643e+06
3.49631e+06
3.49619e+06
3.49608e+06
3.49598e+06
3.49589e+06
3.49581e+06
3.49574e+06
3.49568e+06
3.49563e+06
3.49559e+06
3.49555e+06
3.49553e+06
3.49551e+06
3.4955e+06
3.4955e+06
3.4955e+06
3.49551e+06
3.49552e+06
3.50449e+06
3.50251e+06
3.50442e+06
3.5025e+06
3.50379e+06
3.50123e+06
3.502e+06
3.50031e+06
3.49938e+06
3.49561e+06
3.49574e+06
3.49602e+06
3.49646e+06
3.49661e+06
3.49673e+06
3.49673e+06
3.49669e+06
3.49659e+06
3.49647e+06
3.49633e+06
3.49619e+06
3.49606e+06
3.49593e+06
3.49581e+06
3.4957e+06
3.49561e+06
3.49553e+06
3.49545e+06
3.49539e+06
3.49534e+06
3.49531e+06
3.49528e+06
3.49525e+06
3.49524e+06
3.49524e+06
3.49524e+06
3.49525e+06
3.49526e+06
3.49528e+06
3.50756e+06
3.50513e+06
3.50785e+06
3.50533e+06
3.50692e+06
3.50396e+06
3.5048e+06
3.50304e+06
3.50201e+06
3.49726e+06
3.49669e+06
3.49664e+06
3.49681e+06
3.49679e+06
3.4968e+06
3.49671e+06
3.4966e+06
3.49645e+06
3.49629e+06
3.49612e+06
3.49596e+06
3.49581e+06
3.49566e+06
3.49554e+06
3.49542e+06
3.49532e+06
3.49524e+06
3.49517e+06
3.49511e+06
3.49506e+06
3.49502e+06
3.495e+06
3.49498e+06
3.49497e+06
3.49497e+06
3.49498e+06
3.49499e+06
3.49501e+06
3.49503e+06
3.51034e+06
3.50815e+06
3.51062e+06
3.50841e+06
3.50977e+06
3.50689e+06
3.50772e+06
3.50592e+06
3.50484e+06
3.49922e+06
3.49782e+06
3.49742e+06
3.49728e+06
3.49707e+06
3.49693e+06
3.49673e+06
3.49654e+06
3.49632e+06
3.49612e+06
3.49591e+06
3.49573e+06
3.49555e+06
3.4954e+06
3.49526e+06
3.49514e+06
3.49503e+06
3.49495e+06
3.49487e+06
3.49481e+06
3.49477e+06
3.49474e+06
3.49471e+06
3.4947e+06
3.4947e+06
3.4947e+06
3.49471e+06
3.49473e+06
3.49476e+06
3.49478e+06
3.51219e+06
3.51154e+06
3.51273e+06
3.51134e+06
3.51218e+06
3.50981e+06
3.51067e+06
3.50884e+06
3.50778e+06
3.50145e+06
3.49915e+06
3.49835e+06
3.49785e+06
3.49742e+06
3.4971e+06
3.49678e+06
3.4965e+06
3.49621e+06
3.49595e+06
3.49571e+06
3.49549e+06
3.4953e+06
3.49512e+06
3.49497e+06
3.49485e+06
3.49474e+06
3.49465e+06
3.49458e+06
3.49452e+06
3.49448e+06
3.49445e+06
3.49443e+06
3.49442e+06
3.49442e+06
3.49443e+06
3.49445e+06
3.49447e+06
3.4945e+06
3.49454e+06
3.51356e+06
3.51427e+06
3.51411e+06
3.51367e+06
3.51408e+06
3.51255e+06
3.51365e+06
3.51179e+06
3.51081e+06
3.50386e+06
3.50061e+06
3.49938e+06
3.49848e+06
3.49782e+06
3.49731e+06
3.49685e+06
3.49646e+06
3.4961e+06
3.49579e+06
3.4955e+06
3.49525e+06
3.49503e+06
3.49484e+06
3.49468e+06
3.49455e+06
3.49443e+06
3.49434e+06
3.49427e+06
3.49422e+06
3.49418e+06
3.49415e+06
3.49414e+06
3.49414e+06
3.49415e+06
3.49416e+06
3.49419e+06
3.49421e+06
3.49425e+06
3.49429e+06
3.51446e+06
3.51598e+06
3.51506e+06
3.51511e+06
3.51551e+06
3.51506e+06
3.51659e+06
3.51478e+06
3.51389e+06
3.50635e+06
3.50214e+06
3.50044e+06
3.49912e+06
3.49821e+06
3.4975e+06
3.49691e+06
3.49642e+06
3.49598e+06
3.4956e+06
3.49527e+06
3.49499e+06
3.49475e+06
3.49455e+06
3.49438e+06
3.49423e+06
3.49412e+06
3.49403e+06
3.49396e+06
3.49391e+06
3.49387e+06
3.49386e+06
3.49385e+06
3.49385e+06
3.49387e+06
3.49389e+06
3.49392e+06
3.49395e+06
3.494e+06
3.49404e+06
3.5153e+06
3.51628e+06
3.51561e+06
3.51553e+06
3.5165e+06
3.51721e+06
3.51939e+06
3.51773e+06
3.51687e+06
3.50871e+06
3.50362e+06
3.50143e+06
3.4997e+06
3.49855e+06
3.49765e+06
3.49693e+06
3.49633e+06
3.49582e+06
3.49539e+06
3.49502e+06
3.49471e+06
3.49445e+06
3.49423e+06
3.49406e+06
3.49391e+06
3.4938e+06
3.49371e+06
3.49364e+06
3.4936e+06
3.49357e+06
3.49355e+06
3.49355e+06
3.49356e+06
3.49359e+06
3.49362e+06
3.49365e+06
3.49369e+06
3.49374e+06
3.49379e+06
3.51584e+06
3.51552e+06
3.51577e+06
3.51509e+06
3.51712e+06
3.51889e+06
3.52179e+06
3.5204e+06
3.51948e+06
3.51069e+06
3.50484e+06
3.50219e+06
3.50011e+06
3.49876e+06
3.49769e+06
3.49686e+06
3.49618e+06
3.49561e+06
3.49513e+06
3.49473e+06
3.4944e+06
3.49413e+06
3.4939e+06
3.49372e+06
3.49357e+06
3.49346e+06
3.49337e+06
3.49331e+06
3.49327e+06
3.49325e+06
3.49325e+06
3.49325e+06
3.49327e+06
3.4933e+06
3.49334e+06
3.49338e+06
3.49343e+06
3.49349e+06
3.49354e+06
3.51592e+06
3.51432e+06
3.51543e+06
3.51417e+06
3.51727e+06
3.52001e+06
3.52347e+06
3.52249e+06
3.52136e+06
3.512e+06
3.50558e+06
3.50259e+06
3.50028e+06
3.49877e+06
3.49759e+06
3.49668e+06
3.49594e+06
3.49533e+06
3.49482e+06
3.4944e+06
3.49405e+06
3.49377e+06
3.49354e+06
3.49336e+06
3.49322e+06
3.49311e+06
3.49303e+06
3.49298e+06
3.49295e+06
3.49293e+06
3.49294e+06
3.49295e+06
3.49298e+06
3.49302e+06
3.49306e+06
3.49311e+06
3.49317e+06
3.49323e+06
3.49329e+06
3.51501e+06
3.51315e+06
3.51459e+06
3.51318e+06
3.51672e+06
3.52042e+06
3.5241e+06
3.52359e+06
3.52215e+06
3.51235e+06
3.50561e+06
3.50248e+06
3.50007e+06
3.49851e+06
3.49729e+06
3.49635e+06
3.49558e+06
3.49495e+06
3.49443e+06
3.49401e+06
3.49366e+06
3.49337e+06
3.49315e+06
3.49297e+06
3.49284e+06
3.49274e+06
3.49267e+06
3.49263e+06
3.49261e+06
3.49261e+06
3.49262e+06
3.49265e+06
3.49268e+06
3.49273e+06
3.49278e+06
3.49284e+06
3.49291e+06
3.49298e+06
3.49305e+06
3.51371e+06
3.51161e+06
3.51315e+06
3.51196e+06
3.51541e+06
3.51977e+06
3.52333e+06
3.52331e+06
3.52146e+06
3.51152e+06
3.50477e+06
3.50176e+06
3.49943e+06
3.49793e+06
3.49675e+06
3.49583e+06
3.49509e+06
3.49447e+06
3.49396e+06
3.49355e+06
3.49321e+06
3.49294e+06
3.49273e+06
3.49256e+06
3.49244e+06
3.49236e+06
3.4923e+06
3.49227e+06
3.49227e+06
3.49228e+06
3.4923e+06
3.49234e+06
3.49239e+06
3.49244e+06
3.49251e+06
3.49257e+06
3.49265e+06
3.49272e+06
3.4928e+06
3.51122e+06
3.50904e+06
3.5106e+06
3.50964e+06
3.51299e+06
3.5178e+06
3.52085e+06
3.52139e+06
3.51904e+06
3.50934e+06
3.50292e+06
3.50034e+06
3.4983e+06
3.49699e+06
3.49594e+06
3.49511e+06
3.49444e+06
3.49387e+06
3.4934e+06
3.49301e+06
3.4927e+06
3.49246e+06
3.49227e+06
3.49213e+06
3.49202e+06
3.49196e+06
3.49192e+06
3.49191e+06
3.49191e+06
3.49194e+06
3.49198e+06
3.49203e+06
3.49209e+06
3.49215e+06
3.49223e+06
3.4923e+06
3.49238e+06
3.49247e+06
3.49255e+06
3.50737e+06
3.50564e+06
3.50637e+06
3.50661e+06
3.5091e+06
3.51451e+06
3.51661e+06
3.51773e+06
3.51488e+06
3.50579e+06
3.50007e+06
3.49822e+06
3.49665e+06
3.49567e+06
3.49485e+06
3.49418e+06
3.49362e+06
3.49313e+06
3.49273e+06
3.4924e+06
3.49213e+06
3.49193e+06
3.49177e+06
3.49166e+06
3.49158e+06
3.49154e+06
3.49152e+06
3.49153e+06
3.49156e+06
3.4916e+06
3.49165e+06
3.49171e+06
3.49178e+06
3.49186e+06
3.49194e+06
3.49203e+06
3.49212e+06
3.49221e+06
3.4923e+06
3.50188e+06
3.50268e+06
3.50084e+06
3.50407e+06
3.50407e+06
3.50999e+06
3.51089e+06
3.51244e+06
3.50919e+06
3.50104e+06
3.49643e+06
3.49547e+06
3.49456e+06
3.49399e+06
3.49349e+06
3.49303e+06
3.49263e+06
3.49227e+06
3.49196e+06
3.49171e+06
3.4915e+06
3.49135e+06
3.49124e+06
3.49116e+06
3.49112e+06
3.49111e+06
3.49112e+06
3.49115e+06
3.49119e+06
3.49125e+06
3.49132e+06
3.4914e+06
3.49148e+06
3.49157e+06
3.49166e+06
3.49176e+06
3.49186e+06
3.49196e+06
3.49206e+06
3.49561e+06
3.49983e+06
3.49444e+06
3.50183e+06
3.49852e+06
3.50423e+06
3.50423e+06
3.50578e+06
3.50251e+06
3.49536e+06
3.49217e+06
3.49219e+06
3.49207e+06
3.49199e+06
3.49187e+06
3.49167e+06
3.49148e+06
3.49127e+06
3.49109e+06
3.49094e+06
3.49081e+06
3.49072e+06
3.49067e+06
3.49064e+06
3.49064e+06
3.49066e+06
3.4907e+06
3.49075e+06
3.49082e+06
3.4909e+06
3.49099e+06
3.49108e+06
3.49118e+06
3.49128e+06
3.49138e+06
3.49149e+06
3.4916e+06
3.4917e+06
3.49181e+06
3.48927e+06
3.49641e+06
3.48819e+06
3.49868e+06
3.49295e+06
3.49734e+06
3.49721e+06
3.4982e+06
3.49528e+06
3.48897e+06
3.48749e+06
3.48847e+06
3.48925e+06
3.48971e+06
3.49002e+06
3.49013e+06
3.49018e+06
3.49016e+06
3.49013e+06
3.49009e+06
3.49007e+06
3.49006e+06
3.49007e+06
3.49009e+06
3.49014e+06
3.4902e+06
3.49027e+06
3.49035e+06
3.49045e+06
3.49055e+06
3.49065e+06
3.49076e+06
3.49087e+06
3.49099e+06
3.4911e+06
3.49122e+06
3.49134e+06
3.49145e+06
3.49157e+06
3.48382e+06
3.49107e+06
3.48295e+06
3.49329e+06
3.4876e+06
3.48967e+06
3.49023e+06
3.49014e+06
3.48785e+06
3.48207e+06
3.48253e+06
3.48441e+06
3.48619e+06
3.48719e+06
3.48799e+06
3.48843e+06
3.48876e+06
3.48895e+06
3.48909e+06
3.48919e+06
3.48928e+06
3.48936e+06
3.48944e+06
3.48953e+06
3.48963e+06
3.48973e+06
3.48984e+06
3.48995e+06
3.49007e+06
3.49019e+06
3.49032e+06
3.49044e+06
3.49057e+06
3.4907e+06
3.49083e+06
3.49095e+06
3.49108e+06
3.4912e+06
3.49132e+06
3.48003e+06
3.48301e+06
3.47948e+06
3.4853e+06
3.48256e+06
3.48171e+06
3.48343e+06
3.482e+06
3.48037e+06
3.47483e+06
3.47737e+06
3.48008e+06
3.48292e+06
3.48447e+06
3.48579e+06
3.48659e+06
3.48723e+06
3.48765e+06
3.48798e+06
3.48824e+06
3.48845e+06
3.48863e+06
3.4888e+06
3.48896e+06
3.48911e+06
3.48926e+06
3.4894e+06
3.48955e+06
3.48969e+06
3.48984e+06
3.48998e+06
3.49013e+06
3.49027e+06
3.49041e+06
3.49055e+06
3.49069e+06
3.49082e+06
3.49095e+06
3.49108e+06
3.47879e+06
3.4731e+06
3.47814e+06
3.47572e+06
3.47786e+06
3.47393e+06
3.47677e+06
3.47408e+06
3.47288e+06
3.46732e+06
3.47194e+06
3.47554e+06
3.47949e+06
3.4816e+06
3.48348e+06
3.48466e+06
3.48562e+06
3.4863e+06
3.48684e+06
3.48726e+06
3.4876e+06
3.48789e+06
3.48815e+06
3.48837e+06
3.48858e+06
3.48878e+06
3.48897e+06
3.48915e+06
3.48932e+06
3.48949e+06
3.48965e+06
3.48981e+06
3.48997e+06
3.49012e+06
3.49027e+06
3.49042e+06
3.49057e+06
3.49071e+06
3.49084e+06
3.47883e+06
3.46322e+06
3.47795e+06
3.46653e+06
3.47353e+06
3.46683e+06
3.47037e+06
3.46676e+06
3.46558e+06
3.4598e+06
3.46637e+06
3.47089e+06
3.47594e+06
3.47866e+06
3.4811e+06
3.48269e+06
3.48399e+06
3.48493e+06
3.48568e+06
3.48627e+06
3.48675e+06
3.48716e+06
3.4875e+06
3.4878e+06
3.48807e+06
3.48831e+06
3.48854e+06
3.48875e+06
3.48895e+06
3.48914e+06
3.48932e+06
3.4895e+06
3.48967e+06
3.48984e+06
3.49e+06
3.49016e+06
3.49031e+06
3.49046e+06
3.4906e+06
3.479e+06
3.45562e+06
3.47763e+06
3.45944e+06
3.46953e+06
3.46094e+06
3.46447e+06
3.46054e+06
3.45883e+06
3.45248e+06
3.46075e+06
3.46629e+06
3.47236e+06
3.47573e+06
3.47874e+06
3.48074e+06
3.48238e+06
3.48358e+06
3.48455e+06
3.48531e+06
3.48593e+06
3.48644e+06
3.48687e+06
3.48724e+06
3.48756e+06
3.48785e+06
3.48812e+06
3.48836e+06
3.48859e+06
3.4888e+06
3.489e+06
3.4892e+06
3.48938e+06
3.48956e+06
3.48973e+06
3.4899e+06
3.49006e+06
3.49022e+06
3.49037e+06
3.47768e+06
3.45168e+06
3.47642e+06
3.45545e+06
3.46582e+06
3.45669e+06
3.45944e+06
3.45577e+06
3.45307e+06
3.44573e+06
3.45502e+06
3.46182e+06
3.46887e+06
3.47293e+06
3.47648e+06
3.47889e+06
3.48085e+06
3.48231e+06
3.48348e+06
3.4844e+06
3.48514e+06
3.48576e+06
3.48627e+06
3.4867e+06
3.48708e+06
3.48741e+06
3.48771e+06
3.48798e+06
3.48823e+06
3.48847e+06
3.48869e+06
3.4889e+06
3.4891e+06
3.48929e+06
3.48947e+06
3.48965e+06
3.48982e+06
3.48998e+06
3.49014e+06
3.47534e+06
3.45164e+06
3.47373e+06
3.45497e+06
3.46244e+06
3.45441e+06
3.45564e+06
3.45258e+06
3.44878e+06
3.44013e+06
3.44951e+06
3.45782e+06
3.46563e+06
3.47043e+06
3.47443e+06
3.47723e+06
3.47948e+06
3.48117e+06
3.48251e+06
3.48357e+06
3.48443e+06
3.48513e+06
3.48571e+06
3.4862e+06
3.48663e+06
3.487e+06
3.48733e+06
3.48762e+06
3.4879e+06
3.48815e+06
3.48838e+06
3.4886e+06
3.48881e+06
3.48902e+06
3.48921e+06
3.48939e+06
3.48957e+06
3.48974e+06
3.48991e+06
3.47204e+06
3.45658e+06
3.47033e+06
3.45803e+06
3.45988e+06
3.45435e+06
3.45354e+06
3.45113e+06
3.44633e+06
3.43632e+06
3.44493e+06
3.4547e+06
3.46296e+06
3.46842e+06
3.47275e+06
3.47588e+06
3.47834e+06
3.48021e+06
3.48169e+06
3.46939e+06
3.46495e+06
3.46765e+06
3.46413e+06
3.45932e+06
3.45707e+06
3.45388e+06
3.45215e+06
3.44647e+06
3.43527e+06
3.44175e+06
3.45284e+06
3.46113e+06
3.4671e+06
3.47157e+06
3.47493e+06
3.47751e+06
3.44075e+06
3.45266e+06
)
;

boundaryField
{
    inlet
    {
        type            calculated;
        value           nonuniform List<scalar> 0();
    }
    outlet
    {
        type            calculated;
        value           uniform 3.5e+06;
    }
    walls
    {
        type            calculated;
        value           nonuniform List<scalar> 0();
    }
    side1
    {
        type            cyclic;
    }
    side2
    {
        type            cyclic;
    }
    procBoundary5to3
    {
        type            processor;
        value           nonuniform List<scalar> 
84
(
3.49957e+06
3.49935e+06
3.49918e+06
3.49897e+06
3.49876e+06
3.49854e+06
3.49833e+06
3.49811e+06
3.49788e+06
3.49766e+06
3.49743e+06
3.4972e+06
3.49697e+06
3.49673e+06
3.4965e+06
3.49626e+06
3.49602e+06
3.49578e+06
3.49554e+06
3.4953e+06
3.49506e+06
3.49482e+06
3.49457e+06
3.49433e+06
3.49409e+06
3.49385e+06
3.4936e+06
3.49336e+06
3.49312e+06
3.49287e+06
3.49263e+06
3.49239e+06
3.49215e+06
3.49191e+06
3.49168e+06
3.49144e+06
3.49121e+06
3.49097e+06
3.49074e+06
3.49051e+06
3.49029e+06
3.49006e+06
3.49957e+06
3.49935e+06
3.49918e+06
3.49897e+06
3.49876e+06
3.49854e+06
3.49833e+06
3.49811e+06
3.49788e+06
3.49766e+06
3.49743e+06
3.4972e+06
3.49697e+06
3.49673e+06
3.4965e+06
3.49626e+06
3.49602e+06
3.49578e+06
3.49554e+06
3.4953e+06
3.49506e+06
3.49482e+06
3.49457e+06
3.49433e+06
3.49409e+06
3.49385e+06
3.4936e+06
3.49336e+06
3.49312e+06
3.49287e+06
3.49263e+06
3.49239e+06
3.49215e+06
3.49191e+06
3.49168e+06
3.49144e+06
3.49121e+06
3.49097e+06
3.49074e+06
3.49051e+06
3.49029e+06
3.49006e+06
)
;
    }
    procBoundary5to4
    {
        type            processor;
        value           nonuniform List<scalar> 
86
(
3.48287e+06
3.48381e+06
3.48458e+06
3.48522e+06
3.48575e+06
3.48621e+06
3.48661e+06
3.48697e+06
3.48728e+06
3.48757e+06
3.48784e+06
3.48809e+06
3.48832e+06
3.48854e+06
3.48875e+06
3.48895e+06
3.48915e+06
3.48933e+06
3.48951e+06
3.48968e+06
3.4795e+06
3.48287e+06
3.48106e+06
3.46777e+06
3.47468e+06
3.46841e+06
3.47268e+06
3.46265e+06
3.46345e+06
3.45787e+06
3.45756e+06
3.45089e+06
3.43844e+06
3.4604e+06
3.46665e+06
3.47102e+06
3.47447e+06
3.4795e+06
3.47704e+06
3.43844e+06
3.44265e+06
3.4604e+06
3.45442e+06
3.48287e+06
3.48381e+06
3.48458e+06
3.48522e+06
3.48575e+06
3.48621e+06
3.48661e+06
3.48697e+06
3.48728e+06
3.48757e+06
3.48784e+06
3.48809e+06
3.48832e+06
3.48854e+06
3.48875e+06
3.48895e+06
3.48915e+06
3.48933e+06
3.48951e+06
3.48968e+06
3.4795e+06
3.48287e+06
3.48106e+06
3.46777e+06
3.47468e+06
3.46841e+06
3.47268e+06
3.46265e+06
3.46345e+06
3.45787e+06
3.45756e+06
3.45089e+06
3.43844e+06
3.4604e+06
3.46665e+06
3.47102e+06
3.47447e+06
3.4795e+06
3.47704e+06
3.43844e+06
3.44265e+06
3.4604e+06
3.45442e+06
)
;
    }
}


// ************************************************************************* //
