/*--------------------------------*- C++ -*----------------------------------*\
| =========                 |                                                 |
| \\      /  F ield         | OpenFOAM: The Open Source CFD Toolbox           |
|  \\    /   O peration     | Version:  v2012                                 |
|   \\  /    A nd           | Website:  www.openfoam.com                      |
|    \\/     M anipulation  |                                                 |
\*---------------------------------------------------------------------------*/
FoamFile
{
    version     2.0;
    format      ascii;
    class       volScalarField;
    location    "0.7";
    object      p;
}
// * * * * * * * * * * * * * * * * * * * * * * * * * * * * * * * * * * * * * //

dimensions      [1 -1 -2 0 0 0 0];


internalField   nonuniform List<scalar> 
2650
(
4.10411e+06
4.44149e+06
4.49487e+06
4.53379e+06
4.67525e+06
4.38289e+06
4.4072e+06
4.44843e+06
4.4117e+06
4.42062e+06
4.49229e+06
4.46489e+06
4.44635e+06
4.42765e+06
4.42065e+06
4.45356e+06
4.50032e+06
4.53986e+06
4.52494e+06
4.51446e+06
5.11604e+06
4.46806e+06
4.46475e+06
4.49129e+06
4.47584e+06
4.37246e+06
4.41525e+06
4.42009e+06
4.43892e+06
4.43604e+06
4.38308e+06
4.40427e+06
4.37455e+06
4.38744e+06
4.38678e+06
4.34027e+06
4.33396e+06
4.32164e+06
4.31309e+06
4.31744e+06
4.38166e+06
4.24001e+06
4.26896e+06
4.23264e+06
4.24301e+06
4.20823e+06
4.13585e+06
4.17571e+06
4.15657e+06
4.16268e+06
3.96291e+06
4.03706e+06
4.08423e+06
4.10051e+06
4.1027e+06
3.94887e+06
4.05727e+06
4.03587e+06
4.07201e+06
4.06748e+06
3.95904e+06
4.03284e+06
4.01302e+06
4.04563e+06
4.04641e+06
4.00798e+06
4.0332e+06
4.05595e+06
4.04143e+06
4.05822e+06
4.0028e+06
4.00182e+06
4.06543e+06
4.02463e+06
4.02861e+06
4.78817e+06
4.50966e+06
4.48305e+06
4.48412e+06
4.46159e+06
4.64714e+06
4.41985e+06
4.39589e+06
4.41908e+06
4.01901e+06
5.70725e+06
5.72234e+06
5.72736e+06
5.71857e+06
5.61911e+06
5.90234e+06
5.98881e+06
6.04404e+06
6.06432e+06
6.07802e+06
6.08448e+06
6.08909e+06
6.09184e+06
6.0938e+06
6.09513e+06
6.0961e+06
6.09681e+06
6.09735e+06
6.09776e+06
6.09808e+06
6.09834e+06
6.09854e+06
6.09871e+06
6.09885e+06
6.09896e+06
6.09905e+06
6.09913e+06
6.0992e+06
6.09926e+06
6.09931e+06
6.09935e+06
5.839e+06
5.84135e+06
5.85198e+06
5.87283e+06
5.91808e+06
6.02e+06
6.03361e+06
6.06229e+06
6.07242e+06
6.08174e+06
6.08635e+06
6.09005e+06
6.09238e+06
6.0941e+06
6.09531e+06
6.09621e+06
6.09688e+06
6.09739e+06
6.09778e+06
6.0981e+06
6.09835e+06
6.09855e+06
6.09871e+06
6.09885e+06
6.09896e+06
6.09905e+06
6.09913e+06
6.0992e+06
6.09926e+06
6.09931e+06
6.09935e+06
6.01895e+06
6.01987e+06
6.02274e+06
6.02584e+06
6.02916e+06
6.04946e+06
6.05842e+06
6.07119e+06
6.07832e+06
6.08442e+06
6.08805e+06
6.09099e+06
6.09297e+06
6.09447e+06
6.09554e+06
6.09636e+06
6.09698e+06
6.09746e+06
6.09783e+06
6.09813e+06
6.09837e+06
6.09856e+06
6.09872e+06
6.09885e+06
6.09896e+06
6.09905e+06
6.09913e+06
6.0992e+06
6.09926e+06
6.09931e+06
6.09935e+06
6.03608e+06
6.03857e+06
6.04255e+06
6.04869e+06
6.05615e+06
6.06749e+06
6.07241e+06
6.07959e+06
6.08384e+06
6.08773e+06
6.09016e+06
6.09228e+06
6.0938e+06
6.095e+06
6.09589e+06
6.0966e+06
6.09714e+06
6.09757e+06
6.09791e+06
6.09818e+06
6.09841e+06
6.09859e+06
6.09874e+06
6.09887e+06
6.09897e+06
6.09906e+06
6.09914e+06
6.0992e+06
6.09926e+06
6.09931e+06
6.09935e+06
6.06437e+06
6.06667e+06
6.06969e+06
6.07211e+06
6.07489e+06
6.07865e+06
6.08133e+06
6.08486e+06
6.08769e+06
6.09012e+06
6.09182e+06
6.09336e+06
6.09454e+06
6.0955e+06
6.09624e+06
6.09684e+06
6.09731e+06
6.09769e+06
6.098e+06
6.09825e+06
6.09846e+06
6.09863e+06
6.09877e+06
6.09889e+06
6.09899e+06
6.09907e+06
6.09915e+06
6.09921e+06
6.09926e+06
6.09931e+06
6.09935e+06
6.08622e+06
6.08058e+06
6.07653e+06
6.07746e+06
6.08034e+06
6.08329e+06
6.08536e+06
6.08797e+06
6.09017e+06
6.09194e+06
6.09318e+06
6.09433e+06
6.09524e+06
6.096e+06
6.0966e+06
6.0971e+06
6.0975e+06
6.09783e+06
6.0981e+06
6.09832e+06
6.09851e+06
6.09867e+06
6.0988e+06
6.09891e+06
6.09901e+06
6.09909e+06
6.09916e+06
6.09922e+06
6.09927e+06
6.09931e+06
6.09935e+06
6.09234e+06
6.09047e+06
6.08879e+06
6.08737e+06
6.08683e+06
6.08781e+06
6.08912e+06
6.09068e+06
6.09224e+06
6.09344e+06
6.0943e+06
6.09515e+06
6.09585e+06
6.09645e+06
6.09694e+06
6.09735e+06
6.09769e+06
6.09797e+06
6.0982e+06
6.0984e+06
6.09857e+06
6.09871e+06
6.09883e+06
6.09894e+06
6.09903e+06
6.0991e+06
6.09917e+06
6.09923e+06
6.09928e+06
6.09932e+06
6.09936e+06
6.09401e+06
6.09246e+06
6.09122e+06
6.08984e+06
6.08899e+06
6.08976e+06
6.09089e+06
6.09217e+06
6.09351e+06
6.09447e+06
6.09514e+06
6.09581e+06
6.09637e+06
6.09685e+06
6.09725e+06
6.09758e+06
6.09787e+06
6.09811e+06
6.09831e+06
6.09848e+06
6.09863e+06
6.09876e+06
6.09887e+06
6.09897e+06
6.09905e+06
6.09912e+06
6.09918e+06
6.09924e+06
6.09928e+06
6.09932e+06
6.09936e+06
6.09514e+06
6.09421e+06
6.09347e+06
6.0923e+06
6.09143e+06
6.09189e+06
6.09268e+06
6.09365e+06
6.09477e+06
6.09547e+06
6.09593e+06
6.09643e+06
6.09685e+06
6.09722e+06
6.09754e+06
6.09781e+06
6.09804e+06
6.09824e+06
6.09842e+06
6.09857e+06
6.0987e+06
6.09881e+06
6.09891e+06
6.099e+06
6.09907e+06
6.09914e+06
6.0992e+06
6.09925e+06
6.09929e+06
6.09933e+06
6.09937e+06
6.09642e+06
6.09526e+06
6.09424e+06
6.09378e+06
6.0941e+06
6.09421e+06
6.09399e+06
6.09462e+06
6.09562e+06
6.09616e+06
6.09651e+06
6.09691e+06
6.09724e+06
6.09753e+06
6.09779e+06
6.09801e+06
6.0982e+06
6.09837e+06
6.09852e+06
6.09865e+06
6.09876e+06
6.09886e+06
6.09895e+06
6.09903e+06
6.0991e+06
6.09916e+06
6.09921e+06
6.09926e+06
6.0993e+06
6.09934e+06
6.09937e+06
6.09658e+06
6.09634e+06
6.09595e+06
6.09567e+06
6.09563e+06
6.09569e+06
6.09584e+06
6.09616e+06
6.0965e+06
6.0968e+06
6.09706e+06
6.09734e+06
6.09759e+06
6.09781e+06
6.09801e+06
6.09819e+06
6.09835e+06
6.09849e+06
6.09861e+06
6.09872e+06
6.09882e+06
6.09891e+06
6.09899e+06
6.09906e+06
6.09912e+06
6.09918e+06
6.09923e+06
6.09927e+06
6.09931e+06
6.09935e+06
6.09938e+06
6.09647e+06
6.09637e+06
6.09629e+06
6.09628e+06
6.09634e+06
6.09643e+06
6.0966e+06
6.09681e+06
6.09704e+06
6.09727e+06
6.09747e+06
6.09768e+06
6.09787e+06
6.09805e+06
6.09821e+06
6.09835e+06
6.09848e+06
6.09859e+06
6.0987e+06
6.09879e+06
6.09888e+06
6.09896e+06
6.09903e+06
6.09909e+06
6.09915e+06
6.0992e+06
6.09924e+06
6.09929e+06
6.09932e+06
6.09936e+06
6.09939e+06
6.0964e+06
6.0966e+06
6.09667e+06
6.09676e+06
6.09687e+06
6.09702e+06
6.09715e+06
6.09731e+06
6.0975e+06
6.09767e+06
6.09782e+06
6.09798e+06
6.09813e+06
6.09826e+06
6.09838e+06
6.0985e+06
6.0986e+06
6.09869e+06
6.09878e+06
6.09886e+06
6.09894e+06
6.099e+06
6.09907e+06
6.09912e+06
6.09917e+06
6.09922e+06
6.09926e+06
6.0993e+06
6.09933e+06
6.09936e+06
6.09939e+06
6.09915e+06
6.09818e+06
6.09725e+06
6.09714e+06
6.09729e+06
6.09744e+06
6.09754e+06
6.09769e+06
6.09784e+06
6.09797e+06
6.09808e+06
6.09821e+06
6.09832e+06
6.09843e+06
6.09853e+06
6.09862e+06
6.09871e+06
6.09878e+06
6.09886e+06
6.09893e+06
6.09899e+06
6.09905e+06
6.0991e+06
6.09915e+06
6.0992e+06
6.09924e+06
6.09928e+06
6.09931e+06
6.09935e+06
6.09937e+06
6.0994e+06
6.09901e+06
6.09876e+06
6.09817e+06
6.09789e+06
6.09775e+06
6.09783e+06
6.09792e+06
6.09803e+06
6.09814e+06
6.09822e+06
6.09831e+06
6.09841e+06
6.0985e+06
6.09858e+06
6.09866e+06
6.09873e+06
6.0988e+06
6.09886e+06
6.09893e+06
6.09898e+06
6.09904e+06
6.09909e+06
6.09914e+06
6.09918e+06
6.09922e+06
6.09926e+06
6.09929e+06
6.09933e+06
6.09936e+06
6.09938e+06
6.09941e+06
6.09906e+06
6.09884e+06
6.09837e+06
6.09814e+06
6.09802e+06
6.0981e+06
6.09818e+06
6.09827e+06
6.09835e+06
6.09841e+06
6.09848e+06
6.09856e+06
6.09863e+06
6.0987e+06
6.09877e+06
6.09883e+06
6.09888e+06
6.09894e+06
6.09899e+06
6.09904e+06
6.09908e+06
6.09913e+06
6.09917e+06
6.09921e+06
6.09925e+06
6.09928e+06
6.09931e+06
6.09934e+06
6.09937e+06
6.09939e+06
6.09942e+06
6.09886e+06
6.09882e+06
6.09849e+06
6.09834e+06
6.09823e+06
6.09832e+06
6.09839e+06
6.09847e+06
6.09855e+06
6.09859e+06
6.09863e+06
6.0987e+06
6.09875e+06
6.09881e+06
6.09886e+06
6.09891e+06
6.09896e+06
6.099e+06
6.09904e+06
6.09909e+06
6.09913e+06
6.09916e+06
6.0992e+06
6.09924e+06
6.09927e+06
6.0993e+06
6.09933e+06
6.09935e+06
6.09938e+06
6.0994e+06
6.09942e+06
6.09919e+06
6.09901e+06
6.09866e+06
6.09856e+06
6.09855e+06
6.09858e+06
6.09853e+06
6.0986e+06
6.09868e+06
6.09872e+06
6.09875e+06
6.0988e+06
6.09885e+06
6.0989e+06
6.09894e+06
6.09898e+06
6.09902e+06
6.09906e+06
6.09909e+06
6.09913e+06
6.09916e+06
6.0992e+06
6.09923e+06
6.09926e+06
6.09929e+06
6.09932e+06
6.09934e+06
6.09937e+06
6.09939e+06
6.09941e+06
6.09943e+06
6.09911e+06
6.0991e+06
6.09892e+06
6.09884e+06
6.09875e+06
6.09873e+06
6.09873e+06
6.09877e+06
6.0988e+06
6.09883e+06
6.09886e+06
6.0989e+06
6.09894e+06
6.09898e+06
6.09901e+06
6.09905e+06
6.09908e+06
6.09911e+06
6.09914e+06
6.09917e+06
6.0992e+06
6.09923e+06
6.09926e+06
6.09928e+06
6.09931e+06
6.09933e+06
6.09936e+06
6.09938e+06
6.0994e+06
6.09942e+06
6.09944e+06
6.099e+06
6.09901e+06
6.09893e+06
6.09891e+06
6.09886e+06
6.09885e+06
6.09883e+06
6.09886e+06
6.0989e+06
6.09893e+06
6.09896e+06
6.09899e+06
6.09902e+06
6.09905e+06
6.09908e+06
6.09911e+06
6.09913e+06
6.09916e+06
6.09918e+06
6.09921e+06
6.09923e+06
6.09926e+06
6.09928e+06
6.09931e+06
6.09933e+06
6.09935e+06
6.09937e+06
6.09939e+06
6.09941e+06
6.09943e+06
6.09945e+06
6.09889e+06
6.09897e+06
6.09892e+06
6.09894e+06
6.09893e+06
6.09894e+06
6.09893e+06
6.09896e+06
6.09899e+06
6.09902e+06
6.09904e+06
6.09907e+06
6.09909e+06
6.09911e+06
6.09914e+06
6.09916e+06
6.09918e+06
6.0992e+06
6.09922e+06
6.09924e+06
6.09926e+06
6.09929e+06
6.09931e+06
6.09933e+06
6.09935e+06
6.09937e+06
6.09939e+06
6.0994e+06
6.09942e+06
6.09944e+06
6.09945e+06
6.09962e+06
6.09945e+06
6.09907e+06
6.09902e+06
6.09901e+06
6.09902e+06
6.09902e+06
6.09905e+06
6.09907e+06
6.09909e+06
6.09911e+06
6.09913e+06
6.09915e+06
6.09917e+06
6.09919e+06
6.0992e+06
6.09922e+06
6.09924e+06
6.09925e+06
6.09927e+06
6.09929e+06
6.09931e+06
6.09933e+06
6.09935e+06
6.09937e+06
6.09938e+06
6.0994e+06
6.09942e+06
6.09943e+06
6.09945e+06
6.09946e+06
6.09953e+06
6.09962e+06
6.09937e+06
6.09926e+06
6.09911e+06
6.09909e+06
6.09909e+06
6.09912e+06
6.09914e+06
6.09915e+06
6.09917e+06
6.09918e+06
6.0992e+06
6.09921e+06
6.09923e+06
6.09924e+06
6.09926e+06
6.09927e+06
6.09929e+06
6.0993e+06
6.09932e+06
6.09933e+06
6.09935e+06
6.09937e+06
6.09938e+06
6.0994e+06
6.09941e+06
6.09943e+06
6.09944e+06
6.09946e+06
6.09947e+06
6.09954e+06
6.09965e+06
6.09944e+06
6.09932e+06
6.09917e+06
6.09914e+06
6.09914e+06
6.09917e+06
6.09919e+06
6.0992e+06
6.09921e+06
6.09923e+06
6.09924e+06
6.09925e+06
6.09927e+06
6.09928e+06
6.09929e+06
6.0993e+06
6.09931e+06
6.09933e+06
6.09934e+06
6.09935e+06
6.09937e+06
6.09938e+06
6.0994e+06
6.09941e+06
6.09943e+06
6.09944e+06
6.09945e+06
6.09946e+06
6.09948e+06
6.09943e+06
6.09958e+06
6.09944e+06
6.09935e+06
6.09922e+06
6.0992e+06
6.09918e+06
6.09921e+06
6.09923e+06
6.09925e+06
6.09925e+06
6.09927e+06
6.09928e+06
6.09929e+06
6.0993e+06
6.09931e+06
6.09932e+06
6.09933e+06
6.09934e+06
6.09935e+06
6.09936e+06
6.09937e+06
6.09939e+06
6.0994e+06
6.09941e+06
6.09942e+06
6.09944e+06
6.09945e+06
6.09946e+06
6.09947e+06
6.09948e+06
6.0995e+06
6.09956e+06
6.09942e+06
6.09942e+06
6.09937e+06
6.09934e+06
6.09924e+06
6.09925e+06
6.09927e+06
6.09928e+06
6.09929e+06
6.0993e+06
6.09931e+06
6.09932e+06
6.09933e+06
6.09934e+06
6.09934e+06
6.09935e+06
6.09936e+06
6.09937e+06
6.09938e+06
6.09939e+06
6.0994e+06
6.09941e+06
6.09943e+06
6.09944e+06
6.09945e+06
6.09946e+06
6.09947e+06
6.09948e+06
6.09949e+06
6.09944e+06
6.09951e+06
6.09947e+06
6.09947e+06
6.09942e+06
6.0994e+06
6.09936e+06
6.09935e+06
6.09931e+06
6.09931e+06
6.09931e+06
6.09933e+06
6.09933e+06
6.09934e+06
6.09935e+06
6.09936e+06
6.09937e+06
6.09938e+06
6.09938e+06
6.09939e+06
6.0994e+06
6.09941e+06
6.09942e+06
6.09943e+06
6.09944e+06
6.09945e+06
6.09946e+06
6.09947e+06
6.09948e+06
6.09949e+06
6.0995e+06
6.09938e+06
6.09943e+06
6.09943e+06
6.09945e+06
6.09942e+06
6.09943e+06
6.09941e+06
6.0994e+06
6.09935e+06
6.09934e+06
6.09934e+06
6.09935e+06
6.09936e+06
6.09937e+06
6.09938e+06
6.09938e+06
6.09939e+06
6.0994e+06
6.0994e+06
6.09941e+06
6.09942e+06
6.09943e+06
6.09944e+06
6.09944e+06
6.09945e+06
6.09946e+06
6.09947e+06
6.09948e+06
6.09949e+06
6.0995e+06
6.0995e+06
6.09933e+06
6.09937e+06
6.0994e+06
6.09943e+06
6.09943e+06
6.09945e+06
6.09944e+06
6.09942e+06
6.09937e+06
6.09937e+06
6.09937e+06
6.09938e+06
6.09939e+06
6.0994e+06
6.0994e+06
6.09941e+06
6.09941e+06
6.09942e+06
6.09942e+06
6.09943e+06
6.09944e+06
6.09944e+06
6.09945e+06
6.09946e+06
6.09946e+06
6.09947e+06
6.09948e+06
6.09949e+06
6.0995e+06
6.0995e+06
6.09951e+06
6.09958e+06
6.0996e+06
6.09946e+06
6.09945e+06
6.09946e+06
6.09947e+06
6.09947e+06
6.09945e+06
6.0994e+06
6.09939e+06
6.0994e+06
6.09941e+06
6.09941e+06
6.09942e+06
6.09942e+06
6.09943e+06
6.09943e+06
6.09944e+06
6.09944e+06
6.09945e+06
6.09945e+06
6.09946e+06
6.09946e+06
6.09947e+06
6.09948e+06
6.09948e+06
6.09949e+06
6.0995e+06
6.0995e+06
6.09951e+06
6.09952e+06
6.09961e+06
6.09971e+06
6.09965e+06
6.09957e+06
6.09951e+06
6.09949e+06
6.09949e+06
6.09948e+06
6.09942e+06
6.09941e+06
6.09942e+06
6.09943e+06
6.09943e+06
6.09944e+06
6.09944e+06
6.09945e+06
6.09945e+06
6.09945e+06
6.09946e+06
6.09946e+06
6.09947e+06
6.09947e+06
6.09948e+06
6.09948e+06
6.09949e+06
6.09949e+06
6.0995e+06
6.09951e+06
6.09951e+06
6.09952e+06
6.09952e+06
6.09966e+06
6.09975e+06
6.0997e+06
6.09961e+06
6.09953e+06
6.0995e+06
6.0995e+06
6.09949e+06
6.09944e+06
6.09943e+06
6.09943e+06
6.09944e+06
6.09945e+06
6.09945e+06
6.09946e+06
6.09946e+06
6.09947e+06
6.09947e+06
6.09947e+06
6.09948e+06
6.09948e+06
6.09948e+06
6.09949e+06
6.09949e+06
6.0995e+06
6.0995e+06
6.09951e+06
6.09951e+06
6.09952e+06
6.09953e+06
6.09953e+06
6.09964e+06
6.09972e+06
6.0997e+06
6.09961e+06
6.09955e+06
6.09952e+06
6.09951e+06
6.0995e+06
6.09946e+06
6.09945e+06
6.09945e+06
6.09946e+06
6.09947e+06
6.09947e+06
6.09948e+06
6.09948e+06
6.09948e+06
6.09948e+06
6.09949e+06
6.09949e+06
6.09949e+06
6.0995e+06
6.0995e+06
6.09951e+06
6.09951e+06
6.09951e+06
6.09952e+06
6.09952e+06
6.09953e+06
6.09953e+06
6.09954e+06
6.09964e+06
6.09969e+06
6.09965e+06
6.09965e+06
6.09966e+06
6.09963e+06
6.09957e+06
6.09954e+06
6.09949e+06
6.09947e+06
6.09947e+06
6.09948e+06
6.09948e+06
6.09949e+06
6.09949e+06
6.0995e+06
6.0995e+06
6.0995e+06
6.0995e+06
6.0995e+06
6.09951e+06
6.09951e+06
6.09951e+06
6.09952e+06
6.09952e+06
6.09952e+06
6.09953e+06
6.09953e+06
6.09954e+06
6.09954e+06
6.09954e+06
6.09955e+06
6.0996e+06
6.09965e+06
6.09967e+06
6.09966e+06
6.09966e+06
6.09965e+06
6.09961e+06
6.09952e+06
6.09948e+06
6.09949e+06
6.09949e+06
6.0995e+06
6.0995e+06
6.09951e+06
6.09951e+06
6.09951e+06
6.09951e+06
6.09952e+06
6.09952e+06
6.09952e+06
6.09952e+06
6.09952e+06
6.09953e+06
6.09953e+06
6.09953e+06
6.09954e+06
6.09954e+06
6.09954e+06
6.09955e+06
6.09955e+06
6.09953e+06
6.09958e+06
6.09964e+06
6.09967e+06
6.09969e+06
6.0997e+06
6.0997e+06
6.09965e+06
6.09955e+06
6.09951e+06
6.09951e+06
6.09952e+06
6.09952e+06
6.09952e+06
6.09953e+06
6.09953e+06
6.09953e+06
6.09953e+06
6.09953e+06
6.09953e+06
6.09953e+06
6.09953e+06
6.09954e+06
6.09954e+06
6.09954e+06
6.09954e+06
6.09954e+06
6.09955e+06
6.09955e+06
6.09955e+06
6.09956e+06
6.09945e+06
6.09953e+06
6.0996e+06
6.09965e+06
6.09968e+06
6.0997e+06
6.09971e+06
6.09966e+06
6.09957e+06
6.09953e+06
6.09953e+06
6.09953e+06
6.09954e+06
6.09954e+06
6.09954e+06
6.09954e+06
6.09954e+06
6.09954e+06
6.09954e+06
6.09954e+06
6.09954e+06
6.09955e+06
6.09955e+06
6.09955e+06
6.09955e+06
6.09955e+06
6.09955e+06
6.09956e+06
6.09956e+06
6.09956e+06
6.09956e+06
6.09958e+06
6.09961e+06
6.09966e+06
6.0997e+06
6.09974e+06
6.09975e+06
6.09977e+06
6.09972e+06
6.09962e+06
6.09957e+06
6.09957e+06
6.09957e+06
6.09956e+06
6.09956e+06
6.09956e+06
6.09956e+06
6.09956e+06
6.09956e+06
6.09956e+06
6.09956e+06
6.09956e+06
6.09956e+06
6.09956e+06
6.09956e+06
6.09956e+06
6.09956e+06
6.09956e+06
6.09956e+06
6.09956e+06
6.09957e+06
6.09957e+06
6.09956e+06
6.09962e+06
6.09968e+06
6.09973e+06
6.09974e+06
6.09977e+06
6.09977e+06
6.09972e+06
6.09961e+06
6.09957e+06
6.09956e+06
6.09956e+06
6.09956e+06
6.09956e+06
6.09956e+06
6.09956e+06
6.09956e+06
6.09956e+06
6.09956e+06
6.09957e+06
6.09957e+06
6.09957e+06
6.09957e+06
6.09957e+06
6.09957e+06
6.09957e+06
6.09957e+06
6.09957e+06
6.09957e+06
6.09957e+06
6.09957e+06
6.09955e+06
6.0996e+06
6.09969e+06
6.09971e+06
6.09975e+06
6.09976e+06
6.09976e+06
6.09971e+06
6.09964e+06
6.09961e+06
6.09961e+06
6.0996e+06
6.0996e+06
6.0996e+06
6.09959e+06
6.09959e+06
6.09959e+06
6.09959e+06
6.09959e+06
6.09958e+06
6.09958e+06
6.09958e+06
6.09958e+06
6.09958e+06
6.09958e+06
6.09958e+06
6.09958e+06
6.09958e+06
6.09958e+06
6.09958e+06
6.09958e+06
4.1041e+06
4.44148e+06
4.49487e+06
4.53379e+06
4.67525e+06
4.38288e+06
4.4072e+06
4.44843e+06
4.4117e+06
4.42062e+06
4.4923e+06
4.46489e+06
4.44635e+06
4.42765e+06
4.42065e+06
4.45354e+06
4.50031e+06
4.53986e+06
4.52494e+06
4.51446e+06
5.11602e+06
4.46805e+06
4.46475e+06
4.49129e+06
4.47584e+06
4.37244e+06
4.41524e+06
4.42009e+06
4.43892e+06
4.43604e+06
4.38308e+06
4.40427e+06
4.37455e+06
4.38744e+06
4.38678e+06
4.34026e+06
4.33395e+06
4.32164e+06
4.31309e+06
4.31744e+06
4.38166e+06
4.24001e+06
4.26896e+06
4.23264e+06
4.24301e+06
4.20823e+06
4.13585e+06
4.17571e+06
4.15657e+06
4.16268e+06
3.96293e+06
4.03707e+06
4.08423e+06
4.10051e+06
4.1027e+06
3.94888e+06
4.05727e+06
4.03587e+06
4.07201e+06
4.06748e+06
3.95904e+06
4.03284e+06
4.01302e+06
4.04563e+06
4.04641e+06
4.00798e+06
4.0332e+06
4.05595e+06
4.04143e+06
4.05822e+06
4.0028e+06
4.00182e+06
4.06543e+06
4.02463e+06
4.02861e+06
4.78817e+06
4.50966e+06
4.48305e+06
4.48412e+06
4.46159e+06
4.64714e+06
4.41985e+06
4.39589e+06
4.41908e+06
4.01901e+06
5.70725e+06
5.72234e+06
5.72736e+06
5.71857e+06
5.61911e+06
5.90234e+06
5.98881e+06
6.04404e+06
6.06432e+06
6.07802e+06
6.08448e+06
6.08909e+06
6.09184e+06
6.0938e+06
6.09513e+06
6.0961e+06
6.09681e+06
6.09735e+06
6.09776e+06
6.09808e+06
6.09834e+06
6.09854e+06
6.09871e+06
6.09885e+06
6.09896e+06
6.09905e+06
6.09913e+06
6.0992e+06
6.09926e+06
6.09931e+06
6.09935e+06
5.839e+06
5.84135e+06
5.85198e+06
5.87283e+06
5.91808e+06
6.02e+06
6.03361e+06
6.06229e+06
6.07242e+06
6.08174e+06
6.08635e+06
6.09005e+06
6.09238e+06
6.0941e+06
6.09531e+06
6.09621e+06
6.09688e+06
6.09739e+06
6.09778e+06
6.0981e+06
6.09835e+06
6.09855e+06
6.09871e+06
6.09885e+06
6.09896e+06
6.09905e+06
6.09913e+06
6.0992e+06
6.09926e+06
6.09931e+06
6.09935e+06
6.01895e+06
6.01987e+06
6.02274e+06
6.02584e+06
6.02916e+06
6.04946e+06
6.05842e+06
6.07119e+06
6.07832e+06
6.08442e+06
6.08805e+06
6.09099e+06
6.09297e+06
6.09447e+06
6.09554e+06
6.09636e+06
6.09698e+06
6.09746e+06
6.09783e+06
6.09813e+06
6.09837e+06
6.09856e+06
6.09872e+06
6.09885e+06
6.09896e+06
6.09905e+06
6.09913e+06
6.0992e+06
6.09926e+06
6.09931e+06
6.09935e+06
6.03608e+06
6.03857e+06
6.04255e+06
6.04869e+06
6.05615e+06
6.06749e+06
6.07241e+06
6.07959e+06
6.08384e+06
6.08773e+06
6.09016e+06
6.09228e+06
6.0938e+06
6.095e+06
6.09589e+06
6.0966e+06
6.09714e+06
6.09757e+06
6.09791e+06
6.09818e+06
6.09841e+06
6.09859e+06
6.09874e+06
6.09887e+06
6.09897e+06
6.09906e+06
6.09914e+06
6.0992e+06
6.09926e+06
6.09931e+06
6.09935e+06
6.06437e+06
6.06667e+06
6.06969e+06
6.07211e+06
6.07489e+06
6.07865e+06
6.08133e+06
6.08486e+06
6.08769e+06
6.09012e+06
6.09182e+06
6.09336e+06
6.09454e+06
6.0955e+06
6.09624e+06
6.09684e+06
6.09731e+06
6.09769e+06
6.098e+06
6.09825e+06
6.09846e+06
6.09863e+06
6.09877e+06
6.09889e+06
6.09899e+06
6.09907e+06
6.09915e+06
6.09921e+06
6.09926e+06
6.09931e+06
6.09935e+06
6.08622e+06
6.08058e+06
6.07653e+06
6.07746e+06
6.08034e+06
6.08329e+06
6.08536e+06
6.08797e+06
6.09017e+06
6.09194e+06
6.09318e+06
6.09433e+06
6.09524e+06
6.096e+06
6.0966e+06
6.0971e+06
6.0975e+06
6.09783e+06
6.0981e+06
6.09832e+06
6.09851e+06
6.09867e+06
6.0988e+06
6.09891e+06
6.09901e+06
6.09909e+06
6.09916e+06
6.09922e+06
6.09927e+06
6.09931e+06
6.09935e+06
6.09234e+06
6.09047e+06
6.08879e+06
6.08737e+06
6.08683e+06
6.08781e+06
6.08912e+06
6.09068e+06
6.09224e+06
6.09344e+06
6.0943e+06
6.09515e+06
6.09585e+06
6.09645e+06
6.09694e+06
6.09735e+06
6.09769e+06
6.09797e+06
6.0982e+06
6.0984e+06
6.09857e+06
6.09871e+06
6.09883e+06
6.09894e+06
6.09903e+06
6.0991e+06
6.09917e+06
6.09923e+06
6.09928e+06
6.09932e+06
6.09936e+06
6.09401e+06
6.09246e+06
6.09122e+06
6.08984e+06
6.08899e+06
6.08976e+06
6.09089e+06
6.09217e+06
6.09351e+06
6.09447e+06
6.09514e+06
6.09581e+06
6.09637e+06
6.09685e+06
6.09725e+06
6.09758e+06
6.09787e+06
6.09811e+06
6.09831e+06
6.09848e+06
6.09863e+06
6.09876e+06
6.09887e+06
6.09897e+06
6.09905e+06
6.09912e+06
6.09918e+06
6.09924e+06
6.09928e+06
6.09932e+06
6.09936e+06
6.09514e+06
6.09421e+06
6.09347e+06
6.0923e+06
6.09143e+06
6.09189e+06
6.09268e+06
6.09365e+06
6.09477e+06
6.09547e+06
6.09593e+06
6.09643e+06
6.09685e+06
6.09722e+06
6.09754e+06
6.09781e+06
6.09804e+06
6.09824e+06
6.09842e+06
6.09857e+06
6.0987e+06
6.09881e+06
6.09891e+06
6.099e+06
6.09907e+06
6.09914e+06
6.0992e+06
6.09925e+06
6.09929e+06
6.09933e+06
6.09937e+06
6.09642e+06
6.09526e+06
6.09424e+06
6.09378e+06
6.0941e+06
6.09421e+06
6.09399e+06
6.09462e+06
6.09562e+06
6.09616e+06
6.09651e+06
6.09691e+06
6.09724e+06
6.09753e+06
6.09779e+06
6.09801e+06
6.0982e+06
6.09837e+06
6.09852e+06
6.09865e+06
6.09876e+06
6.09886e+06
6.09895e+06
6.09903e+06
6.0991e+06
6.09916e+06
6.09921e+06
6.09926e+06
6.0993e+06
6.09934e+06
6.09937e+06
6.09658e+06
6.09634e+06
6.09595e+06
6.09567e+06
6.09563e+06
6.09569e+06
6.09584e+06
6.09616e+06
6.0965e+06
6.0968e+06
6.09706e+06
6.09734e+06
6.09759e+06
6.09781e+06
6.09801e+06
6.09819e+06
6.09835e+06
6.09849e+06
6.09861e+06
6.09872e+06
6.09882e+06
6.09891e+06
6.09899e+06
6.09906e+06
6.09912e+06
6.09918e+06
6.09923e+06
6.09927e+06
6.09931e+06
6.09935e+06
6.09938e+06
6.09647e+06
6.09637e+06
6.09629e+06
6.09628e+06
6.09634e+06
6.09643e+06
6.0966e+06
6.09681e+06
6.09704e+06
6.09727e+06
6.09747e+06
6.09768e+06
6.09787e+06
6.09805e+06
6.09821e+06
6.09835e+06
6.09848e+06
6.09859e+06
6.0987e+06
6.09879e+06
6.09888e+06
6.09896e+06
6.09903e+06
6.09909e+06
6.09915e+06
6.0992e+06
6.09924e+06
6.09929e+06
6.09932e+06
6.09936e+06
6.09939e+06
6.0964e+06
6.0966e+06
6.09667e+06
6.09676e+06
6.09687e+06
6.09702e+06
6.09715e+06
6.09731e+06
6.0975e+06
6.09767e+06
6.09782e+06
6.09798e+06
6.09813e+06
6.09826e+06
6.09838e+06
6.0985e+06
6.0986e+06
6.09869e+06
6.09878e+06
6.09886e+06
6.09894e+06
6.099e+06
6.09907e+06
6.09912e+06
6.09917e+06
6.09922e+06
6.09926e+06
6.0993e+06
6.09933e+06
6.09936e+06
6.09939e+06
6.09915e+06
6.09818e+06
6.09725e+06
6.09714e+06
6.09729e+06
6.09744e+06
6.09754e+06
6.09769e+06
6.09784e+06
6.09797e+06
6.09808e+06
6.09821e+06
6.09832e+06
6.09843e+06
6.09853e+06
6.09862e+06
6.09871e+06
6.09878e+06
6.09886e+06
6.09893e+06
6.09899e+06
6.09905e+06
6.0991e+06
6.09915e+06
6.0992e+06
6.09924e+06
6.09928e+06
6.09931e+06
6.09935e+06
6.09937e+06
6.0994e+06
6.09901e+06
6.09876e+06
6.09817e+06
6.09789e+06
6.09775e+06
6.09783e+06
6.09792e+06
6.09803e+06
6.09814e+06
6.09822e+06
6.09831e+06
6.09841e+06
6.0985e+06
6.09858e+06
6.09866e+06
6.09873e+06
6.0988e+06
6.09886e+06
6.09893e+06
6.09898e+06
6.09904e+06
6.09909e+06
6.09914e+06
6.09918e+06
6.09922e+06
6.09926e+06
6.09929e+06
6.09933e+06
6.09936e+06
6.09938e+06
6.09941e+06
6.09906e+06
6.09884e+06
6.09837e+06
6.09814e+06
6.09802e+06
6.0981e+06
6.09818e+06
6.09827e+06
6.09835e+06
6.09841e+06
6.09848e+06
6.09856e+06
6.09863e+06
6.0987e+06
6.09877e+06
6.09883e+06
6.09888e+06
6.09894e+06
6.09899e+06
6.09904e+06
6.09908e+06
6.09913e+06
6.09917e+06
6.09921e+06
6.09925e+06
6.09928e+06
6.09931e+06
6.09934e+06
6.09937e+06
6.09939e+06
6.09942e+06
6.09886e+06
6.09882e+06
6.09849e+06
6.09834e+06
6.09823e+06
6.09832e+06
6.09839e+06
6.09847e+06
6.09855e+06
6.09859e+06
6.09863e+06
6.0987e+06
6.09875e+06
6.09881e+06
6.09886e+06
6.09891e+06
6.09896e+06
6.099e+06
6.09904e+06
6.09909e+06
6.09913e+06
6.09916e+06
6.0992e+06
6.09924e+06
6.09927e+06
6.0993e+06
6.09933e+06
6.09935e+06
6.09938e+06
6.0994e+06
6.09942e+06
6.09919e+06
6.09901e+06
6.09866e+06
6.09856e+06
6.09855e+06
6.09858e+06
6.09853e+06
6.0986e+06
6.09868e+06
6.09872e+06
6.09875e+06
6.0988e+06
6.09885e+06
6.0989e+06
6.09894e+06
6.09898e+06
6.09902e+06
6.09906e+06
6.09909e+06
6.09913e+06
6.09916e+06
6.0992e+06
6.09923e+06
6.09926e+06
6.09929e+06
6.09932e+06
6.09934e+06
6.09937e+06
6.09939e+06
6.09941e+06
6.09943e+06
6.09911e+06
6.0991e+06
6.09892e+06
6.09884e+06
6.09875e+06
6.09873e+06
6.09873e+06
6.09877e+06
6.0988e+06
6.09883e+06
6.09886e+06
6.0989e+06
6.09894e+06
6.09898e+06
6.09901e+06
6.09905e+06
6.09908e+06
6.09911e+06
6.09914e+06
6.09917e+06
6.0992e+06
6.09923e+06
6.09926e+06
6.09928e+06
6.09931e+06
6.09933e+06
6.09936e+06
6.09938e+06
6.0994e+06
6.09942e+06
6.09944e+06
6.099e+06
6.09901e+06
6.09893e+06
6.09891e+06
6.09886e+06
6.09885e+06
6.09883e+06
6.09886e+06
6.0989e+06
6.09893e+06
6.09896e+06
6.09899e+06
6.09902e+06
6.09905e+06
6.09908e+06
6.09911e+06
6.09913e+06
6.09916e+06
6.09918e+06
6.09921e+06
6.09923e+06
6.09926e+06
6.09928e+06
6.09931e+06
6.09933e+06
6.09935e+06
6.09937e+06
6.09939e+06
6.09941e+06
6.09943e+06
6.09945e+06
6.09889e+06
6.09897e+06
6.09892e+06
6.09894e+06
6.09893e+06
6.09894e+06
6.09893e+06
6.09896e+06
6.09899e+06
6.09902e+06
6.09904e+06
6.09907e+06
6.09909e+06
6.09911e+06
6.09914e+06
6.09916e+06
6.09918e+06
6.0992e+06
6.09922e+06
6.09924e+06
6.09926e+06
6.09929e+06
6.09931e+06
6.09933e+06
6.09935e+06
6.09937e+06
6.09939e+06
6.0994e+06
6.09942e+06
6.09944e+06
6.09945e+06
6.09962e+06
6.09945e+06
6.09907e+06
6.09902e+06
6.09901e+06
6.09902e+06
6.09902e+06
6.09905e+06
6.09907e+06
6.09909e+06
6.09911e+06
6.09913e+06
6.09915e+06
6.09917e+06
6.09919e+06
6.0992e+06
6.09922e+06
6.09924e+06
6.09925e+06
6.09927e+06
6.09929e+06
6.09931e+06
6.09933e+06
6.09935e+06
6.09937e+06
6.09938e+06
6.0994e+06
6.09942e+06
6.09943e+06
6.09945e+06
6.09946e+06
6.09953e+06
6.09962e+06
6.09937e+06
6.09926e+06
6.09911e+06
6.09909e+06
6.09909e+06
6.09912e+06
6.09914e+06
6.09915e+06
6.09917e+06
6.09918e+06
6.0992e+06
6.09921e+06
6.09923e+06
6.09924e+06
6.09926e+06
6.09927e+06
6.09929e+06
6.0993e+06
6.09932e+06
6.09933e+06
6.09935e+06
6.09937e+06
6.09938e+06
6.0994e+06
6.09941e+06
6.09943e+06
6.09944e+06
6.09946e+06
6.09947e+06
6.09954e+06
6.09965e+06
6.09944e+06
6.09932e+06
6.09917e+06
6.09914e+06
6.09914e+06
6.09917e+06
6.09919e+06
6.0992e+06
6.09921e+06
6.09923e+06
6.09924e+06
6.09925e+06
6.09927e+06
6.09928e+06
6.09929e+06
6.0993e+06
6.09931e+06
6.09933e+06
6.09934e+06
6.09935e+06
6.09937e+06
6.09938e+06
6.0994e+06
6.09941e+06
6.09943e+06
6.09944e+06
6.09945e+06
6.09946e+06
6.09948e+06
6.09943e+06
6.09958e+06
6.09944e+06
6.09935e+06
6.09922e+06
6.0992e+06
6.09918e+06
6.09921e+06
6.09923e+06
6.09925e+06
6.09925e+06
6.09927e+06
6.09928e+06
6.09929e+06
6.0993e+06
6.09931e+06
6.09932e+06
6.09933e+06
6.09934e+06
6.09935e+06
6.09936e+06
6.09937e+06
6.09939e+06
6.0994e+06
6.09941e+06
6.09942e+06
6.09944e+06
6.09945e+06
6.09946e+06
6.09947e+06
6.09948e+06
6.0995e+06
6.09956e+06
6.09942e+06
6.09942e+06
6.09937e+06
6.09934e+06
6.09924e+06
6.09925e+06
6.09927e+06
6.09928e+06
6.09929e+06
6.0993e+06
6.09931e+06
6.09932e+06
6.09933e+06
6.09934e+06
6.09934e+06
6.09935e+06
6.09936e+06
6.09937e+06
6.09938e+06
6.09939e+06
6.0994e+06
6.09941e+06
6.09943e+06
6.09944e+06
6.09945e+06
6.09946e+06
6.09947e+06
6.09948e+06
6.09949e+06
6.09944e+06
6.09951e+06
6.09947e+06
6.09947e+06
6.09942e+06
6.0994e+06
6.09936e+06
6.09935e+06
6.09931e+06
6.09931e+06
6.09931e+06
6.09933e+06
6.09933e+06
6.09934e+06
6.09935e+06
6.09936e+06
6.09937e+06
6.09938e+06
6.09938e+06
6.09939e+06
6.0994e+06
6.09941e+06
6.09942e+06
6.09943e+06
6.09944e+06
6.09945e+06
6.09946e+06
6.09947e+06
6.09948e+06
6.09949e+06
6.0995e+06
6.09938e+06
6.09943e+06
6.09943e+06
6.09945e+06
6.09942e+06
6.09943e+06
6.09941e+06
6.0994e+06
6.09935e+06
6.09934e+06
6.09934e+06
6.09935e+06
6.09936e+06
6.09937e+06
6.09938e+06
6.09938e+06
6.09939e+06
6.0994e+06
6.0994e+06
6.09941e+06
6.09942e+06
6.09943e+06
6.09944e+06
6.09944e+06
6.09945e+06
6.09946e+06
6.09947e+06
6.09948e+06
6.09949e+06
6.0995e+06
6.0995e+06
6.09933e+06
6.09937e+06
6.0994e+06
6.09943e+06
6.09943e+06
6.09945e+06
6.09944e+06
6.09942e+06
6.09937e+06
6.09937e+06
6.09937e+06
6.09938e+06
6.09939e+06
6.0994e+06
6.0994e+06
6.09941e+06
6.09941e+06
6.09942e+06
6.09942e+06
6.09943e+06
6.09944e+06
6.09944e+06
6.09945e+06
6.09946e+06
6.09946e+06
6.09947e+06
6.09948e+06
6.09949e+06
6.0995e+06
6.0995e+06
6.09951e+06
6.09958e+06
6.0996e+06
6.09946e+06
6.09945e+06
6.09946e+06
6.09947e+06
6.09947e+06
6.09945e+06
6.0994e+06
6.09939e+06
6.0994e+06
6.09941e+06
6.09941e+06
6.09942e+06
6.09942e+06
6.09943e+06
6.09943e+06
6.09944e+06
6.09944e+06
6.09945e+06
6.09945e+06
6.09946e+06
6.09946e+06
6.09947e+06
6.09948e+06
6.09948e+06
6.09949e+06
6.0995e+06
6.0995e+06
6.09951e+06
6.09952e+06
6.09961e+06
6.09971e+06
6.09965e+06
6.09957e+06
6.09951e+06
6.09949e+06
6.09949e+06
6.09948e+06
6.09942e+06
6.09941e+06
6.09942e+06
6.09943e+06
6.09943e+06
6.09944e+06
6.09944e+06
6.09945e+06
6.09945e+06
6.09945e+06
6.09946e+06
6.09946e+06
6.09947e+06
6.09947e+06
6.09948e+06
6.09948e+06
6.09949e+06
6.09949e+06
6.0995e+06
6.09951e+06
6.09951e+06
6.09952e+06
6.09952e+06
6.09966e+06
6.09975e+06
6.0997e+06
6.09961e+06
6.09953e+06
6.0995e+06
6.0995e+06
6.09949e+06
6.09944e+06
6.09943e+06
6.09943e+06
6.09944e+06
6.09945e+06
6.09945e+06
6.09946e+06
6.09946e+06
6.09947e+06
6.09947e+06
6.09947e+06
6.09948e+06
6.09948e+06
6.09948e+06
6.09949e+06
6.09949e+06
6.0995e+06
6.0995e+06
6.09951e+06
6.09951e+06
6.09952e+06
6.09953e+06
6.09953e+06
6.09964e+06
6.09972e+06
6.0997e+06
6.09961e+06
6.09955e+06
6.09952e+06
6.09951e+06
6.0995e+06
6.09946e+06
6.09945e+06
6.09945e+06
6.09946e+06
6.09947e+06
6.09947e+06
6.09948e+06
6.09948e+06
6.09948e+06
6.09948e+06
6.09949e+06
6.09949e+06
6.09949e+06
6.0995e+06
6.0995e+06
6.09951e+06
6.09951e+06
6.09951e+06
6.09952e+06
6.09952e+06
6.09953e+06
6.09953e+06
6.09954e+06
6.09964e+06
6.09969e+06
6.09965e+06
6.09965e+06
6.09966e+06
6.09963e+06
6.09957e+06
6.09954e+06
6.09949e+06
6.09947e+06
6.09947e+06
6.09948e+06
6.09948e+06
6.09949e+06
6.09949e+06
6.0995e+06
6.0995e+06
6.0995e+06
6.0995e+06
6.0995e+06
6.09951e+06
6.09951e+06
6.09951e+06
6.09952e+06
6.09952e+06
6.09952e+06
6.09953e+06
6.09953e+06
6.09954e+06
6.09954e+06
6.09954e+06
6.09955e+06
6.0996e+06
6.09965e+06
6.09967e+06
6.09966e+06
6.09966e+06
6.09965e+06
6.09961e+06
6.09952e+06
6.09948e+06
6.09949e+06
6.09949e+06
6.0995e+06
6.0995e+06
6.09951e+06
6.09951e+06
6.09951e+06
6.09951e+06
6.09952e+06
6.09952e+06
6.09952e+06
6.09952e+06
6.09952e+06
6.09953e+06
6.09953e+06
6.09953e+06
6.09954e+06
6.09954e+06
6.09954e+06
6.09955e+06
6.09955e+06
6.09953e+06
6.09958e+06
6.09964e+06
6.09967e+06
6.09969e+06
6.0997e+06
6.0997e+06
6.09965e+06
6.09955e+06
6.09951e+06
6.09951e+06
6.09952e+06
6.09952e+06
6.09952e+06
6.09953e+06
6.09953e+06
6.09953e+06
6.09953e+06
6.09953e+06
6.09953e+06
6.09953e+06
6.09953e+06
6.09954e+06
6.09954e+06
6.09954e+06
6.09954e+06
6.09954e+06
6.09955e+06
6.09955e+06
6.09955e+06
6.09956e+06
6.09945e+06
6.09953e+06
6.0996e+06
6.09965e+06
6.09968e+06
6.0997e+06
6.09971e+06
6.09966e+06
6.09957e+06
6.09953e+06
6.09953e+06
6.09953e+06
6.09954e+06
6.09954e+06
6.09954e+06
6.09954e+06
6.09954e+06
6.09954e+06
6.09954e+06
6.09954e+06
6.09954e+06
6.09955e+06
6.09955e+06
6.09955e+06
6.09955e+06
6.09955e+06
6.09955e+06
6.09956e+06
6.09956e+06
6.09956e+06
6.09956e+06
6.09958e+06
6.09961e+06
6.09966e+06
6.0997e+06
6.09974e+06
6.09975e+06
6.09977e+06
6.09972e+06
6.09962e+06
6.09957e+06
6.09957e+06
6.09957e+06
6.09956e+06
6.09956e+06
6.09956e+06
6.09956e+06
6.09956e+06
6.09956e+06
6.09956e+06
6.09956e+06
6.09956e+06
6.09956e+06
6.09956e+06
6.09956e+06
6.09956e+06
6.09956e+06
6.09956e+06
6.09956e+06
6.09956e+06
6.09957e+06
6.09957e+06
6.09956e+06
6.09962e+06
6.09968e+06
6.09973e+06
6.09974e+06
6.09977e+06
6.09977e+06
6.09972e+06
6.09961e+06
6.09957e+06
6.09956e+06
6.09956e+06
6.09956e+06
6.09956e+06
6.09956e+06
6.09956e+06
6.09956e+06
6.09956e+06
6.09956e+06
6.09957e+06
6.09957e+06
6.09957e+06
6.09957e+06
6.09957e+06
6.09957e+06
6.09957e+06
6.09957e+06
6.09957e+06
6.09957e+06
6.09957e+06
6.09957e+06
6.09955e+06
6.0996e+06
6.09969e+06
6.09971e+06
6.09975e+06
6.09976e+06
6.09976e+06
6.09971e+06
6.09964e+06
6.09961e+06
6.09961e+06
6.0996e+06
6.0996e+06
6.0996e+06
6.09959e+06
6.09959e+06
6.09959e+06
6.09959e+06
6.09959e+06
6.09958e+06
6.09958e+06
6.09958e+06
6.09958e+06
6.09958e+06
6.09958e+06
6.09958e+06
6.09958e+06
6.09958e+06
6.09958e+06
6.09958e+06
6.09958e+06
)
;

boundaryField
{
    inlet
    {
        type            calculated;
        value           uniform 6.09958e+06;
    }
    outlet
    {
        type            calculated;
        value           nonuniform List<scalar> 0();
    }
    walls
    {
        type            calculated;
        value           nonuniform List<scalar> 
86
(
4.67525e+06
4.42062e+06
4.42065e+06
4.51446e+06
4.47584e+06
4.43604e+06
4.38678e+06
4.31744e+06
4.24301e+06
4.16268e+06
4.1027e+06
4.06748e+06
4.04641e+06
4.05822e+06
4.02861e+06
4.46159e+06
4.01901e+06
4.67525e+06
4.42062e+06
4.42065e+06
4.51446e+06
4.47584e+06
4.43604e+06
4.38678e+06
4.31744e+06
4.24301e+06
4.16268e+06
4.1027e+06
4.06748e+06
4.04641e+06
4.05822e+06
4.02861e+06
4.46159e+06
4.01901e+06
5.90234e+06
5.98881e+06
6.04404e+06
6.06432e+06
6.07802e+06
6.08448e+06
6.08909e+06
6.09184e+06
6.0938e+06
6.09513e+06
6.0961e+06
6.09681e+06
6.09735e+06
6.09776e+06
6.09808e+06
6.09834e+06
6.09854e+06
6.09871e+06
6.09885e+06
6.09896e+06
6.09905e+06
6.09913e+06
6.0992e+06
6.09926e+06
6.09931e+06
6.09935e+06
5.90234e+06
5.98881e+06
6.04404e+06
6.06432e+06
6.07802e+06
6.08448e+06
6.08909e+06
6.09184e+06
6.0938e+06
6.09513e+06
6.0961e+06
6.09681e+06
6.09735e+06
6.09776e+06
6.09808e+06
6.09834e+06
6.09854e+06
6.09871e+06
6.09885e+06
6.09896e+06
6.09905e+06
6.09913e+06
6.0992e+06
6.09926e+06
6.09931e+06
6.09935e+06
)
;
    }
    side1
    {
        type            cyclic;
    }
    side2
    {
        type            cyclic;
    }
    procBoundary5to4
    {
        type            processor;
        value           nonuniform List<scalar> 
90
(
4.2293e+06
4.18018e+06
4.18543e+06
4.15817e+06
4.02444e+06
6.09939e+06
6.09939e+06
6.09938e+06
6.09938e+06
6.09939e+06
6.09939e+06
6.09939e+06
6.09939e+06
6.0994e+06
6.0994e+06
6.09941e+06
6.09941e+06
6.09942e+06
6.09942e+06
6.09943e+06
6.09944e+06
6.09944e+06
6.09945e+06
6.09946e+06
6.09946e+06
6.09947e+06
6.09948e+06
6.09948e+06
6.09949e+06
6.09949e+06
6.0995e+06
6.09951e+06
6.09951e+06
6.09952e+06
6.09952e+06
6.09953e+06
6.09954e+06
6.09954e+06
6.09955e+06
6.09955e+06
6.09956e+06
6.09956e+06
6.09957e+06
6.09957e+06
6.09958e+06
4.22929e+06
4.18018e+06
4.18543e+06
4.15817e+06
4.02444e+06
6.09939e+06
6.09939e+06
6.09938e+06
6.09938e+06
6.09939e+06
6.09939e+06
6.09939e+06
6.09939e+06
6.0994e+06
6.0994e+06
6.09941e+06
6.09941e+06
6.09942e+06
6.09942e+06
6.09943e+06
6.09944e+06
6.09944e+06
6.09945e+06
6.09946e+06
6.09946e+06
6.09947e+06
6.09948e+06
6.09948e+06
6.09949e+06
6.09949e+06
6.0995e+06
6.09951e+06
6.09951e+06
6.09952e+06
6.09952e+06
6.09953e+06
6.09954e+06
6.09954e+06
6.09955e+06
6.09955e+06
6.09956e+06
6.09956e+06
6.09957e+06
6.09957e+06
6.09958e+06
)
;
    }
}


// ************************************************************************* //
