/*--------------------------------*- C++ -*----------------------------------*\
| =========                 |                                                 |
| \\      /  F ield         | OpenFOAM: The Open Source CFD Toolbox           |
|  \\    /   O peration     | Version:  v2006                                 |
|   \\  /    A nd           | Website:  www.openfoam.com                      |
|    \\/     M anipulation  |                                                 |
\*---------------------------------------------------------------------------*/
FoamFile
{
    version     2.0;
    format      ascii;
    class       labelList;
    location    "constant/polyMesh";
    object      faceProcAddressing;
}
// * * * * * * * * * * * * * * * * * * * * * * * * * * * * * * * * * * * * * //


8553
(
11
12
13
14
15
16
20
21
22
23
28
29
30
31
32
33
45
46
47
48
54
55
56
57
58
59
60
61
65
66
67
68
69
70
71
72
73
74
78
79
80
88
89
90
91
92
103
104
105
106
110
111
112
116
117
118
119
120
121
122
134
135
136
137
143
144
149
150
151
152
153
154
155
174
175
176
177
178
179
180
181
182
183
184
185
186
190
191
192
196
197
198
199
200
201
206
207
208
219
220
221
222
223
224
225
226
227
228
229
236
237
238
243
244
245
246
255
256
257
258
259
260
261
262
263
264
267
268
269
294
295
296
323
324
325
366
367
368
369
370
384
385
386
387
388
389
390
391
405
406
411
412
413
414
428
429
430
434
435
436
437
438
439
444
445
446
447
448
449
450
487
488
489
500
501
502
522
523
524
534
535
536
537
558
559
560
576
577
578
641
642
643
683
684
685
707
708
709
734
735
736
737
768
769
773
774
841
842
869
870
871
876
879
880
881
882
883
884
885
886
887
888
889
890
894
895
896
897
898
899
911
912
913
914
915
919
920
921
922
923
924
925
926
927
928
932
933
934
935
936
937
938
939
940
941
942
943
944
948
953
954
955
956
957
958
959
963
964
965
966
967
968
969
970
977
978
979
980
981
982
983
984
985
989
990
991
992
993
994
995
996
997
998
999
1000
1001
1002
1003
1007
1008
1009
1010
1011
1012
1015
1016
1017
1018
1019
1020
1021
1022
1023
1024
1025
1026
1027
1030
1031
1032
1033
1034
1035
1039
1040
1041
1042
1047
1048
1049
1050
1051
1052
1053
1054
1055
1056
1057
1058
1059
1060
1061
1062
1063
1064
1065
1066
1067
1071
1072
1073
1074
1075
1076
1077
1078
1079
1080
1081
1082
1083
1088
1089
1090
1091
1092
1093
1094
1095
1096
1097
1098
1099
1100
1101
1109
1110
1111
1115
1116
1119
1120
1129
1130
1131
1132
1133
1134
1135
1136
1137
1138
1139
1140
1141
1142
1143
1144
1151
1152
1153
1157
1158
1162
1163
1164
1165
1166
1167
1168
1169
1170
1171
1172
1173
1177
1178
1179
1180
1181
1182
1183
1184
1185
1186
1187
1188
1198
1199
1218
1225
1226
1227
1228
1253
1254
1257
1258
1259
1278
1279
1280
1296
1297
1298
1309
1310
1311
1327
1328
1329
1330
1331
1332
1333
1334
1335
1343
1344
1345
1346
1347
1354
1355
1356
1357
1395
1396
1414
1415
1416
1438
1439
1440
1452
1453
1454
1506
1507
1508
1509
1510
1511
1576
1577
1578
1579
1580
1581
1582
1583
1584
1585
1586
1587
1588
1589
1593
1594
1595
1596
1597
1598
1605
1606
1607
1641
1642
1643
1651
1652
1653
1672
1673
1674
1686
1687
1688
1706
1707
1712
1713
1714
1730
1731
1732
1745
1746
1757
1758
1768
1769
1770
1771
1780
1781
1791
1792
1793
1801
1802
1803
1804
1805
1806
1807
1808
1812
1813
1814
1815
1816
1817
1818
1819
1820
1827
1828
1829
1833
1834
1841
1842
1843
1849
1850
1851
1854
1855
1856
1857
1858
1859
1860
1861
1862
1863
1864
1865
1866
1867
1872
1873
1874
1884
1885
1886
1889
1890
1891
1892
1893
1894
1895
1896
1897
1898
1899
1900
1901
1902
1903
1907
1908
1928
1929
1930
1931
1935
1936
1937
1938
1939
1940
1944
1945
1946
1947
1948
1949
1950
1963
1964
1974
1975
1976
1985
1986
2000
2001
2002
2003
2004
2005
2006
2007
2010
2011
2012
2016
2017
2018
2024
2025
2026
2027
2028
2029
2030
2031
2032
2033
2037
2038
2039
2040
2044
2045
2046
2047
2048
2049
2050
2051
2052
2053
2065
2066
2102
2103
2104
2105
2149
2150
2151
2167
2168
2169
2188
2189
2190
2326
2340
2341
2342
2349
2350
2354
2355
2356
2360
2361
2371
2372
2373
2374
2380
2381
2382
2397
2398
2399
2400
2401
2402
2403
2404
2405
2433
2434
2435
2450
2454
2455
2456
2457
2464
2465
2466
2467
2468
2469
2470
2471
2472
2473
2474
2480
2481
2482
2483
2486
2487
2500
2501
2502
2503
2504
2505
2520
2521
2546
2547
2548
2552
2553
2554
2662
2663
2664
2670
2671
2672
2673
2674
2675
2677
2678
2679
2680
2702
2703
2704
2705
2723
2724
2725
2726
2759
2760
2767
2768
2781
2782
2783
2790
2791
2792
2794
2795
2796
2797
2805
2806
2807
2808
2809
2822
2823
2824
2825
2831
2832
2835
2836
2837
2856
2857
2858
2859
2870
2871
2891
2892
2896
2897
2948
2949
2955
2956
2957
2958
2959
2960
2961
2962
2963
2964
2965
2966
2967
2972
3006
3007
3008
3042
3043
3044
3051
3052
3056
3057
3058
3059
3069
3070
3074
3075
3076
3077
3078
3079
3080
3103
3104
3105
3108
3109
3110
3113
3114
3124
3125
3126
3127
3128
3129
3130
3131
3139
3140
3141
3144
3145
3146
3153
3154
3155
3165
3166
3167
3168
3177
3178
3179
3186
3246
3247
3264
3265
3266
3312
3313
3338
3339
3340
3345
3346
3347
3348
3349
3350
3351
3358
3359
3371
3372
3373
3374
3378
3379
3380
3381
3384
3385
3386
3389
3390
3391
3398
3399
3400
3401
3402
3413
3414
3415
3416
3417
3430
3431
3432
3460
3461
3516
3517
3518
3544
3545
3546
3547
3548
3549
3550
3551
3552
3553
3554
3579
3580
3581
3582
3620
3621
3622
3629
3630
3631
3632
3633
3634
3635
3636
3637
3638
3639
3642
3643
3644
3648
3649
3677
3678
3682
3683
3684
3685
3686
3687
3696
3697
3698
3699
3700
3701
3705
3706
3707
3708
3712
3713
3714
3715
3716
3717
3718
3719
3720
3723
3724
3725
3726
3727
3728
3729
3730
3731
3732
3734
3735
3736
3737
3745
3746
3747
3748
3749
3750
3751
3752
3782
3783
3784
3847
3848
3849
3854
3855
3856
3872
3873
3889
3890
3891
3892
3908
3909
3910
3913
3914
3915
3977
3978
3979
3980
3981
3982
4017
4018
4019
4020
4021
4022
4023
4090
4091
4092
4093
4120
4121
4122
4123
4124
4125
4126
4127
4137
4138
4196
4197
4198
4210
4211
4212
4220
4221
4222
4223
4224
4225
4233
4234
4235
4239
4240
4241
4242
4243
4244
4245
4246
4249
4250
4256
4257
4258
4259
4260
4261
4262
4263
4264
4265
4266
4267
4268
4272
4273
4274
4277
4278
4279
4280
4281
4282
4283
4284
4285
4286
4287
4288
4289
4290
4291
4292
4293
4304
4305
4306
4307
4308
4309
4310
4311
4312
4313
4314
4315
4316
4317
4318
4319
4320
4326
4327
4328
4370
4371
4379
4380
4381
4382
4399
4400
4401
4405
4406
4407
4408
4409
4410
4411
4446
4447
4448
4457
4458
4459
4460
4476
4477
4567
4568
4573
4574
4575
4590
4591
4592
4593
4594
4607
4608
4616
4617
4618
4628
4629
4630
4631
4635
4636
4637
4642
4643
4644
4645
4646
4660
4661
4662
4663
4667
4668
4669
4670
4671
4672
4673
4674
4678
4679
4680
4735
4736
4769
4770
4771
4772
4788
4789
4790
4803
4804
4805
4809
4810
4811
4812
4839
4840
4841
4842
4843
4844
4851
4852
4881
4882
4883
4903
4904
4905
4909
4910
4919
4920
4921
4922
4923
4924
4925
4926
4927
4928
4936
4937
4938
4939
4941
4944
4945
4946
4950
4957
4958
4959
4960
4961
4962
4971
4972
4973
4974
5016
5017
5023
5024
5025
5026
5027
5031
5032
5033
5034
5035
5047
5048
5049
5050
5051
5066
5067
5075
5076
5084
5085
5086
5091
5092
5093
5094
5095
5096
5097
5098
5099
5100
5101
5102
5103
5104
5105
5106
5107
5108
5113
5114
5115
5116
5117
5118
5119
5120
5124
5125
5126
5127
5224
5225
5226
5242
5243
5244
5245
5246
5247
5274
5275
5276
5277
5289
5290
5291
5309
5310
5311
5312
5327
5328
5329
5339
5340
5346
5347
5348
5349
5353
5354
5355
5356
5358
5359
5368
5369
5370
5371
5372
5378
5379
5389
5390
5391
5392
5393
5394
5395
5396
5397
5398
5402
5403
5404
5405
5406
5407
5408
5414
5415
5416
5417
5418
5419
5420
5421
5422
5423
5424
5425
5426
5427
5428
5429
5430
5431
5432
5433
5434
5438
5439
5440
5456
5457
5458
5459
5460
5461
5462
5463
5464
5465
5466
5467
5468
5469
5470
5471
5472
5473
5474
5475
5479
5480
5481
5487
5488
5489
5494
5495
5496
5497
5502
5503
5507
5508
5509
5510
5534
5535
5541
5542
5561
5562
5574
5575
5576
5577
5578
5579
5586
5587
5588
5616
5617
5618
5619
5620
5621
5632
5633
5634
5676
5677
5678
5725
5761
5762
5763
5767
5768
5769
5770
5777
5778
5779
5780
5861
5862
5863
5866
5867
5868
5869
5870
5871
5872
5873
5874
5880
5881
5882
5884
5885
5886
5887
5888
5889
5890
5891
5900
5901
5902
5903
5904
5905
5906
5907
5908
5909
5910
5911
5912
5918
5919
5920
5930
5931
5932
5933
5934
5939
5940
5941
5951
5952
5959
5960
5971
5972
5973
5976
5977
5978
5979
5980
5990
5991
5992
5993
5994
6011
6012
6013
6014
6015
6016
6017
6018
6037
6038
6039
6040
6041
6042
6046
6047
6048
6049
6050
6051
6052
6053
6054
6055
6056
6082
6083
6084
6091
6092
6093
6094
6095
6096
6097
6098
6099
6102
6112
6113
6114
6130
6131
6132
6134
6135
6153
6154
6158
6159
6160
6161
6168
6169
6170
6171
6175
6176
6177
6178
6208
6209
6210
6211
6212
6213
6214
6215
6216
6222
6223
6224
6234
6235
6254
6255
6268
6269
6270
6272
6273
6274
6278
6279
6280
6287
6288
6289
6290
6291
6295
6296
6297
6305
6306
6311
6312
6313
6314
6315
6316
6317
6318
6319
6320
6325
6326
6330
6331
6332
6333
6334
6335
6346
6347
6348
6349
6353
6354
6355
6359
6360
6373
6374
6375
6376
6377
6378
6379
6380
6402
6403
6404
6432
6433
6434
6435
6462
6463
6464
6469
6470
6490
6491
6492
6500
6501
6523
6524
6525
6528
6529
6533
6534
6538
6539
6540
6541
6542
6543
6544
6545
6546
6556
6557
6558
6602
6603
6604
6618
6619
6653
6654
6655
6656
6657
6676
6677
6696
6697
6698
6699
6700
6701
6705
6706
6707
6712
6713
6714
6715
6717
6718
6719
6720
6730
6731
6732
6736
6737
6738
6739
6740
6741
6750
6751
6752
6755
6756
6757
6758
6759
6760
6802
6803
6804
6922
6923
6932
6933
6934
6988
6989
6990
6991
6992
6993
7014
7015
7016
7017
7020
7021
7022
7023
7024
7025
7026
7027
7028
7029
7030
7031
7036
7037
7038
7041
7042
7043
7044
7045
7046
7047
7048
7049
7050
7051
7052
7053
7057
7058
7059
7060
7068
7069
7070
7112
7113
7114
7115
7132
7133
7134
7139
7140
7141
7142
7158
7159
7160
7165
7166
7193
7194
7195
7205
7206
7207
7210
7211
7215
7216
7217
7225
7226
7227
7242
7243
7244
7248
7249
7250
7251
7252
7253
7254
7255
7256
7257
7258
7259
7260
7261
7262
7263
7264
7265
7291
7292
7293
7295
7296
7297
7301
7302
7303
7304
7305
7306
7309
7310
7312
7313
7320
7321
7329
7330
7331
7341
7342
7343
7344
7345
7355
7356
7367
7368
7369
7370
7371
7430
7431
7432
7441
7442
7443
7444
7450
7451
7452
7453
7454
7455
7456
7457
7458
7459
7464
7465
7479
7480
7481
7482
7483
7484
7489
7490
7491
7495
7507
7508
7513
7514
7515
7518
7519
7520
7521
7529
7530
7531
7535
7536
7537
7545
7546
7547
7548
7549
7550
7551
7552
7553
7554
7555
7556
7561
7562
7563
7564
7567
7568
7569
7570
7571
7572
7573
7574
7575
7576
7577
7578
7579
7580
7584
7585
7586
7593
7594
7595
7596
7597
7598
7599
7600
7608
7609
7610
7613
7614
7615
7656
7657
7673
7674
7682
7683
7684
7685
7688
7689
7690
7691
7698
7717
7718
7719
7740
7741
7742
7814
7815
7816
7817
7822
7832
7833
7834
7835
7836
7903
7904
7906
7907
7908
7927
7928
7936
7937
7938
7939
7951
7952
7953
7961
7962
7972
7973
7974
7975
7976
7977
7978
7979
7980
7985
7997
8013
8014
8015
8045
8046
8047
8050
8051
8052
8053
8056
8057
8058
8059
8060
8061
8062
8063
8067
8068
8069
8070
8071
8072
8077
8078
8083
8084
8146
8147
8148
8149
8150
8151
8260
8261
8262
8263
8264
8265
8266
8286
8287
8288
8289
8290
8291
8350
8351
8352
8357
8358
8359
8360
8361
8364
8365
8366
8367
8368
8369
8375
8376
8377
8378
8379
8380
8386
8387
8388
8395
8396
8397
8398
8408
8409
8410
8411
8412
8413
8417
8418
8419
8451
8452
8453
8454
8455
8456
8465
8466
8467
8468
8469
8470
8471
8472
8473
8474
8475
8477
8478
8479
8480
8481
8486
8487
8488
8489
8490
8491
8492
8493
8494
8495
8498
8499
8500
8501
8505
8506
8507
8508
8509
8510
8518
8519
8520
8521
8522
8523
8524
8533
8534
8535
8536
8537
8538
8539
8540
8543
8544
8547
8548
8564
8565
8570
8571
8572
8573
8574
8736
8737
8740
8741
8752
8753
8754
8755
8770
8771
8776
8777
8781
8782
8783
8789
8790
8791
8792
8796
8797
8798
8799
8800
8801
8802
8803
8804
8831
8832
8835
8836
8837
8905
8906
8907
8908
8918
8919
8923
8924
9174
9175
9176
9185
9186
9187
9201
9202
9213
9214
9215
9216
9225
9226
9276
9277
9278
9279
9280
9281
9283
9284
9285
9349
9350
9440
9441
9442
9443
9444
9445
9448
9449
9450
9482
9483
9484
9506
9507
9508
9509
9519
9520
9521
9554
9555
9556
9557
9558
9559
9560
9566
9567
9568
9569
9570
9571
9572
9573
9576
9577
9578
9579
9580
9581
9589
9590
9591
9592
9593
9594
9595
9596
9597
9598
9599
9600
9601
9602
9609
9610
9611
9612
9613
9614
9615
9616
9617
9621
9622
9626
9627
9628
9629
9630
9631
9632
9633
9634
9635
9636
9637
9638
9639
9640
9641
9642
9645
9646
9647
9648
9649
9650
9651
9653
9654
9655
9656
9660
9661
9671
9672
9683
9687
9688
9689
9690
9691
9692
9693
9695
9696
9699
9705
9706
9707
9717
9718
9719
9720
9721
9722
9723
9724
9728
9729
9730
9731
9732
9733
9734
9735
9736
9737
9738
9740
9747
9748
9749
9750
9751
9752
9753
9754
9755
9759
9760
9761
9764
9765
9766
9767
9768
9772
9773
9774
9775
9776
9778
9779
9780
9781
9782
9783
9784
9788
9790
9791
9809
9810
9811
9812
9813
9814
9815
9816
9817
9818
9819
9845
9846
9847
9850
9851
9852
9853
9898
9899
9900
9901
9902
9903
9904
9972
9973
9974
9975
9976
9994
9995
9996
10004
10005
10006
10018
10019
10020
10021
10025
10026
10027
10028
10029
10030
10038
10039
10040
10050
10051
10052
10057
10058
10059
10060
10061
10062
10063
10064
10065
10066
10067
10068
10069
10070
10071
10072
10073
10074
10077
10078
10079
10080
10081
10082
10085
10086
10092
10093
10099
10104
10105
10106
10107
10111
10112
10113
10114
10121
10122
10123
10124
10125
10126
10133
10134
10135
10136
10137
10151
10152
10179
10180
10181
10188
10189
10211
10212
10213
10232
10233
10234
10235
10236
10237
10238
10239
10240
10255
10256
10257
10258
10265
10266
10267
10268
10269
10270
10278
10304
10305
10306
10307
10336
10402
10403
10404
10405
10406
10407
10408
10409
10414
10415
10416
10417
10418
10419
10420
10421
10422
10423
10424
10425
10426
10427
10428
10429
10430
10431
10432
10433
10434
10435
10440
10441
10442
10443
10457
10458
10464
10465
10466
10467
10470
10471
10472
10473
10474
10475
10476
10477
10478
10482
10483
10484
10485
10486
10487
10488
10489
10490
10491
10492
10493
10494
10495
10496
10500
10501
10508
10509
10510
10519
10520
10527
10528
10529
10530
10531
10532
10533
10535
10536
10543
10544
10545
10554
10584
10585
10586
10592
10619
10620
10647
10663
10664
10665
10713
10714
10715
10716
10719
10720
10721
10733
10734
10741
10742
10743
10744
10745
10747
10748
10749
10753
10754
10763
10764
10765
10769
10770
10771
10779
10780
10781
10782
10783
10784
10792
10810
10811
10819
10820
10826
10827
10828
10829
10834
10840
10841
10842
10843
10846
10847
10856
10857
10858
10859
10860
10861
10862
10863
10864
10868
10869
10872
10873
10874
10881
10882
10883
10884
10905
10906
10907
10908
10915
10916
10917
10918
10919
10920
10927
10930
10931
10932
10933
11040
11041
11042
11120
11121
11122
11125
11126
11129
11130
11131
11135
11136
11157
11158
11159
11160
11161
11162
11163
11164
11165
11166
11167
11168
11180
11188
11189
11190
11191
11192
11205
11206
11207
11208
11212
11213
11218
11219
11220
11221
11222
11226
11227
11230
11231
11232
11235
11236
11237
11243
11244
11245
11246
11247
11248
11249
11250
11251
11252
11255
11259
11260
11261
11262
11263
11264
11276
11277
11278
11281
11282
11283
11284
11285
11286
11289
11290
11376
11377
11392
11393
11398
11399
11400
11401
11402
11407
11408
11409
11429
11438
11439
11525
11526
11527
11528
11536
11537
11538
11547
11548
11559
11560
11561
11562
11563
11564
11574
11575
11576
11590
11591
11597
11598
11599
11606
11607
11608
11609
11610
11611
11612
11614
11615
11616
11617
11618
11622
11627
11628
11659
11660
11661
11679
11680
11681
11682
11683
11684
11685
11695
11696
11703
11704
11705
11712
11713
11727
11728
11729
11730
11772
11778
11780
11781
11782
11783
11784
11785
11786
11793
11794
11800
11810
11811
11812
11813
11814
11825
11826
11827
11830
11831
11833
11834
11835
11837
11838
11839
11840
11841
11842
11843
11844
11853
11858
11859
11860
11864
11865
11866
11874
11875
11882
11883
11884
11889
11890
11891
11892
11906
11907
11911
11935
11936
11937
11938
11939
11941
11942
11948
11949
11950
11953
11954
11956
11957
11958
11959
11960
12004
12005
12006
12041
12042
12049
12050
12056
12070
12071
12072
12076
12077
12078
12091
12092
12093
12094
12117
12175
12176
12177
12185
12186
12190
12191
12192
12193
12194
12195
12196
12199
12200
12201
12202
12203
12204
12205
12206
12207
12208
12209
12217
12218
12231
12232
12234
12235
12239
12241
12242
12243
12251
12252
12253
12254
12255
12265
12266
12267
12324
12325
12326
12327
12328
12329
12330
12333
12334
12335
12336
12344
12345
12352
12353
12354
12441
12442
12473
12474
12475
12476
12477
12478
12479
12480
12481
12482
12484
12485
12486
12487
12488
12489
12490
12491
12492
12493
12494
12495
12496
12497
12507
12508
12509
12510
12517
12518
12534
12535
12549
12550
12551
12577
12578
12581
12582
12584
12585
12586
12594
12643
12644
12653
12663
12664
12665
12668
12669
12672
12673
12674
12675
12676
12680
12681
12698
12699
12700
12702
12703
12704
12705
12706
12710
12711
12725
12726
12727
12733
12737
12738
12739
12746
12747
12749
12762
12763
12764
12769
12770
12771
12798
12799
12800
12806
12807
12810
12811
12812
12818
12819
12824
12825
12826
12827
12832
12879
12880
12881
12882
12883
12891
12892
12895
12896
12897
12898
12899
12900
12901
12902
12903
12948
12949
12958
12959
12960
12961
12967
12968
12971
12972
12973
12974
12975
12995
13000
13001
13005
13008
13009
13015
13016
13022
13023
13024
13035
13036
13090
13091
13092
13093
13094
13095
13096
13097
13098
13108
13109
13110
13111
13112
13113
13114
13115
13116
13121
13122
13125
13126
13127
13128
13129
13130
13131
13132
13133
13134
13137
13138
13139
13140
13146
13147
13148
13152
13153
13154
13155
13160
13161
13163
13164
13165
13166
13167
13168
13169
13170
13178
13179
13180
13182
13183
13188
13189
13193
13194
13195
13196
13198
13199
13200
13201
13210
13211
13212
13239
13240
13241
13242
13243
13244
13246
13247
13248
13264
13265
13346
13347
13350
13351
13353
13354
13355
13375
13376
13377
13378
13393
13394
13395
13396
13397
13398
13399
13400
13417
13418
13419
13437
13438
13439
13440
13455
13471
13472
13473
13474
13477
13478
13479
13480
13481
13483
13484
13485
13495
13496
13497
13509
13510
13511
13512
13513
13514
13515
13525
13526
13527
13532
13533
13543
13544
13545
13546
13567
13570
13571
13579
13580
13581
13582
13583
13587
13588
13589
13590
13591
13592
13605
13606
13607
13608
13609
13610
13611
13612
13613
13614
13618
13619
13620
13621
13626
13633
13634
13636
13637
13644
13645
13646
13647
13648
13649
13650
13651
13652
13657
13658
13661
13662
13664
13665
13666
13667
13668
13671
13672
13673
13677
13678
13683
13684
13685
13690
13691
13716
13717
13718
13719
13737
13738
13739
13740
13741
13742
13743
13746
13747
13748
13749
13750
13751
13752
13753
13794
13795
13796
13797
13838
13839
13868
13869
13880
13881
13882
13883
13884
13885
13886
13887
13892
13893
13894
13895
13896
13897
13898
13899
13900
13901
13902
13904
13905
13906
13910
13911
13912
13913
13916
13921
13924
13925
13926
13952
13953
13954
13959
13960
13961
13967
13968
13969
13970
13971
13986
13987
13993
13994
14019
14022
14023
14027
14028
14029
14031
14032
14033
14040
14041
14042
14043
14044
14046
14049
14050
14051
14052
14060
14066
14067
14068
14138
14139
14165
14166
14180
14181
14185
14187
14188
14189
14190
14210
14211
14225
14226
14231
14236
14237
14243
14244
14245
14250
14251
14269
14271
14272
14273
14274
14275
14276
14284
14287
14288
14289
14290
14350
14351
14352
14363
14364
14365
14379
14380
14408
14409
14434
14438
14439
14440
14441
14442
14443
14444
14445
14446
14447
14448
14449
14450
14451
14452
14457
14458
14460
14476
14477
14478
14485
14486
14487
14488
14509
14510
14513
14515
14516
14521
14522
14523
14524
14525
14526
14527
14528
14529
14530
14534
14535
14543
14544
14549
14553
14554
14555
14556
14559
14560
14561
14571
14572
14581
14584
14585
14588
14589
14592
14593
14594
14595
14596
14597
14605
14606
14607
14608
14616
14632
14633
14634
14635
14636
14637
14638
14639
14640
14641
14653
14654
14664
14676
14700
14701
14702
14703
14704
14705
14708
14709
14712
14713
14717
14718
14719
14720
14722
14723
14728
14740
14741
14742
14743
14744
14745
14746
14747
14748
14749
14750
14751
14752
14753
14756
14757
14758
14759
14760
14761
14762
14763
14764
14765
14766
14767
14768
14769
14770
14772
14773
14775
14776
14777
14779
14780
14781
14782
14783
14784
14785
14786
14787
14788
14789
14793
14794
14814
14815
14816
14825
14826
14827
14850
14940
14941
14942
14943
14944
14945
14946
15020
15024
15025
15026
15058
15065
15066
15067
15083
15084
15085
15086
15087
15088
15089
15090
15091
15092
15093
15094
15095
15102
15103
15104
15105
15106
15107
15161
15162
15163
15177
15178
15179
15186
15187
15188
15189
15190
15193
15194
15197
15198
15200
15201
15204
15205
15206
15207
15208
15209
15210
15211
15212
15215
15216
15221
15222
15223
15224
15226
15227
15228
15229
15237
15238
15239
15240
15248
15249
15250
15251
15252
15253
15254
15255
15256
15257
15262
15263
15264
15265
15266
15267
15268
15269
15270
15271
15272
15275
15300
15301
15309
15312
15343
15345
15346
15347
15348
15352
15353
15360
15361
15383
15402
15403
15404
15412
15413
15414
15431
15432
15438
15439
15440
15441
15442
15443
15444
15445
15446
15447
15452
15453
15459
15460
15461
15462
15463
15464
15471
15472
15473
15476
15477
15479
15485
15486
15487
15488
15489
15490
15491
15495
15496
15497
15498
15499
15500
15501
15502
15503
15504
15505
15506
15507
15516
15517
15527
15534
15535
15536
15549
15550
15551
15569
15582
15583
15584
15587
15588
15589
15590
15591
15592
15596
15597
15598
15601
15607
15608
15612
15620
15632
15633
15647
15648
15649
15659
15660
15661
15662
15663
15666
15667
15676
15679
15680
15692
15695
15696
15697
15698
15699
15700
15701
15703
15704
15705
15715
15716
15717
15719
15720
15721
15722
15723
15724
15725
15726
15729
15730
15731
15732
15734
15735
15736
15737
15738
15739
15740
15741
15758
15759
15764
15770
15771
15772
15778
15784
15785
15786
15789
15790
15791
15792
15793
15794
15795
15796
15797
15798
15799
15800
15801
15802
15803
15804
15805
15808
15809
15810
15813
15814
15815
15818
15819
15820
15821
15822
15823
15824
15825
15826
15830
15831
15832
15841
15871
15872
15879
15880
15887
15888
15907
15930
15931
15932
15937
15938
15939
15952
16041
16053
16054
16057
16058
16086
16087
16088
16155
16156
16166
16167
16168
16169
16170
16175
16176
16177
16178
16179
16180
16183
16184
16185
16193
16194
16199
16200
16201
16202
16205
16206
16207
16210
16211
16212
16213
16217
16218
16219
16232
16237
16290
16296
16297
16320
16321
16322
16323
16324
16330
16331
16332
16333
16334
16335
16339
16340
16344
16345
16347
16348
16353
16354
16355
16360
16361
16370
16400
16405
16406
16409
16410
16411
16418
16419
16420
16435
16459
16463
16464
16468
16469
16486
16487
16488
16489
16490
16491
16495
16530
16531
16532
16535
16536
16537
16538
16539
16550
16551
16552
16558
16559
16560
16561
16562
16563
16564
16571
16572
16573
16574
16621
16622
16628
16636
16637
16638
16639
16640
16641
16642
16643
16644
16652
16653
16654
16656
16710
16711
16736
16755
16801
16802
16828
16829
16830
16836
16837
16838
16839
16841
16842
16843
16844
16853
16867
16868
16869
16873
16874
16875
16876
16877
16890
16891
16892
16894
16895
16896
16946
16947
16948
16981
16985
16986
16996
16997
16998
17052
17055
17070
17071
17091
17092
17093
17094
17095
17096
17097
17098
17099
17100
17101
17102
17103
17104
17112
17113
17114
17116
17117
17122
17123
17124
17125
17127
17131
17135
17138
17145
17146
17147
17148
17149
17162
17163
17164
17181
17182
17183
17184
17185
17191
17192
17193
17194
17206
17207
17208
17209
17210
17215
17216
17217
17234
17235
17238
17245
17247
17248
17249
17250
17251
17252
17253
17264
17266
17267
17268
17270
17271
17275
17276
17277
17282
17283
17284
17292
17293
17294
17297
17298
17299
17300
17302
17303
17304
17310
17311
17312
17313
17317
17318
17319
17320
17321
17322
17323
17324
17328
17329
17339
17341
17342
17344
17345
17346
17347
17348
17349
17358
17359
17364
17365
17372
17373
17374
17375
17376
17379
17380
17383
17384
17387
17388
17389
17390
17391
17392
17393
17406
17407
17414
17415
17418
17419
17420
17421
17424
17425
17433
17434
17441
17442
17443
17444
17447
17465
17466
17467
17468
17471
17473
17474
17475
17525
17534
17538
17539
17540
17541
17542
17543
17544
17545
17547
17548
17549
17550
17551
17552
17553
17554
17555
17556
17558
17559
17560
17565
17566
17567
17569
17574
17575
17585
17622
17639
17685
17686
17694
17695
17696
17697
17698
17699
17700
17701
17702
17709
17710
17713
17714
17715
17716
17717
17719
17720
17721
17729
17734
17735
17736
17737
17738
17739
17740
17741
17742
17746
17747
17748
17749
17751
17752
17753
17755
17756
17757
17758
17759
17760
17761
17762
17763
17764
17765
17766
17767
17768
17769
17770
17771
17773
17774
17775
17778
17779
17781
17782
17789
17790
17793
17806
17807
17808
17809
17810
17811
17812
17819
17820
17821
17822
17827
17833
17842
17851
17852
17859
17919
17920
17940
17941
17944
17945
17946
17960
17961
17969
17970
17971
17972
17976
17981
17982
17986
17987
17988
17989
17993
17994
17995
17998
18002
18007
18008
18011
18013
18014
18016
18017
18021
18057
18072
18073
18074
18075
18076
18077
18078
18170
18175
18179
18180
18181
18185
18186
18188
18189
18190
18191
18192
18195
18196
18197
18198
18199
18200
18201
18212
18213
18214
18216
18217
18219
18226
18227
18228
18268
18269
18270
18271
18272
18273
18274
18275
18276
18277
18278
18279
18282
18290
18291
18298
18299
18300
18301
18304
18305
18306
18307
18308
18309
18310
18311
18312
18313
18314
18315
18321
18340
18341
18343
18344
18356
18361
18362
18363
18368
18375
18388
18410
18411
18412
18414
18416
18417
18421
18422
18423
18424
18425
18426
18427
18428
18430
18457
18466
18467
18471
18472
18487
18488
18494
18495
18496
18497
18498
18499
18500
18523
18524
18557
18558
18559
18569
18570
18588
18631
18632
18638
18639
18642
18643
18689
18690
18691
18693
18694
18695
18756
18758
18762
18790
18791
18794
18795
18799
18800
18811
18815
18816
18824
18826
18827
18829
18830
18831
18833
18834
18837
18838
18839
18840
18841
18845
18846
18849
18850
18851
18853
18854
18855
18857
18858
18866
18867
18868
18869
18870
18880
18881
18882
18899
18900
18964
18965
18975
18976
18977
18992
19002
19003
19004
19008
19009
19010
19011
19048
19049
19050
19051
19052
19053
19054
19055
19056
19057
19059
19060
19061
19073
19099
19105
19106
19108
19151
19168
19169
19170
19171
19172
19173
19175
19176
19177
19178
19179
19180
19181
19182
19183
19184
19185
19186
19188
19197
19200
19201
19203
19204
19205
19211
19212
19213
19216
19222
19223
19226
19227
19228
19229
19281
19282
19283
19285
19286
19314
19315
19316
19330
19333
19408
19409
19410
19411
19412
19413
19414
19417
19418
19421
19422
19423
19424
19425
19434
19435
19436
19437
19439
19440
19442
19443
19451
19452
19453
19457
19458
19461
19462
19463
19464
19465
19467
19501
19502
19503
19525
19526
19527
19528
19529
19530
19531
19532
19535
19536
19537
19540
19545
19546
19552
19553
19559
19570
19585
19586
19590
19591
19592
19595
19596
19602
19604
19607
19609
19610
19611
19612
19613
19614
19615
19616
19618
19620
19621
19622
19623
19624
19625
19626
19627
19630
19631
19632
19634
19635
19636
19637
19638
19639
19640
19644
19647
19648
19649
19650
19651
19652
19653
19656
19657
19668
19669
19683
19686
19687
19688
19689
19690
19691
19692
19697
19698
19703
19704
19705
19706
19708
19709
19710
19711
19729
19734
19735
19759
19766
19767
19770
19771
19772
19789
19799
19800
19801
19803
19809
19823
19824
19825
19826
19830
19846
19847
19848
19869
19874
19877
19879
19880
19881
19884
19885
19886
19887
19906
19907
19909
19910
19911
19912
19913
19914
19916
19917
19919
19920
19921
19925
19926
19927
19928
19929
19930
19931
19932
19933
19949
19950
19952
19953
19954
19955
19956
19957
19958
19959
19960
19961
19962
19968
19969
19970
19984
19985
19986
19994
19995
19997
19998
20005
20007
20008
20012
20013
20025
20026
20028
20029
20030
20035
20036
20037
20038
20039
20040
20045
20046
20047
20048
20049
20053
20054
20055
20056
20057
20058
20059
20060
20061
20062
20074
20106
20107
20108
20109
20110
20119
20120
20121
20122
20126
20127
20128
20129
20141
20142
20143
20144
20145
20157
20158
20170
20171
20177
20178
20179
20186
20194
20195
20196
20202
20204
20205
20226
20227
20228
20229
20236
20237
20238
20239
20240
20241
20242
20250
20257
20258
20261
20270
20271
20272
20273
20274
20275
20276
20278
20279
20280
20283
20290
20291
20292
20293
20294
20295
20296
20297
20298
20299
20303
20304
20305
20306
20307
20308
20309
20310
20311
20312
20313
20314
20318
20319
20320
20321
20327
20328
20333
20334
20335
20336
20340
20347
20348
20349
20350
20351
20352
20353
20367
20426
20428
20430
20431
20432
20433
20434
20435
20436
20437
20438
20439
20440
20441
20442
20443
20444
20445
20446
20450
20451
20452
20455
20470
20478
20479
20488
20543
20544
20545
20549
20554
20555
20556
20561
20564
20565
20566
20567
20568
20571
20574
20579
20580
20581
20582
20583
20588
20589
20593
20594
20595
20596
20597
20598
20599
20600
20601
20602
20603
20612
20616
20617
20619
20625
20626
20627
20629
20632
20633
20635
20636
20641
20642
20646
20650
20663
20664
20665
20666
20670
20680
20681
20683
20684
20685
20686
20690
20691
20692
20693
20703
20704
20709
20714
20715
20716
20717
20722
20730
20731
20738
20746
20747
20748
20752
20753
20754
20755
20756
20757
20758
20771
20772
20776
20777
20788
20789
20790
20791
20794
20796
20797
20798
20799
20800
20804
20805
20806
20808
20817
20818
20819
20845
20846
20847
20848
20849
20897
20902
20911
20948
20949
20975
20976
20977
20983
20984
20985
21003
21006
21008
21009
21010
21015
21032
21033
21034
21035
21049
21050
21055
21059
21060
21063
21075
21094
21099
21100
21101
21105
21106
21107
21110
21111
21112
21113
21114
21115
21118
21119
21120
21121
21130
21131
21166
21191
21201
21205
21207
21208
21213
21214
21215
21216
21228
21235
21236
21253
21254
21255
21257
21264
21271
21289
21291
21296
21297
21298
21309
21310
21311
21316
21341
21343
21354
21355
21358
21360
21361
21362
21363
21364
21365
21366
21379
21383
21390
21391
21392
21405
21408
21409
21422
21424
21435
21436
21437
21440
21441
21442
21443
21444
21446
21448
21452
21453
21454
21455
21456
21457
21458
21460
21464
21465
21466
21467
21477
21479
21480
21483
21512
21515
21516
21517
21518
21519
21526
21545
21546
21549
21551
21554
21555
21556
21557
21558
21559
21560
21567
21568
21576
21580
21581
21609
21622
21623
21624
21627
21632
21633
21637
21638
21639
21651
21657
21661
21662
21663
21664
21676
21677
21678
21681
21682
21683
21687
21691
21692
21707
21709
21712
21713
21722
21726
21727
21728
21732
21751
21755
21756
21757
21758
21759
21781
21784
21788
21797
21798
21799
21800
21801
21805
21806
21807
21810
21813
21814
21815
21819
21834
21835
21836
21840
21841
21842
21845
21846
21860
21861
21862
21863
21864
21865
21866
21867
21868
21869
21870
21873
21877
21879
21880
21881
21882
21896
21949
21950
21954
21959
21960
21962
21963
21967
21968
21969
21970
21971
21973
21974
21996
21997
21999
22000
22001
22002
22003
22004
22005
22007
22008
22009
22011
22012
22013
22014
22016
22028
22029
22035
22059
22060
22061
22062
22063
22064
22065
22069
22070
22071
22073
22074
22077
22078
22079
22083
22084
22085
22086
22087
22088
22089
22090
22092
22093
22094
22097
22104
22124
22125
22127
22128
22129
22130
22181
22182
22183
22184
22185
22186
22187
22192
22193
22194
22195
22196
22197
22198
22201
22202
22221
22222
22225
22227
22242
22243
22248
22258
22259
22262
22263
22264
22268
22269
22270
22273
22274
22275
22277
22278
22298
22299
22300
22301
22312
22319
22320
22332
22333
22357
22376
22403
22417
22418
22426
22427
22430
22436
22437
22438
22439
22442
22452
22454
22495
22496
22499
22508
22509
22510
22511
22513
22514
22521
22545
22546
22554
22561
22562
22563
22606
22614
22615
22617
22618
22619
22621
22622
22623
22632
22665
22685
22687
22717
22719
22721
22722
22727
22728
22732
22734
22759
22763
22764
22772
22773
22788
22789
22790
22799
22801
22802
22807
22808
22809
22810
22811
22813
22814
22815
22820
22821
22823
22826
22827
22828
22829
22830
22832
22833
22834
22840
22841
22842
22860
22861
22862
22863
22864
22870
22873
22874
22875
22878
22879
22890
22891
22892
22897
22899
22900
22912
22913
22916
22925
22928
22943
22944
22946
22947
22948
22949
22957
22958
22959
22960
22982
22987
23000
23001
23002
23003
23016
23019
23020
23022
23027
23031
23032
23033
23034
23035
23036
23038
23039
23040
23041
23042
23043
23044
23045
23046
23048
23052
23062
23075
23078
23079
23091
23094
23096
23097
23099
23101
23102
23103
23104
23109
23111
23112
23113
23121
23126
23127
23129
23130
23131
23133
23135
23163
23165
23174
23175
23176
23177
23178
23180
23181
23182
23183
23185
23189
23210
23211
23216
23221
23222
23224
23225
23226
23227
23229
23230
23231
23232
23233
23234
23235
23237
23239
23241
23242
23244
23245
23246
23249
23250
23258
23263
23270
23288
23289
23290
23291
23292
23306
23307
23308
23309
23310
23311
23335
23341
23345
23347
23352
23353
23354
23368
23381
23383
23384
23385
23386
23392
23393
23394
23395
23399
23400
23404
23405
23406
23408
23409
23410
23422
23423
23429
23430
23431
23432
23442
23448
23449
23450
23451
23452
23453
23454
23455
23456
23457
23458
23459
23460
23461
23462
23463
23464
23465
23466
23467
23468
23469
23470
23471
23472
23473
23474
23501
23502
23503
23504
23505
23506
23507
23508
23509
23510
23511
23512
23513
23514
23515
23516
23517
23518
23519
23520
23521
23522
23523
23524
23525
23526
23527
23528
23529
23530
23531
23532
23533
23534
23535
23536
23537
23538
23539
23540
23541
23542
23543
23544
23545
23546
23547
23548
23549
23550
23551
23552
23553
23554
23555
23556
23557
23558
23559
23560
23561
23562
23563
23564
23565
23566
23567
23568
23569
23570
23571
23572
23573
23574
23575
23730
23732
23733
23734
23735
23736
23737
23738
23739
23740
23741
23742
23743
23744
23745
23746
23747
23748
23749
23750
23751
23752
23753
23754
23755
23756
23757
23758
23759
23760
23761
23762
23763
23764
23765
23766
23767
23768
23769
23770
23771
23772
23773
24118
24119
24120
24121
24122
24123
24124
24125
24126
24127
24128
24129
24130
24131
24132
24133
24134
24135
24136
24137
24138
24139
24140
24141
24142
24143
24144
24145
24146
24147
24148
24163
24164
24165
24166
24167
24168
24169
24170
24171
24172
24173
24174
24175
24176
24177
24178
24179
24180
24181
24182
24183
24184
24185
24186
24189
24190
24191
24192
24193
24194
24195
24196
24197
24198
24199
24200
24201
24202
24203
24204
24205
24206
24207
24208
24209
24210
24211
24212
24213
24214
24215
24216
24217
24218
24219
24220
24221
24222
24223
24224
24225
24226
24227
24228
24229
24230
24231
24232
24233
24234
24235
24236
24237
24238
24239
24240
24241
24242
24243
24244
24245
24246
24247
24249
24250
24251
24252
24253
24254
24255
24256
24257
24258
24259
24260
24261
24262
24263
24264
24265
24266
24267
24268
24269
24270
24271
24272
24273
24274
24275
24276
24277
24278
24279
24280
24281
24282
24283
24284
24285
24286
24287
24288
24289
24290
24291
24292
24293
24294
24295
24296
24297
24298
24299
24300
24301
24302
24303
24304
24305
24306
24307
24308
24309
24310
24311
24312
24313
24314
24315
24316
24317
24318
24319
24320
24321
24322
24323
24324
24325
24326
24327
24328
24329
24330
24331
24332
24333
24334
24335
24336
24337
24338
24339
24340
24341
24342
24343
24344
24345
24346
24347
24348
24349
24350
24351
24352
24353
24354
24355
24356
24357
24358
24359
24360
24361
24362
24363
24364
24365
24366
24367
24368
24369
24370
24371
24372
24373
24374
24375
24376
24377
24378
24379
24380
24381
24382
24383
24384
24385
24386
24387
24388
24389
24390
24391
24392
24393
24394
24395
24396
24397
24398
24399
24400
24401
24402
24403
24404
24405
24406
24407
24408
24409
24410
24411
24412
24413
24414
24415
24416
24417
24418
24419
24420
24421
24422
24423
24424
24425
24426
24427
24428
24580
24582
24583
24584
24585
24586
24587
24588
24589
24590
24591
24592
24593
24594
24595
24596
24597
24598
24599
24600
24601
24605
24606
24607
24608
24609
24610
24611
24612
24613
24614
24615
24616
24617
24618
24619
24620
24621
24622
24623
24624
24625
24626
24627
24628
24629
24630
24631
24632
24633
24634
24635
24653
24654
24655
24656
24657
24658
24659
24660
24661
24662
24663
24664
24665
24983
24984
24985
24986
24987
24988
24989
24990
24991
24992
24993
24994
24995
24996
24997
24998
24999
25000
25001
25002
25003
25004
25005
25006
25007
25008
25009
25011
25023
25024
25025
25026
25027
25028
25029
25030
25031
25032
25033
25034
25035
25036
25037
25038
25039
25040
25041
25042
25047
25048
25049
25050
25051
25053
25054
25055
25056
25057
25058
25059
25060
25061
25062
25063
25064
25065
25066
25067
25068
25069
25070
25071
25072
25073
25074
25075
25076
25077
25078
25079
25080
25081
25082
25083
25084
25085
25086
25087
25088
25089
25090
25091
25092
25093
25094
25095
25096
25097
25098
25099
25100
25101
25102
25103
25104
25105
25106
25107
25108
25109
25111
25112
25113
25117
25118
25119
25120
25121
25122
25123
25124
25125
25126
25127
25128
25129
25130
25131
25132
25133
25134
25135
25136
25137
25138
25139
25140
25141
25142
25143
25144
25145
25146
25147
25148
25149
25150
25151
25152
25153
25154
25155
25156
25157
25158
25159
25160
25161
25162
25163
25164
25165
25166
25167
25168
25169
25170
25171
25172
25173
25174
25175
25176
25177
25178
25179
25180
25181
25182
25183
25186
25336
25337
25338
25339
25340
25341
25342
25343
25344
25345
25346
25347
25348
25349
25350
25351
25352
25353
25354
25355
25356
25357
25358
25359
25360
25361
25362
25363
25364
25365
25366
25367
25368
25369
25370
25371
25372
25387
25700
25701
25702
25703
25704
25705
25706
25707
25708
25709
25710
25711
25712
25713
25714
25715
25716
25717
25718
25719
25720
25721
25722
25731
25732
25733
25734
25735
25736
25737
25738
25739
25740
25741
25742
25743
25744
25745
25746
25747
25748
25749
25750
25751
25752
25753
25754
25755
25756
25757
25758
25759
25760
25761
25762
25763
25764
25765
25766
25767
25768
25769
25770
25771
25772
25773
25774
25775
25778
25782
25783
25784
25785
25786
25787
25788
25790
25791
25792
25795
25798
25799
25802
25803
25804
25805
25806
25807
25808
25809
25810
25811
25812
25813
25814
25815
25816
25817
25818
25819
25820
25821
25822
25823
25824
25825
25826
25827
25828
25829
25830
25831
25832
25833
25834
25836
25837
25838
25839
25840
25841
25842
25990
25991
25992
25993
25994
25995
25996
25997
25998
25999
26000
26001
26002
26003
26004
26005
26006
26007
26008
26009
26010
26011
26012
26013
26014
26015
26016
26017
26018
26019
26330
26331
26332
26333
26334
26335
26336
26337
26338
26339
26340
26341
26342
26343
26344
26345
26346
26347
26348
26356
26357
26364
26365
26366
26367
26368
26369
26370
26371
26372
26373
26374
26375
26376
26377
26378
26379
26380
26381
26382
26384
26385
26386
26387
26388
26389
26390
26391
26392
26393
26394
26395
26396
26397
26398
26399
26400
26401
26402
26403
26404
26405
26406
26407
26408
26409
26413
26414
26415
26416
26417
26418
26419
26420
26421
26422
26423
26424
26425
26426
26427
26428
26429
26430
26431
26432
26433
26434
26435
26436
26437
26438
26439
26440
26441
26442
26443
26444
26445
26446
26447
26448
26450
26451
26452
26453
26454
26456
26457
26605
26606
26607
26608
26609
26610
26611
26612
26613
26614
26615
26616
26617
26618
26619
26620
26621
26622
26623
26624
26625
26626
26628
26629
26630
26938
26939
26940
26941
26942
26943
26944
26945
26946
26947
26948
26949
26950
26955
26956
26957
26958
26959
26960
26961
26962
26963
26964
26965
26966
26967
26968
26969
26970
26971
26972
26973
26974
26975
26976
26977
26978
26979
26980
26981
26982
26983
26984
26985
26986
26987
26988
26990
26991
26992
26994
26995
26998
27000
27001
27002
27003
27004
27005
27006
27007
27008
27009
27010
27011
27012
27013
27014
27015
27016
27017
27018
27019
27020
27021
27022
27023
27165
27168
27169
27170
27171
27172
27173
27174
27175
27176
27177
27178
27179
27180
27181
27182
27183
27184
27481
27482
27483
27484
27485
27490
27492
27493
27494
27495
27496
27497
27498
27499
27501
27502
27503
27504
27507
27508
27512
27513
27515
27516
27519
27520
27521
27522
27523
27524
27525
27526
27528
27529
27531
27532
27533
27538
27539
27540
27541
27542
27543
27544
27545
27546
27547
27548
27549
27550
27551
27552
27553
27554
27555
27556
27557
27558
27559
27560
27561
27562
27565
27566
27706
27707
27708
27709
27710
27711
27712
27713
27714
27715
27716
27717
27718
27719
27720
27721
27722
27723
27724
27725
27728
28016
28018
28019
28020
28021
28022
28023
28024
28025
28026
28027
28029
28030
28031
28033
28036
28038
28039
28040
28041
28042
28044
28045
28046
28184
28185
28186
28187
28188
28189
28190
28202
28203
28204
28209
28210
28219
28220
28221
28288
28289
28291
28292
28293
28294
28295
28297
28298
28299
28434
28435
28438
28439
28442
28443
28447
28578
28582
28583
28584
28585
28586
28587
28588
28589
28590
28591
28592
28593
28594
28595
28596
28597
28598
28599
28600
28601
28602
28603
28604
28605
28606
28607
28608
28609
28610
28611
28612
28613
28614
28615
28616
28617
28618
28619
28620
28621
28622
28623
28624
28625
28759
28760
28761
28762
28763
28764
28765
28766
28767
28768
28769
28770
28771
28772
28773
28774
28775
28776
28777
28778
28779
28780
28781
28782
28783
28784
28785
28786
28787
28788
28789
28790
28791
28792
28793
28794
28795
28796
28797
28798
28799
28800
28801
28802
28803
28804
28805
28806
28807
28808
28809
28810
28811
28812
28813
28814
28815
28816
28817
28818
28819
28820
28821
28822
28823
28824
28825
28826
28828
28829
28830
28831
28832
28833
28834
28835
28836
28837
28838
28839
28840
28841
28842
28843
28844
28845
28846
28847
28848
28849
28850
28851
28852
28853
28854
28855
28856
28857
28858
28859
28860
28861
28862
28863
28864
28865
28866
28867
28868
28869
28870
28871
28872
28873
28874
28875
28876
28877
28878
28879
28880
28881
28882
28883
28884
28885
28886
28980
29020
29021
29022
29023
29024
29025
29026
29027
29028
29029
29030
29031
29032
29033
29034
29035
29036
29037
29038
29039
29040
29041
29042
29043
29044
29045
29046
29047
29048
29049
29050
29051
29052
29053
29054
29055
29056
29057
29058
29059
29060
29061
29062
29063
29064
29065
29066
29067
29068
29069
29070
29071
29072
29073
29074
29075
29076
29077
29078
29079
29080
29081
29082
29083
29084
29085
29086
29087
29088
29089
29090
29091
29092
29093
29094
29095
29096
29097
29098
29099
29100
29101
29102
29103
29104
29105
29106
29107
29108
29233
29234
29235
29236
29237
29238
29239
29240
29241
29242
29243
29244
29245
29246
29247
29248
29249
29250
29251
29252
29253
29254
29255
29256
29257
29258
29259
29260
29261
29262
29263
29264
29265
29266
29267
29268
29269
29270
29271
29272
29273
29274
29275
29276
29277
29278
29279
29400
29401
29402
29403
29404
29405
29406
29407
29408
29409
29410
29411
29412
29413
29414
29415
29416
29417
29418
29419
29420
29421
29422
29423
29424
29425
29426
29427
29428
29429
29435
29436
29437
29438
29439
29440
29441
29442
29443
29444
29445
29446
29447
29448
29449
29450
29451
29453
29454
29455
29456
29457
29458
29459
29460
29461
29462
29463
29464
29465
29466
29467
29468
29469
29470
29471
29472
29473
29474
29476
29477
29478
29479
29480
29481
29482
29483
29484
29485
29590
29628
29629
29630
29631
29632
29633
29634
29635
29636
29637
29638
29639
29640
29641
29642
29643
29644
29645
29646
29647
29648
29649
29650
29651
29652
29653
29654
29655
29656
29657
29658
29659
29660
29661
29662
29663
29664
29665
29666
29667
29668
29669
29670
29671
29672
29673
29674
29675
29676
29677
29678
29679
29680
29681
29682
29683
29684
29685
29686
29687
29688
29689
29690
29691
29692
29693
29694
29695
29696
29697
29698
29699
29700
29701
29702
29703
29704
29705
29706
29707
29708
29709
29710
29711
29712
29713
29714
29716
29720
29721
29722
29723
29724
29725
29726
29727
29728
29729
29730
29731
29732
29733
29734
29735
29736
29739
29740
29743
29744
29745
29746
29747
29748
29749
29750
29751
29752
29753
29754
29755
29758
29762
29769
29772
29773
29774
29775
29776
29777
29778
29779
29780
29781
29782
29783
29784
29804
29805
29806
29807
29808
29809
29814
29815
29816
29817
29818
29819
29820
29821
29835
29952
29953
29954
29992
29993
29995
29996
29997
29999
30001
30002
30003
30004
30005
30006
30007
30009
30010
30011
30012
30013
30014
30016
30017
30018
30019
30020
30021
30022
30023
30024
30025
30027
30028
30029
30030
30031
30032
30033
30034
30035
30036
30037
30038
30039
30040
30041
30042
30043
30044
30045
30046
30047
30048
30049
30050
30051
30054
30056
30060
30062
30063
30064
30065
30101
30208
30209
30211
30212
30213
30214
30215
30216
30217
30218
30219
30222
30224
30225
30227
30230
30232
30234
30235
30237
30238
30261
30270
30320
30347
30348
30350
30351
30352
30353
30357
30358
30403
30404
30410
30433
30434
30435
30436
30437
30438
30439
30440
30441
30442
30443
30444
30445
30446
30452
30453
30454
30455
30456
30457
30458
30459
30460
30461
30462
30463
30464
30465
30466
30467
30468
30469
30470
30471
30472
30473
30474
30475
30478
30479
30480
30483
30484
30487
30488
30489
30490
30491
30492
30493
30496
30497
30498
30499
30502
30503
30504
30510
30511
30530
30531
30532
30533
30534
30535
30536
30537
30538
30544
30546
30547
30552
30553
30561
30564
30585
30603
30620
30627
30666
30667
30693
30696
30697
30698
30699
30700
30701
30702
30703
30705
30708
30709
30748
30750
30751
30752
30753
30754
30756
30757
30758
30759
30760
30762
30763
30764
30765
30767
30768
30769
30770
30771
30772
30773
30774
30775
30776
30778
30779
30780
30781
30782
30784
30785
30793
30794
30795
30798
30801
30802
30803
30817
30819
30820
30821
30822
30823
30824
30825
30826
30827
30828
30842
30845
30846
30847
30848
30849
30854
30855
30873
30879
30891
30907
30909
30916
30917
30921
30922
30924
30925
30941
30942
30944
30948
31003
31004
31014
31015
31016
31017
31019
31022
31023
31024
31025
31026
31027
31028
31029
31030
31031
31034
31035
31036
31037
31038
31041
31044
31045
31046
31047
31050
31051
31056
31057
31058
31059
31060
31065
31066
31079
31080
31104
31107
31117
31119
31120
31141
31142
31151
31152
31153
31154
31155
31172
31173
31174
31185
31186
31190
31202
31203
31204
31210
31223
31226
31227
31228
31233
31249
31250
31252
31261
31265
31266
31267
31268
31275
31276
31280
31281
31284
31285
31286
31287
31288
31290
31291
31292
31293
31294
31295
31296
31297
31298
31299
31301
31305
31306
31324
31326
31327
31336
31338
31340
31341
31342
31347
31349
31370
31377
31397
31399
31408
31410
31414
31415
31416
31421
31446
31448
31454
31455
31457
31458
31459
31460
31493
31496
31497
31500
31505
31506
31507
31508
31509
31520
31521
31522
31527
31530
31531
31532
31533
31535
31539
31540
31541
31546
31547
31549
31550
31560
31566
31567
31568
31569
31587
31589
31591
31592
31606
31607
31609
31610
31621
31622
31632
31635
31642
31648
31649
31650
31653
31667
31668
31681
31686
31688
31689
31708
31713
31714
31717
31724
31732
31733
31739
31740
31749
31750
31751
31757
31758
31760
31763
31767
31768
31769
31773
31775
31777
31782
31788
31794
31807
31816
31821
31822
31823
31827
31828
31839
31840
31841
31844
31845
31846
31855
31856
31866
31888
31889
31894
31908
31911
31912
31914
31919
31920
31921
31938
31942
31944
31948
31970
31971
31978
31987
31993
31994
31996
31997
32003
32004
32011
32012
32022
32023
32040
32047
32067
32068
32069
32085
32092
32102
32106
32117
32125
32126
32140
32143
32144
32145
32150
32154
32158
32160
32161
32163
32174
32175
32177
32180
32181
32182
32183
32184
32185
32186
32196
32202
32213
32214
32217
32219
32237
32243
32244
32249
32250
32251
32275
32276
32279
32289
32291
32292
32293
32294
32296
32305
32336
32337
32354
32355
32357
32358
32365
32383
32384
32388
32389
32401
32402
32406
32408
32409
32418
32419
32440
32441
32444
32445
32463
32466
32486
32487
32507
32508
32520
32521
32522
32523
32530
32536
32549
32553
32554
32576
32577
32588
32601
32602
32620
32626
32636
32664
32665
32669
32687
32704
32712
32713
32721
32722
32744
32755
32769
32770
32771
32772
32777
32789
32791
32802
32810
32811
32818
32825
32837
32839
32841
32860
32863
32866
32867
32883
32887
32891
32895
32896
32897
32899
32909
32910
32915
32916
32917
32918
32919
32920
32921
32922
32923
32924
32925
32926
32927
32928
32929
32930
32931
32932
32933
32934
32935
32936
32937
32938
32939
32940
32941
32942
32943
32944
32945
32946
32947
32948
32949
32950
32951
32952
32953
32954
32955
32956
32957
32958
32959
32960
32961
32962
32963
32964
32965
32966
32967
32968
32969
32970
32971
32972
32973
32974
32975
32976
32977
32978
32979
32980
32981
32982
32983
32984
32985
32986
32987
32988
32989
32990
32991
32992
32993
32994
32995
32996
32997
32998
32999
33000
33001
33002
33003
33004
33005
33006
33007
33008
33009
33010
33011
33012
33013
33014
33015
33016
33017
33018
33019
33020
33021
33022
33023
33024
33025
33026
33027
33028
33029
33030
33031
33032
33033
33034
33035
33036
33037
33038
33039
33040
33041
33042
33043
33044
33045
33046
33047
33048
33049
33050
33051
33052
33053
33054
33055
33056
33057
33058
33059
33060
33061
33062
33063
33064
33065
33066
33067
33068
33069
33070
33071
33072
33073
33074
33075
33076
33077
33078
33079
33080
33081
33082
33083
33084
33085
33086
33087
33088
33089
33090
33091
33092
33093
33094
33095
33096
33097
33098
33099
33100
33101
33102
33103
33104
33105
33106
33107
33108
33109
33110
33111
33112
33113
33114
33115
33116
33117
33118
33119
33120
33121
33122
33123
33124
33125
33126
33127
33128
33129
33130
33131
33132
33133
33134
33135
33136
33137
33138
33139
33140
33141
33142
33143
33144
33145
33146
33147
33148
33149
33150
33151
33152
33153
33154
33155
33156
33157
33158
33159
33160
33161
33162
33163
33164
33165
33166
33167
33168
33169
33170
33171
33172
33173
33174
33175
33176
33177
33178
33179
33180
33181
33182
33183
33184
33185
33186
33187
33188
33189
33190
33191
33192
33193
33194
33195
33196
33197
33198
33199
33200
33201
33202
33203
33204
33205
33206
33207
33208
33209
33210
33211
33212
33213
33214
33215
33216
33217
33218
33219
33220
33221
33222
33223
33224
33225
33226
33227
33878
33879
33880
33881
33882
33883
33884
33885
33886
33887
33888
33895
33896
33897
33898
33899
33900
33901
33902
33903
33913
33914
33928
33932
33933
33934
33935
33936
33937
33938
33939
33940
-399
-427
-2872
3412
-4907
-6995
-6997
8738
-9229
11779
12057
13162
-13420
-13422
13482
14252
-14889
-15072
-15199
17526
17570
19012
19332
19736
-19797
20575
21468
-21953
)


// ************************************************************************* //
