/*--------------------------------*- C++ -*----------------------------------*\
| =========                 |                                                 |
| \\      /  F ield         | OpenFOAM: The Open Source CFD Toolbox           |
|  \\    /   O peration     | Version:  v2012                                 |
|   \\  /    A nd           | Website:  www.openfoam.com                      |
|    \\/     M anipulation  |                                                 |
\*---------------------------------------------------------------------------*/
FoamFile
{
    version     2.0;
    format      ascii;
    class       volScalarField;
    location    "0.75";
    object      p;
}
// * * * * * * * * * * * * * * * * * * * * * * * * * * * * * * * * * * * * * //

dimensions      [1 -1 -2 0 0 0 0];


internalField   nonuniform List<scalar> 
3332
(
3.49974e+06
3.49974e+06
3.49975e+06
3.49975e+06
3.49975e+06
3.49976e+06
3.49976e+06
3.49976e+06
3.49976e+06
3.49977e+06
3.49977e+06
3.49977e+06
3.49977e+06
3.49978e+06
3.49978e+06
3.49978e+06
3.49978e+06
3.49979e+06
3.49979e+06
3.49979e+06
3.49973e+06
3.49973e+06
3.49973e+06
3.49974e+06
3.49974e+06
3.49974e+06
3.49975e+06
3.49975e+06
3.49975e+06
3.49976e+06
3.49976e+06
3.49976e+06
3.49976e+06
3.49977e+06
3.49977e+06
3.49977e+06
3.49977e+06
3.49978e+06
3.49978e+06
3.49978e+06
3.49978e+06
3.49979e+06
3.50046e+06
3.50073e+06
3.50054e+06
3.50031e+06
3.5001e+06
3.50008e+06
3.49996e+06
3.49991e+06
3.4999e+06
3.49982e+06
3.49974e+06
3.49973e+06
3.49972e+06
3.49972e+06
3.49972e+06
3.49972e+06
3.49972e+06
3.49973e+06
3.49973e+06
3.49973e+06
3.49974e+06
3.49974e+06
3.49974e+06
3.49975e+06
3.49975e+06
3.49975e+06
3.49976e+06
3.49976e+06
3.49976e+06
3.49976e+06
3.49977e+06
3.49977e+06
3.49977e+06
3.49977e+06
3.49978e+06
3.49978e+06
3.49978e+06
3.50014e+06
3.50022e+06
3.50018e+06
3.5001e+06
3.49994e+06
3.49994e+06
3.4999e+06
3.49987e+06
3.49982e+06
3.49977e+06
3.49975e+06
3.49973e+06
3.49973e+06
3.49972e+06
3.49971e+06
3.49971e+06
3.49971e+06
3.49971e+06
3.49972e+06
3.49972e+06
3.49973e+06
3.49973e+06
3.49973e+06
3.49974e+06
3.49974e+06
3.49974e+06
3.49974e+06
3.49975e+06
3.49975e+06
3.49975e+06
3.49976e+06
3.49976e+06
3.49976e+06
3.49976e+06
3.49977e+06
3.49977e+06
3.49977e+06
3.49977e+06
3.49978e+06
3.49997e+06
3.50005e+06
3.50003e+06
3.50001e+06
3.49991e+06
3.49987e+06
3.49982e+06
3.49979e+06
3.49976e+06
3.49974e+06
3.49972e+06
3.49972e+06
3.49972e+06
3.49971e+06
3.49971e+06
3.4997e+06
3.49971e+06
3.49971e+06
3.49971e+06
3.49972e+06
3.49972e+06
3.49972e+06
3.49973e+06
3.49973e+06
3.49973e+06
3.49974e+06
3.49974e+06
3.49974e+06
3.49975e+06
3.49975e+06
3.49975e+06
3.49975e+06
3.49976e+06
3.49976e+06
3.49976e+06
3.49976e+06
3.49977e+06
3.49977e+06
3.49977e+06
3.49977e+06
3.49993e+06
3.49993e+06
3.49991e+06
3.49991e+06
3.49983e+06
3.4998e+06
3.49976e+06
3.49973e+06
3.49972e+06
3.49971e+06
3.4997e+06
3.4997e+06
3.4997e+06
3.4997e+06
3.4997e+06
3.4997e+06
3.4997e+06
3.4997e+06
3.49971e+06
3.49971e+06
3.49971e+06
3.49972e+06
3.49972e+06
3.49972e+06
3.49973e+06
3.49973e+06
3.49973e+06
3.49974e+06
3.49974e+06
3.49974e+06
3.49975e+06
3.49975e+06
3.49975e+06
3.49975e+06
3.49976e+06
3.49976e+06
3.49976e+06
3.49976e+06
3.49977e+06
3.49977e+06
3.4998e+06
3.49983e+06
3.4998e+06
3.4998e+06
3.49977e+06
3.49976e+06
3.49974e+06
3.49972e+06
3.4997e+06
3.49969e+06
3.49969e+06
3.49969e+06
3.49969e+06
3.49969e+06
3.49969e+06
3.49969e+06
3.4997e+06
3.4997e+06
3.4997e+06
3.4997e+06
3.49971e+06
3.49971e+06
3.49972e+06
3.49972e+06
3.49972e+06
3.49973e+06
3.49973e+06
3.49973e+06
3.49973e+06
3.49974e+06
3.49974e+06
3.49974e+06
3.49975e+06
3.49975e+06
3.49975e+06
3.49975e+06
3.49976e+06
3.49976e+06
3.49976e+06
3.49976e+06
3.49976e+06
3.49978e+06
3.49977e+06
3.49974e+06
3.49976e+06
3.49974e+06
3.49974e+06
3.49973e+06
3.49971e+06
3.49969e+06
3.49968e+06
3.49968e+06
3.49968e+06
3.49969e+06
3.49968e+06
3.49968e+06
3.49969e+06
3.49969e+06
3.49969e+06
3.4997e+06
3.4997e+06
3.4997e+06
3.49971e+06
3.49971e+06
3.49971e+06
3.49972e+06
3.49972e+06
3.49972e+06
3.49973e+06
3.49973e+06
3.49973e+06
3.49974e+06
3.49974e+06
3.49974e+06
3.49974e+06
3.49975e+06
3.49975e+06
3.49975e+06
3.49975e+06
3.49975e+06
3.49976e+06
3.49976e+06
3.49965e+06
3.49968e+06
3.4997e+06
3.49972e+06
3.49972e+06
3.49972e+06
3.49971e+06
3.49969e+06
3.49969e+06
3.49968e+06
3.49967e+06
3.49967e+06
3.49968e+06
3.49968e+06
3.49968e+06
3.49968e+06
3.49968e+06
3.49969e+06
3.49969e+06
3.49969e+06
3.4997e+06
3.4997e+06
3.4997e+06
3.49971e+06
3.49971e+06
3.49971e+06
3.49972e+06
3.49972e+06
3.49972e+06
3.49973e+06
3.49973e+06
3.49973e+06
3.49974e+06
3.49974e+06
3.49974e+06
3.49974e+06
3.49975e+06
3.49975e+06
3.49975e+06
3.49975e+06
3.49975e+06
3.49963e+06
3.49965e+06
3.49966e+06
3.49969e+06
3.49969e+06
3.4997e+06
3.4997e+06
3.49968e+06
3.49968e+06
3.49967e+06
3.49966e+06
3.49967e+06
3.49967e+06
3.49967e+06
3.49967e+06
3.49968e+06
3.49968e+06
3.49968e+06
3.49969e+06
3.49969e+06
3.49969e+06
3.4997e+06
3.4997e+06
3.4997e+06
3.49971e+06
3.49971e+06
3.49971e+06
3.49972e+06
3.49972e+06
3.49972e+06
3.49973e+06
3.49973e+06
3.49973e+06
3.49973e+06
3.49974e+06
3.49974e+06
3.49974e+06
3.49974e+06
3.49974e+06
3.49975e+06
3.49975e+06
3.49959e+06
3.4996e+06
3.49963e+06
3.49966e+06
3.49968e+06
3.49969e+06
3.49969e+06
3.49967e+06
3.49967e+06
3.49966e+06
3.49966e+06
3.49966e+06
3.49967e+06
3.49967e+06
3.49967e+06
3.49967e+06
3.49968e+06
3.49968e+06
3.49968e+06
3.49969e+06
3.49969e+06
3.49969e+06
3.49969e+06
3.4997e+06
3.4997e+06
3.4997e+06
3.49971e+06
3.49971e+06
3.49971e+06
3.49972e+06
3.49972e+06
3.49972e+06
3.49973e+06
3.49973e+06
3.49973e+06
3.49973e+06
3.49973e+06
3.49974e+06
3.49974e+06
3.49974e+06
3.49974e+06
3.49958e+06
3.49958e+06
3.49961e+06
3.49964e+06
3.49966e+06
3.49967e+06
3.49968e+06
3.49966e+06
3.49967e+06
3.49966e+06
3.49965e+06
3.49966e+06
3.49966e+06
3.49966e+06
3.49966e+06
3.49967e+06
3.49967e+06
3.49967e+06
3.49968e+06
3.49968e+06
3.49968e+06
3.49969e+06
3.49969e+06
3.49969e+06
3.4997e+06
3.4997e+06
3.4997e+06
3.49971e+06
3.49971e+06
3.49971e+06
3.49971e+06
3.49972e+06
3.49972e+06
3.49972e+06
3.49972e+06
3.49973e+06
3.49973e+06
3.49973e+06
3.49973e+06
3.49974e+06
3.49974e+06
3.49952e+06
3.49955e+06
3.49959e+06
3.49963e+06
3.49965e+06
3.49966e+06
3.49967e+06
3.49966e+06
3.49966e+06
3.49965e+06
3.49965e+06
3.49965e+06
3.49966e+06
3.49966e+06
3.49966e+06
3.49966e+06
3.49967e+06
3.49967e+06
3.49967e+06
3.49968e+06
3.49968e+06
3.49968e+06
3.49969e+06
3.49969e+06
3.49969e+06
3.49969e+06
3.4997e+06
3.4997e+06
3.4997e+06
3.49971e+06
3.49971e+06
3.49971e+06
3.49971e+06
3.49972e+06
3.49972e+06
3.49972e+06
3.49972e+06
3.49973e+06
3.49973e+06
3.49973e+06
3.49973e+06
3.49951e+06
3.49954e+06
3.49957e+06
3.49962e+06
3.49964e+06
3.49964e+06
3.49966e+06
3.49965e+06
3.49965e+06
3.49965e+06
3.49965e+06
3.49965e+06
3.49965e+06
3.49965e+06
3.49966e+06
3.49966e+06
3.49966e+06
3.49967e+06
3.49967e+06
3.49967e+06
3.49968e+06
3.49968e+06
3.49968e+06
3.49968e+06
3.49969e+06
3.49969e+06
3.49969e+06
3.4997e+06
3.4997e+06
3.4997e+06
3.4997e+06
3.49971e+06
3.49971e+06
3.49971e+06
3.49971e+06
3.49972e+06
3.49972e+06
3.49972e+06
3.49972e+06
3.49973e+06
3.49973e+06
3.49958e+06
3.49956e+06
3.49954e+06
3.49959e+06
3.49964e+06
3.49964e+06
3.49965e+06
3.49963e+06
3.49964e+06
3.49964e+06
3.49964e+06
3.49964e+06
3.49965e+06
3.49965e+06
3.49965e+06
3.49965e+06
3.49966e+06
3.49966e+06
3.49967e+06
3.49967e+06
3.49967e+06
3.49967e+06
3.49968e+06
3.49968e+06
3.49968e+06
3.49969e+06
3.49969e+06
3.49969e+06
3.49969e+06
3.4997e+06
3.4997e+06
3.4997e+06
3.4997e+06
3.49971e+06
3.49971e+06
3.49971e+06
3.49971e+06
3.49972e+06
3.49972e+06
3.49972e+06
3.49972e+06
3.49965e+06
3.49973e+06
3.49965e+06
3.49962e+06
3.49962e+06
3.49962e+06
3.49963e+06
3.49962e+06
3.49963e+06
3.49963e+06
3.49964e+06
3.49963e+06
3.49964e+06
3.49964e+06
3.49965e+06
3.49965e+06
3.49966e+06
3.49966e+06
3.49966e+06
3.49966e+06
3.49967e+06
3.49967e+06
3.49967e+06
3.49967e+06
3.49968e+06
3.49968e+06
3.49968e+06
3.49969e+06
3.49969e+06
3.49969e+06
3.49969e+06
3.4997e+06
3.4997e+06
3.4997e+06
3.4997e+06
3.49971e+06
3.49971e+06
3.49971e+06
3.49971e+06
3.49971e+06
3.49972e+06
3.49956e+06
3.4993e+06
3.49977e+06
3.49962e+06
3.49961e+06
3.4996e+06
3.49962e+06
3.49961e+06
3.49962e+06
3.49962e+06
3.49963e+06
3.49963e+06
3.49964e+06
3.49964e+06
3.49964e+06
3.49965e+06
3.49965e+06
3.49966e+06
3.49966e+06
3.49966e+06
3.49966e+06
3.49966e+06
3.49967e+06
3.49967e+06
3.49967e+06
3.49967e+06
3.49968e+06
3.49968e+06
3.49968e+06
3.49969e+06
3.49969e+06
3.49969e+06
3.49969e+06
3.49969e+06
3.4997e+06
3.4997e+06
3.4997e+06
3.4997e+06
3.49971e+06
3.49971e+06
3.49971e+06
3.49977e+06
3.49951e+06
3.4998e+06
3.49956e+06
3.49962e+06
3.49962e+06
3.49964e+06
3.49962e+06
3.49963e+06
3.49962e+06
3.49963e+06
3.49963e+06
3.49963e+06
3.49964e+06
3.49964e+06
3.49964e+06
3.49965e+06
3.49965e+06
3.49965e+06
3.49966e+06
3.49966e+06
3.49966e+06
3.49966e+06
3.49966e+06
3.49967e+06
3.49967e+06
3.49967e+06
3.49967e+06
3.49968e+06
3.49968e+06
3.49968e+06
3.49968e+06
3.49969e+06
3.49969e+06
3.49969e+06
3.49969e+06
3.4997e+06
3.4997e+06
3.4997e+06
3.4997e+06
3.49971e+06
3.49952e+06
3.49943e+06
3.49901e+06
3.49871e+06
3.4995e+06
3.49947e+06
3.49967e+06
3.4996e+06
3.49963e+06
3.49962e+06
3.49962e+06
3.49962e+06
3.49963e+06
3.49963e+06
3.49964e+06
3.49964e+06
3.49964e+06
3.49965e+06
3.49965e+06
3.49965e+06
3.49965e+06
3.49965e+06
3.49966e+06
3.49966e+06
3.49966e+06
3.49966e+06
3.49967e+06
3.49967e+06
3.49967e+06
3.49967e+06
3.49968e+06
3.49968e+06
3.49968e+06
3.49968e+06
3.49969e+06
3.49969e+06
3.49969e+06
3.49969e+06
3.4997e+06
3.4997e+06
3.4997e+06
3.49967e+06
3.49951e+06
3.49899e+06
3.49866e+06
3.49952e+06
3.4995e+06
3.4997e+06
3.49962e+06
3.49964e+06
3.49962e+06
3.49962e+06
3.49962e+06
3.49962e+06
3.49963e+06
3.49963e+06
3.49963e+06
3.49964e+06
3.49964e+06
3.49965e+06
3.49965e+06
3.49965e+06
3.49965e+06
3.49965e+06
3.49965e+06
3.49966e+06
3.49966e+06
3.49966e+06
3.49966e+06
3.49967e+06
3.49967e+06
3.49967e+06
3.49967e+06
3.49967e+06
3.49968e+06
3.49968e+06
3.49968e+06
3.49968e+06
3.49969e+06
3.49969e+06
3.49969e+06
3.4997e+06
3.49964e+06
3.49955e+06
3.49905e+06
3.49865e+06
3.49949e+06
3.49946e+06
3.49968e+06
3.49961e+06
3.49963e+06
3.49961e+06
3.49962e+06
3.49961e+06
3.49962e+06
3.49962e+06
3.49963e+06
3.49963e+06
3.49963e+06
3.49964e+06
3.49964e+06
3.49964e+06
3.49964e+06
3.49964e+06
3.49965e+06
3.49965e+06
3.49965e+06
3.49965e+06
3.49965e+06
3.49966e+06
3.49966e+06
3.49966e+06
3.49966e+06
3.49967e+06
3.49967e+06
3.49967e+06
3.49967e+06
3.49967e+06
3.49968e+06
3.49968e+06
3.49968e+06
3.49969e+06
3.49969e+06
3.49965e+06
3.49964e+06
3.49917e+06
3.49877e+06
3.49956e+06
3.4995e+06
3.4997e+06
3.49962e+06
3.49964e+06
3.49962e+06
3.49961e+06
3.49961e+06
3.49961e+06
3.49962e+06
3.49962e+06
3.49962e+06
3.49963e+06
3.49963e+06
3.49963e+06
3.49964e+06
3.49964e+06
3.49964e+06
3.49964e+06
3.49964e+06
3.49964e+06
3.49965e+06
3.49965e+06
3.49965e+06
3.49965e+06
3.49965e+06
3.49966e+06
3.49966e+06
3.49966e+06
3.49966e+06
3.49967e+06
3.49967e+06
3.49967e+06
3.49967e+06
3.49968e+06
3.49968e+06
3.49968e+06
3.49993e+06
3.49975e+06
3.49917e+06
3.49878e+06
3.49961e+06
3.49952e+06
3.49971e+06
3.4996e+06
3.49964e+06
3.49962e+06
3.49961e+06
3.4996e+06
3.49961e+06
3.49961e+06
3.49962e+06
3.49962e+06
3.49962e+06
3.49963e+06
3.49963e+06
3.49963e+06
3.49963e+06
3.49963e+06
3.49963e+06
3.49964e+06
3.49964e+06
3.49964e+06
3.49964e+06
3.49964e+06
3.49965e+06
3.49965e+06
3.49965e+06
3.49965e+06
3.49965e+06
3.49966e+06
3.49966e+06
3.49966e+06
3.49966e+06
3.49967e+06
3.49967e+06
3.49967e+06
3.49968e+06
3.49998e+06
3.50002e+06
3.49947e+06
3.49899e+06
3.49969e+06
3.49956e+06
3.4998e+06
3.49966e+06
3.49969e+06
3.49962e+06
3.4996e+06
3.49959e+06
3.4996e+06
3.49961e+06
3.49961e+06
3.49961e+06
3.49962e+06
3.49962e+06
3.49962e+06
3.49962e+06
3.49962e+06
3.49963e+06
3.49963e+06
3.49963e+06
3.49963e+06
3.49963e+06
3.49963e+06
3.49964e+06
3.49964e+06
3.49964e+06
3.49964e+06
3.49964e+06
3.49965e+06
3.49965e+06
3.49965e+06
3.49965e+06
3.49966e+06
3.49966e+06
3.49966e+06
3.49967e+06
3.49967e+06
3.50058e+06
3.50068e+06
3.4998e+06
3.49925e+06
3.49949e+06
3.49939e+06
3.49952e+06
3.49953e+06
3.49967e+06
3.4996e+06
3.4996e+06
3.49959e+06
3.4996e+06
3.4996e+06
3.49961e+06
3.49961e+06
3.49961e+06
3.49962e+06
3.49962e+06
3.49962e+06
3.49962e+06
3.49962e+06
3.49962e+06
3.49962e+06
3.49962e+06
3.49962e+06
3.49963e+06
3.49963e+06
3.49963e+06
3.49963e+06
3.49963e+06
3.49964e+06
3.49964e+06
3.49964e+06
3.49964e+06
3.49965e+06
3.49965e+06
3.49965e+06
3.49966e+06
3.49966e+06
3.49966e+06
3.50068e+06
3.50105e+06
3.50022e+06
3.49961e+06
3.49969e+06
3.49954e+06
3.49952e+06
3.49944e+06
3.49966e+06
3.49962e+06
3.49964e+06
3.49961e+06
3.49961e+06
3.49961e+06
3.49961e+06
3.49961e+06
3.49961e+06
3.49961e+06
3.49961e+06
3.49961e+06
3.49961e+06
3.49961e+06
3.49961e+06
3.49961e+06
3.49962e+06
3.49962e+06
3.49962e+06
3.49962e+06
3.49962e+06
3.49962e+06
3.49963e+06
3.49963e+06
3.49963e+06
3.49963e+06
3.49964e+06
3.49964e+06
3.49964e+06
3.49965e+06
3.49965e+06
3.49965e+06
3.49966e+06
3.50121e+06
3.50134e+06
3.50039e+06
3.4998e+06
3.4996e+06
3.49928e+06
3.49971e+06
3.49973e+06
3.49937e+06
3.49947e+06
3.49965e+06
3.49962e+06
3.49962e+06
3.49961e+06
3.4996e+06
3.4996e+06
3.4996e+06
3.4996e+06
3.4996e+06
3.4996e+06
3.4996e+06
3.4996e+06
3.4996e+06
3.4996e+06
3.49961e+06
3.49961e+06
3.49961e+06
3.49961e+06
3.49961e+06
3.49962e+06
3.49962e+06
3.49962e+06
3.49962e+06
3.49963e+06
3.49963e+06
3.49963e+06
3.49964e+06
3.49964e+06
3.49964e+06
3.49965e+06
3.49965e+06
3.50125e+06
3.50148e+06
3.50059e+06
3.50004e+06
3.49981e+06
3.49946e+06
3.4997e+06
3.49964e+06
3.49935e+06
3.49948e+06
3.49967e+06
3.49962e+06
3.49964e+06
3.49962e+06
3.49961e+06
3.4996e+06
3.4996e+06
3.4996e+06
3.49959e+06
3.49959e+06
3.49959e+06
3.49959e+06
3.49959e+06
3.4996e+06
3.4996e+06
3.4996e+06
3.4996e+06
3.4996e+06
3.4996e+06
3.49961e+06
3.49961e+06
3.49961e+06
3.49961e+06
3.49962e+06
3.49962e+06
3.49962e+06
3.49963e+06
3.49963e+06
3.49964e+06
3.49964e+06
3.49965e+06
3.50152e+06
3.50167e+06
3.5007e+06
3.5001e+06
3.49976e+06
3.49945e+06
3.49964e+06
3.49959e+06
3.49932e+06
3.49946e+06
3.49967e+06
3.49963e+06
3.49965e+06
3.49963e+06
3.49961e+06
3.4996e+06
3.49959e+06
3.49959e+06
3.49959e+06
3.49958e+06
3.49958e+06
3.49958e+06
3.49958e+06
3.49959e+06
3.49959e+06
3.49959e+06
3.49959e+06
3.49959e+06
3.49959e+06
3.4996e+06
3.4996e+06
3.4996e+06
3.49961e+06
3.49961e+06
3.49961e+06
3.49962e+06
3.49962e+06
3.49962e+06
3.49963e+06
3.49963e+06
3.49964e+06
3.5015e+06
3.50166e+06
3.50074e+06
3.50015e+06
3.4998e+06
3.49949e+06
3.4997e+06
3.49965e+06
3.49936e+06
3.49948e+06
3.49969e+06
3.49964e+06
3.49965e+06
3.49963e+06
3.4996e+06
3.49959e+06
3.49959e+06
3.49958e+06
3.49958e+06
3.49957e+06
3.49957e+06
3.49957e+06
3.49957e+06
3.49957e+06
3.49958e+06
3.49958e+06
3.49958e+06
3.49958e+06
3.49958e+06
3.49959e+06
3.49959e+06
3.49959e+06
3.4996e+06
3.4996e+06
3.4996e+06
3.49961e+06
3.49961e+06
3.49962e+06
3.49962e+06
3.49963e+06
3.49963e+06
3.50152e+06
3.50169e+06
3.5008e+06
3.50021e+06
3.49983e+06
3.49952e+06
3.49968e+06
3.49964e+06
3.49937e+06
3.49949e+06
3.4997e+06
3.49965e+06
3.49965e+06
3.49963e+06
3.4996e+06
3.49959e+06
3.49958e+06
3.49957e+06
3.49957e+06
3.49956e+06
3.49956e+06
3.49956e+06
3.49956e+06
3.49956e+06
3.49956e+06
3.49956e+06
3.49957e+06
3.49957e+06
3.49957e+06
3.49958e+06
3.49958e+06
3.49958e+06
3.49959e+06
3.49959e+06
3.49959e+06
3.4996e+06
3.4996e+06
3.49961e+06
3.49961e+06
3.49962e+06
3.49962e+06
3.50148e+06
3.50165e+06
3.50081e+06
3.50024e+06
3.49986e+06
3.49954e+06
3.49969e+06
3.49964e+06
3.49938e+06
3.49949e+06
3.4997e+06
3.49964e+06
3.49965e+06
3.49962e+06
3.49959e+06
3.49958e+06
3.49957e+06
3.49956e+06
3.49955e+06
3.49955e+06
3.49955e+06
3.49955e+06
3.49955e+06
3.49955e+06
3.49955e+06
3.49955e+06
3.49955e+06
3.49956e+06
3.49956e+06
3.49956e+06
3.49957e+06
3.49957e+06
3.49958e+06
3.49958e+06
3.49959e+06
3.49959e+06
3.4996e+06
3.4996e+06
3.49961e+06
3.49961e+06
3.49962e+06
3.50177e+06
3.502e+06
3.50093e+06
3.50029e+06
3.49986e+06
3.49954e+06
3.4997e+06
3.49965e+06
3.49937e+06
3.49948e+06
3.4997e+06
3.49965e+06
3.49965e+06
3.49962e+06
3.49959e+06
3.49957e+06
3.49955e+06
3.49955e+06
3.49954e+06
3.49953e+06
3.49953e+06
3.49953e+06
3.49953e+06
3.49953e+06
3.49954e+06
3.49954e+06
3.49954e+06
3.49954e+06
3.49955e+06
3.49955e+06
3.49956e+06
3.49956e+06
3.49957e+06
3.49957e+06
3.49958e+06
3.49958e+06
3.49959e+06
3.49959e+06
3.4996e+06
3.4996e+06
3.49961e+06
3.50171e+06
3.50195e+06
3.50094e+06
3.50033e+06
3.49989e+06
3.49956e+06
3.49971e+06
3.49966e+06
3.49938e+06
3.49949e+06
3.4997e+06
3.49964e+06
3.49965e+06
3.49961e+06
3.49958e+06
3.49956e+06
3.49954e+06
3.49953e+06
3.49952e+06
3.49952e+06
3.49952e+06
3.49952e+06
3.49952e+06
3.49952e+06
3.49952e+06
3.49952e+06
3.49953e+06
3.49953e+06
3.49954e+06
3.49954e+06
3.49954e+06
3.49955e+06
3.49955e+06
3.49956e+06
3.49957e+06
3.49957e+06
3.49958e+06
3.49958e+06
3.49959e+06
3.4996e+06
3.4996e+06
3.50175e+06
3.50202e+06
3.50102e+06
3.50036e+06
3.49992e+06
3.49957e+06
3.4997e+06
3.49966e+06
3.49938e+06
3.49949e+06
3.4997e+06
3.49964e+06
3.49964e+06
3.49959e+06
3.49956e+06
3.49953e+06
3.49952e+06
3.49951e+06
3.4995e+06
3.4995e+06
3.4995e+06
3.4995e+06
3.4995e+06
3.4995e+06
3.4995e+06
3.49951e+06
3.49951e+06
3.49952e+06
3.49952e+06
3.49953e+06
3.49953e+06
3.49954e+06
3.49954e+06
3.49955e+06
3.49955e+06
3.49956e+06
3.49957e+06
3.49957e+06
3.49958e+06
3.49959e+06
3.49959e+06
3.50167e+06
3.5019e+06
3.50096e+06
3.50033e+06
3.4999e+06
3.49957e+06
3.4997e+06
3.49966e+06
3.49939e+06
3.4995e+06
3.4997e+06
3.49963e+06
3.49962e+06
3.49958e+06
3.49954e+06
3.49951e+06
3.49949e+06
3.49948e+06
3.49948e+06
3.49948e+06
3.49948e+06
3.49948e+06
3.49948e+06
3.49948e+06
3.49949e+06
3.49949e+06
3.4995e+06
3.4995e+06
3.49951e+06
3.49951e+06
3.49952e+06
3.49953e+06
3.49953e+06
3.49954e+06
3.49954e+06
3.49955e+06
3.49956e+06
3.49956e+06
3.49957e+06
3.49958e+06
3.49959e+06
3.50141e+06
3.50171e+06
3.50086e+06
3.50025e+06
3.49982e+06
3.49952e+06
3.49969e+06
3.49966e+06
3.49939e+06
3.49949e+06
3.49969e+06
3.49962e+06
3.4996e+06
3.49955e+06
3.49951e+06
3.49948e+06
3.49947e+06
3.49946e+06
3.49945e+06
3.49945e+06
3.49945e+06
3.49946e+06
3.49946e+06
3.49947e+06
3.49947e+06
3.49947e+06
3.49948e+06
3.49949e+06
3.49949e+06
3.4995e+06
3.49951e+06
3.49951e+06
3.49952e+06
3.49953e+06
3.49953e+06
3.49954e+06
3.49955e+06
3.49955e+06
3.49956e+06
3.49957e+06
3.49958e+06
3.50134e+06
3.50156e+06
3.50071e+06
3.50014e+06
3.49977e+06
3.49953e+06
3.4997e+06
3.49966e+06
3.49938e+06
3.49948e+06
3.49967e+06
3.4996e+06
3.49958e+06
3.49952e+06
3.49948e+06
3.49945e+06
3.49944e+06
3.49943e+06
3.49943e+06
3.49943e+06
3.49943e+06
3.49944e+06
3.49944e+06
3.49945e+06
3.49945e+06
3.49946e+06
3.49946e+06
3.49947e+06
3.49948e+06
3.49948e+06
3.49949e+06
3.4995e+06
3.49951e+06
3.49951e+06
3.49952e+06
3.49953e+06
3.49954e+06
3.49954e+06
3.49955e+06
3.49956e+06
3.49957e+06
3.50095e+06
3.50114e+06
3.50044e+06
3.49992e+06
3.49959e+06
3.49938e+06
3.49956e+06
3.49954e+06
3.4993e+06
3.49943e+06
3.49962e+06
3.49955e+06
3.49953e+06
3.49948e+06
3.49944e+06
3.49941e+06
3.4994e+06
3.4994e+06
3.4994e+06
3.4994e+06
3.49941e+06
3.49941e+06
3.49942e+06
3.49942e+06
3.49943e+06
3.49944e+06
3.49945e+06
3.49945e+06
3.49946e+06
3.49947e+06
3.49948e+06
3.49948e+06
3.49949e+06
3.4995e+06
3.49951e+06
3.49952e+06
3.49953e+06
3.49953e+06
3.49954e+06
3.49955e+06
3.49956e+06
3.50088e+06
3.50078e+06
3.50025e+06
3.49995e+06
3.49958e+06
3.49929e+06
3.49945e+06
3.49946e+06
3.49921e+06
3.49936e+06
3.49956e+06
3.49949e+06
3.49947e+06
3.49942e+06
3.49939e+06
3.49937e+06
3.49937e+06
3.49937e+06
3.49937e+06
3.49938e+06
3.49938e+06
3.49939e+06
3.4994e+06
3.4994e+06
3.49941e+06
3.49942e+06
3.49943e+06
3.49944e+06
3.49944e+06
3.49945e+06
3.49946e+06
3.49947e+06
3.49948e+06
3.49949e+06
3.4995e+06
3.49951e+06
3.49951e+06
3.49952e+06
3.49953e+06
3.49954e+06
3.49955e+06
3.49993e+06
3.49977e+06
3.49948e+06
3.49931e+06
3.49951e+06
3.4993e+06
3.49943e+06
3.49951e+06
3.49921e+06
3.49932e+06
3.49946e+06
3.49941e+06
3.49939e+06
3.49936e+06
3.49934e+06
3.49933e+06
3.49933e+06
3.49934e+06
3.49934e+06
3.49935e+06
3.49936e+06
3.49936e+06
3.49937e+06
3.49938e+06
3.49939e+06
3.4994e+06
3.49941e+06
3.49942e+06
3.49943e+06
3.49943e+06
3.49944e+06
3.49945e+06
3.49946e+06
3.49947e+06
3.49948e+06
3.49949e+06
3.4995e+06
3.49951e+06
3.49952e+06
3.49953e+06
3.49954e+06
3.49933e+06
3.49934e+06
3.49936e+06
3.49932e+06
3.49932e+06
3.4993e+06
3.49929e+06
3.49929e+06
3.4993e+06
3.4993e+06
3.49931e+06
3.49932e+06
3.49933e+06
3.49934e+06
3.49935e+06
3.49936e+06
3.49937e+06
3.49938e+06
3.49939e+06
3.4994e+06
3.49941e+06
3.49942e+06
3.49943e+06
3.49944e+06
3.49945e+06
3.49946e+06
3.49947e+06
3.49948e+06
3.49949e+06
3.4995e+06
3.49951e+06
3.49952e+06
3.49953e+06
3.49974e+06
3.49974e+06
3.49975e+06
3.49975e+06
3.49975e+06
3.49976e+06
3.49976e+06
3.49976e+06
3.49976e+06
3.49977e+06
3.49977e+06
3.49977e+06
3.49977e+06
3.49978e+06
3.49978e+06
3.49978e+06
3.49978e+06
3.49979e+06
3.49979e+06
3.49979e+06
3.49973e+06
3.49973e+06
3.49973e+06
3.49974e+06
3.49974e+06
3.49974e+06
3.49975e+06
3.49975e+06
3.49975e+06
3.49976e+06
3.49976e+06
3.49976e+06
3.49976e+06
3.49977e+06
3.49977e+06
3.49977e+06
3.49977e+06
3.49978e+06
3.49978e+06
3.49978e+06
3.49978e+06
3.49979e+06
3.50046e+06
3.50073e+06
3.50054e+06
3.50031e+06
3.5001e+06
3.50008e+06
3.49996e+06
3.49991e+06
3.4999e+06
3.49982e+06
3.49974e+06
3.49973e+06
3.49972e+06
3.49972e+06
3.49972e+06
3.49972e+06
3.49972e+06
3.49973e+06
3.49973e+06
3.49973e+06
3.49974e+06
3.49974e+06
3.49974e+06
3.49975e+06
3.49975e+06
3.49975e+06
3.49976e+06
3.49976e+06
3.49976e+06
3.49976e+06
3.49977e+06
3.49977e+06
3.49977e+06
3.49977e+06
3.49978e+06
3.49978e+06
3.49978e+06
3.50014e+06
3.50022e+06
3.50018e+06
3.5001e+06
3.49994e+06
3.49994e+06
3.4999e+06
3.49987e+06
3.49982e+06
3.49977e+06
3.49975e+06
3.49973e+06
3.49973e+06
3.49972e+06
3.49971e+06
3.49971e+06
3.49971e+06
3.49971e+06
3.49972e+06
3.49972e+06
3.49973e+06
3.49973e+06
3.49973e+06
3.49974e+06
3.49974e+06
3.49974e+06
3.49974e+06
3.49975e+06
3.49975e+06
3.49975e+06
3.49976e+06
3.49976e+06
3.49976e+06
3.49976e+06
3.49977e+06
3.49977e+06
3.49977e+06
3.49977e+06
3.49978e+06
3.49997e+06
3.50005e+06
3.50003e+06
3.50001e+06
3.49991e+06
3.49987e+06
3.49982e+06
3.49979e+06
3.49976e+06
3.49974e+06
3.49972e+06
3.49972e+06
3.49972e+06
3.49971e+06
3.49971e+06
3.4997e+06
3.49971e+06
3.49971e+06
3.49971e+06
3.49972e+06
3.49972e+06
3.49972e+06
3.49973e+06
3.49973e+06
3.49973e+06
3.49974e+06
3.49974e+06
3.49974e+06
3.49975e+06
3.49975e+06
3.49975e+06
3.49975e+06
3.49976e+06
3.49976e+06
3.49976e+06
3.49976e+06
3.49977e+06
3.49977e+06
3.49977e+06
3.49977e+06
3.49993e+06
3.49993e+06
3.49991e+06
3.49991e+06
3.49983e+06
3.4998e+06
3.49976e+06
3.49973e+06
3.49972e+06
3.49971e+06
3.4997e+06
3.4997e+06
3.4997e+06
3.4997e+06
3.4997e+06
3.4997e+06
3.4997e+06
3.4997e+06
3.49971e+06
3.49971e+06
3.49971e+06
3.49972e+06
3.49972e+06
3.49972e+06
3.49973e+06
3.49973e+06
3.49973e+06
3.49974e+06
3.49974e+06
3.49974e+06
3.49975e+06
3.49975e+06
3.49975e+06
3.49975e+06
3.49976e+06
3.49976e+06
3.49976e+06
3.49976e+06
3.49977e+06
3.49977e+06
3.4998e+06
3.49983e+06
3.4998e+06
3.4998e+06
3.49977e+06
3.49976e+06
3.49974e+06
3.49972e+06
3.4997e+06
3.49969e+06
3.49969e+06
3.49969e+06
3.49969e+06
3.49969e+06
3.49969e+06
3.49969e+06
3.4997e+06
3.4997e+06
3.4997e+06
3.49971e+06
3.49971e+06
3.49971e+06
3.49972e+06
3.49972e+06
3.49972e+06
3.49973e+06
3.49973e+06
3.49973e+06
3.49973e+06
3.49974e+06
3.49974e+06
3.49974e+06
3.49975e+06
3.49975e+06
3.49975e+06
3.49975e+06
3.49976e+06
3.49976e+06
3.49976e+06
3.49976e+06
3.49976e+06
3.49978e+06
3.49977e+06
3.49974e+06
3.49976e+06
3.49974e+06
3.49974e+06
3.49973e+06
3.49971e+06
3.49969e+06
3.49968e+06
3.49968e+06
3.49968e+06
3.49969e+06
3.49968e+06
3.49968e+06
3.49969e+06
3.49969e+06
3.49969e+06
3.4997e+06
3.4997e+06
3.4997e+06
3.49971e+06
3.49971e+06
3.49971e+06
3.49972e+06
3.49972e+06
3.49972e+06
3.49973e+06
3.49973e+06
3.49973e+06
3.49974e+06
3.49974e+06
3.49974e+06
3.49974e+06
3.49975e+06
3.49975e+06
3.49975e+06
3.49975e+06
3.49975e+06
3.49976e+06
3.49976e+06
3.49965e+06
3.49968e+06
3.4997e+06
3.49972e+06
3.49972e+06
3.49972e+06
3.49971e+06
3.49969e+06
3.49969e+06
3.49968e+06
3.49967e+06
3.49967e+06
3.49968e+06
3.49968e+06
3.49968e+06
3.49968e+06
3.49968e+06
3.49969e+06
3.49969e+06
3.49969e+06
3.4997e+06
3.4997e+06
3.4997e+06
3.49971e+06
3.49971e+06
3.49971e+06
3.49972e+06
3.49972e+06
3.49972e+06
3.49973e+06
3.49973e+06
3.49973e+06
3.49974e+06
3.49974e+06
3.49974e+06
3.49974e+06
3.49975e+06
3.49975e+06
3.49975e+06
3.49975e+06
3.49975e+06
3.49963e+06
3.49965e+06
3.49966e+06
3.49969e+06
3.49969e+06
3.4997e+06
3.4997e+06
3.49968e+06
3.49968e+06
3.49967e+06
3.49966e+06
3.49967e+06
3.49967e+06
3.49967e+06
3.49967e+06
3.49968e+06
3.49968e+06
3.49968e+06
3.49969e+06
3.49969e+06
3.49969e+06
3.4997e+06
3.4997e+06
3.4997e+06
3.49971e+06
3.49971e+06
3.49971e+06
3.49972e+06
3.49972e+06
3.49972e+06
3.49973e+06
3.49973e+06
3.49973e+06
3.49973e+06
3.49974e+06
3.49974e+06
3.49974e+06
3.49974e+06
3.49974e+06
3.49975e+06
3.49975e+06
3.49959e+06
3.4996e+06
3.49963e+06
3.49966e+06
3.49968e+06
3.49969e+06
3.49969e+06
3.49967e+06
3.49967e+06
3.49966e+06
3.49966e+06
3.49966e+06
3.49967e+06
3.49967e+06
3.49967e+06
3.49967e+06
3.49968e+06
3.49968e+06
3.49968e+06
3.49969e+06
3.49969e+06
3.49969e+06
3.49969e+06
3.4997e+06
3.4997e+06
3.4997e+06
3.49971e+06
3.49971e+06
3.49971e+06
3.49972e+06
3.49972e+06
3.49972e+06
3.49973e+06
3.49973e+06
3.49973e+06
3.49973e+06
3.49973e+06
3.49974e+06
3.49974e+06
3.49974e+06
3.49974e+06
3.49958e+06
3.49958e+06
3.49961e+06
3.49964e+06
3.49966e+06
3.49967e+06
3.49968e+06
3.49966e+06
3.49967e+06
3.49966e+06
3.49965e+06
3.49966e+06
3.49966e+06
3.49966e+06
3.49966e+06
3.49967e+06
3.49967e+06
3.49967e+06
3.49968e+06
3.49968e+06
3.49968e+06
3.49969e+06
3.49969e+06
3.49969e+06
3.4997e+06
3.4997e+06
3.4997e+06
3.49971e+06
3.49971e+06
3.49971e+06
3.49971e+06
3.49972e+06
3.49972e+06
3.49972e+06
3.49972e+06
3.49973e+06
3.49973e+06
3.49973e+06
3.49973e+06
3.49974e+06
3.49974e+06
3.49952e+06
3.49955e+06
3.49959e+06
3.49963e+06
3.49965e+06
3.49966e+06
3.49967e+06
3.49966e+06
3.49966e+06
3.49965e+06
3.49965e+06
3.49965e+06
3.49966e+06
3.49966e+06
3.49966e+06
3.49966e+06
3.49967e+06
3.49967e+06
3.49967e+06
3.49968e+06
3.49968e+06
3.49968e+06
3.49969e+06
3.49969e+06
3.49969e+06
3.49969e+06
3.4997e+06
3.4997e+06
3.4997e+06
3.49971e+06
3.49971e+06
3.49971e+06
3.49971e+06
3.49972e+06
3.49972e+06
3.49972e+06
3.49972e+06
3.49973e+06
3.49973e+06
3.49973e+06
3.49973e+06
3.49951e+06
3.49954e+06
3.49957e+06
3.49962e+06
3.49964e+06
3.49964e+06
3.49966e+06
3.49965e+06
3.49965e+06
3.49965e+06
3.49965e+06
3.49965e+06
3.49965e+06
3.49965e+06
3.49966e+06
3.49966e+06
3.49966e+06
3.49967e+06
3.49967e+06
3.49967e+06
3.49968e+06
3.49968e+06
3.49968e+06
3.49968e+06
3.49969e+06
3.49969e+06
3.49969e+06
3.4997e+06
3.4997e+06
3.4997e+06
3.4997e+06
3.49971e+06
3.49971e+06
3.49971e+06
3.49971e+06
3.49972e+06
3.49972e+06
3.49972e+06
3.49972e+06
3.49973e+06
3.49973e+06
3.49958e+06
3.49956e+06
3.49954e+06
3.49959e+06
3.49964e+06
3.49964e+06
3.49965e+06
3.49963e+06
3.49964e+06
3.49964e+06
3.49964e+06
3.49964e+06
3.49965e+06
3.49965e+06
3.49965e+06
3.49965e+06
3.49966e+06
3.49966e+06
3.49967e+06
3.49967e+06
3.49967e+06
3.49967e+06
3.49968e+06
3.49968e+06
3.49968e+06
3.49969e+06
3.49969e+06
3.49969e+06
3.49969e+06
3.4997e+06
3.4997e+06
3.4997e+06
3.4997e+06
3.49971e+06
3.49971e+06
3.49971e+06
3.49971e+06
3.49972e+06
3.49972e+06
3.49972e+06
3.49972e+06
3.49965e+06
3.49973e+06
3.49965e+06
3.49962e+06
3.49962e+06
3.49962e+06
3.49963e+06
3.49962e+06
3.49963e+06
3.49963e+06
3.49964e+06
3.49963e+06
3.49964e+06
3.49964e+06
3.49965e+06
3.49965e+06
3.49966e+06
3.49966e+06
3.49966e+06
3.49966e+06
3.49967e+06
3.49967e+06
3.49967e+06
3.49967e+06
3.49968e+06
3.49968e+06
3.49968e+06
3.49969e+06
3.49969e+06
3.49969e+06
3.49969e+06
3.4997e+06
3.4997e+06
3.4997e+06
3.4997e+06
3.49971e+06
3.49971e+06
3.49971e+06
3.49971e+06
3.49971e+06
3.49972e+06
3.49956e+06
3.4993e+06
3.49977e+06
3.49962e+06
3.49961e+06
3.4996e+06
3.49962e+06
3.49961e+06
3.49962e+06
3.49962e+06
3.49963e+06
3.49963e+06
3.49964e+06
3.49964e+06
3.49964e+06
3.49965e+06
3.49965e+06
3.49966e+06
3.49966e+06
3.49966e+06
3.49966e+06
3.49966e+06
3.49967e+06
3.49967e+06
3.49967e+06
3.49967e+06
3.49968e+06
3.49968e+06
3.49968e+06
3.49969e+06
3.49969e+06
3.49969e+06
3.49969e+06
3.49969e+06
3.4997e+06
3.4997e+06
3.4997e+06
3.4997e+06
3.49971e+06
3.49971e+06
3.49971e+06
3.49977e+06
3.49951e+06
3.4998e+06
3.49956e+06
3.49962e+06
3.49962e+06
3.49964e+06
3.49962e+06
3.49963e+06
3.49962e+06
3.49963e+06
3.49963e+06
3.49963e+06
3.49964e+06
3.49964e+06
3.49964e+06
3.49965e+06
3.49965e+06
3.49965e+06
3.49966e+06
3.49966e+06
3.49966e+06
3.49966e+06
3.49966e+06
3.49967e+06
3.49967e+06
3.49967e+06
3.49967e+06
3.49968e+06
3.49968e+06
3.49968e+06
3.49968e+06
3.49969e+06
3.49969e+06
3.49969e+06
3.49969e+06
3.4997e+06
3.4997e+06
3.4997e+06
3.4997e+06
3.49971e+06
3.49952e+06
3.49943e+06
3.49901e+06
3.49871e+06
3.4995e+06
3.49947e+06
3.49966e+06
3.4996e+06
3.49963e+06
3.49962e+06
3.49962e+06
3.49962e+06
3.49963e+06
3.49963e+06
3.49964e+06
3.49964e+06
3.49964e+06
3.49965e+06
3.49965e+06
3.49965e+06
3.49965e+06
3.49965e+06
3.49966e+06
3.49966e+06
3.49966e+06
3.49966e+06
3.49967e+06
3.49967e+06
3.49967e+06
3.49967e+06
3.49968e+06
3.49968e+06
3.49968e+06
3.49968e+06
3.49969e+06
3.49969e+06
3.49969e+06
3.49969e+06
3.4997e+06
3.4997e+06
3.4997e+06
3.49967e+06
3.49951e+06
3.49899e+06
3.49866e+06
3.49952e+06
3.4995e+06
3.4997e+06
3.49962e+06
3.49964e+06
3.49962e+06
3.49962e+06
3.49962e+06
3.49962e+06
3.49963e+06
3.49963e+06
3.49964e+06
3.49964e+06
3.49964e+06
3.49965e+06
3.49965e+06
3.49965e+06
3.49965e+06
3.49965e+06
3.49965e+06
3.49966e+06
3.49966e+06
3.49966e+06
3.49966e+06
3.49967e+06
3.49967e+06
3.49967e+06
3.49967e+06
3.49967e+06
3.49968e+06
3.49968e+06
3.49968e+06
3.49968e+06
3.49969e+06
3.49969e+06
3.49969e+06
3.4997e+06
3.49964e+06
3.49955e+06
3.49905e+06
3.49866e+06
3.49949e+06
3.49946e+06
3.49968e+06
3.49961e+06
3.49963e+06
3.49961e+06
3.49962e+06
3.49961e+06
3.49962e+06
3.49962e+06
3.49963e+06
3.49963e+06
3.49963e+06
3.49964e+06
3.49964e+06
3.49964e+06
3.49964e+06
3.49964e+06
3.49965e+06
3.49965e+06
3.49965e+06
3.49965e+06
3.49965e+06
3.49966e+06
3.49966e+06
3.49966e+06
3.49966e+06
3.49967e+06
3.49967e+06
3.49967e+06
3.49967e+06
3.49967e+06
3.49968e+06
3.49968e+06
3.49968e+06
3.49969e+06
3.49969e+06
3.49965e+06
3.49964e+06
3.49917e+06
3.49877e+06
3.49956e+06
3.4995e+06
3.4997e+06
3.49962e+06
3.49964e+06
3.49962e+06
3.49961e+06
3.49961e+06
3.49961e+06
3.49962e+06
3.49962e+06
3.49962e+06
3.49963e+06
3.49963e+06
3.49963e+06
3.49964e+06
3.49964e+06
3.49964e+06
3.49964e+06
3.49964e+06
3.49964e+06
3.49965e+06
3.49965e+06
3.49965e+06
3.49965e+06
3.49965e+06
3.49966e+06
3.49966e+06
3.49966e+06
3.49966e+06
3.49967e+06
3.49967e+06
3.49967e+06
3.49967e+06
3.49968e+06
3.49968e+06
3.49968e+06
3.49993e+06
3.49975e+06
3.49917e+06
3.49878e+06
3.49961e+06
3.49952e+06
3.49971e+06
3.4996e+06
3.49964e+06
3.49962e+06
3.49961e+06
3.4996e+06
3.49961e+06
3.49961e+06
3.49962e+06
3.49962e+06
3.49962e+06
3.49963e+06
3.49963e+06
3.49963e+06
3.49963e+06
3.49963e+06
3.49963e+06
3.49964e+06
3.49964e+06
3.49964e+06
3.49964e+06
3.49964e+06
3.49965e+06
3.49965e+06
3.49965e+06
3.49965e+06
3.49965e+06
3.49966e+06
3.49966e+06
3.49966e+06
3.49966e+06
3.49967e+06
3.49967e+06
3.49967e+06
3.49968e+06
3.49998e+06
3.50002e+06
3.49947e+06
3.49899e+06
3.49969e+06
3.49956e+06
3.4998e+06
3.49966e+06
3.49969e+06
3.49962e+06
3.4996e+06
3.49959e+06
3.4996e+06
3.49961e+06
3.49961e+06
3.49961e+06
3.49962e+06
3.49962e+06
3.49962e+06
3.49962e+06
3.49962e+06
3.49963e+06
3.49963e+06
3.49963e+06
3.49963e+06
3.49963e+06
3.49963e+06
3.49964e+06
3.49964e+06
3.49964e+06
3.49964e+06
3.49964e+06
3.49965e+06
3.49965e+06
3.49965e+06
3.49965e+06
3.49966e+06
3.49966e+06
3.49966e+06
3.49967e+06
3.49967e+06
3.50058e+06
3.50068e+06
3.4998e+06
3.49925e+06
3.49949e+06
3.4994e+06
3.49952e+06
3.49953e+06
3.49967e+06
3.4996e+06
3.4996e+06
3.49959e+06
3.4996e+06
3.4996e+06
3.49961e+06
3.49961e+06
3.49961e+06
3.49962e+06
3.49962e+06
3.49962e+06
3.49962e+06
3.49962e+06
3.49962e+06
3.49962e+06
3.49962e+06
3.49962e+06
3.49963e+06
3.49963e+06
3.49963e+06
3.49963e+06
3.49963e+06
3.49964e+06
3.49964e+06
3.49964e+06
3.49964e+06
3.49965e+06
3.49965e+06
3.49965e+06
3.49966e+06
3.49966e+06
3.49966e+06
3.50069e+06
3.50105e+06
3.50022e+06
3.49961e+06
3.49969e+06
3.49954e+06
3.49952e+06
3.49944e+06
3.49966e+06
3.49962e+06
3.49964e+06
3.49961e+06
3.49961e+06
3.49961e+06
3.49961e+06
3.49961e+06
3.49961e+06
3.49961e+06
3.49961e+06
3.49961e+06
3.49961e+06
3.49961e+06
3.49961e+06
3.49961e+06
3.49962e+06
3.49962e+06
3.49962e+06
3.49962e+06
3.49962e+06
3.49962e+06
3.49963e+06
3.49963e+06
3.49963e+06
3.49963e+06
3.49964e+06
3.49964e+06
3.49964e+06
3.49965e+06
3.49965e+06
3.49965e+06
3.49966e+06
3.50121e+06
3.50134e+06
3.50039e+06
3.4998e+06
3.4996e+06
3.49928e+06
3.49971e+06
3.49973e+06
3.49937e+06
3.49947e+06
3.49965e+06
3.49962e+06
3.49962e+06
3.49961e+06
3.4996e+06
3.4996e+06
3.4996e+06
3.4996e+06
3.4996e+06
3.4996e+06
3.4996e+06
3.4996e+06
3.4996e+06
3.4996e+06
3.49961e+06
3.49961e+06
3.49961e+06
3.49961e+06
3.49961e+06
3.49962e+06
3.49962e+06
3.49962e+06
3.49962e+06
3.49963e+06
3.49963e+06
3.49963e+06
3.49964e+06
3.49964e+06
3.49964e+06
3.49965e+06
3.49965e+06
3.50125e+06
3.50148e+06
3.50059e+06
3.50004e+06
3.49981e+06
3.49946e+06
3.4997e+06
3.49964e+06
3.49935e+06
3.49948e+06
3.49967e+06
3.49962e+06
3.49964e+06
3.49962e+06
3.49961e+06
3.4996e+06
3.4996e+06
3.4996e+06
3.49959e+06
3.49959e+06
3.49959e+06
3.49959e+06
3.49959e+06
3.4996e+06
3.4996e+06
3.4996e+06
3.4996e+06
3.4996e+06
3.4996e+06
3.49961e+06
3.49961e+06
3.49961e+06
3.49961e+06
3.49962e+06
3.49962e+06
3.49962e+06
3.49963e+06
3.49963e+06
3.49964e+06
3.49964e+06
3.49965e+06
3.50152e+06
3.50167e+06
3.5007e+06
3.5001e+06
3.49976e+06
3.49945e+06
3.49964e+06
3.49959e+06
3.49932e+06
3.49946e+06
3.49967e+06
3.49963e+06
3.49965e+06
3.49963e+06
3.49961e+06
3.4996e+06
3.49959e+06
3.49959e+06
3.49959e+06
3.49958e+06
3.49958e+06
3.49958e+06
3.49958e+06
3.49959e+06
3.49959e+06
3.49959e+06
3.49959e+06
3.49959e+06
3.49959e+06
3.4996e+06
3.4996e+06
3.4996e+06
3.49961e+06
3.49961e+06
3.49961e+06
3.49962e+06
3.49962e+06
3.49962e+06
3.49963e+06
3.49963e+06
3.49964e+06
3.5015e+06
3.50166e+06
3.50074e+06
3.50015e+06
3.4998e+06
3.4995e+06
3.4997e+06
3.49965e+06
3.49936e+06
3.49948e+06
3.49969e+06
3.49964e+06
3.49965e+06
3.49963e+06
3.4996e+06
3.49959e+06
3.49959e+06
3.49958e+06
3.49958e+06
3.49957e+06
3.49957e+06
3.49957e+06
3.49957e+06
3.49957e+06
3.49958e+06
3.49958e+06
3.49958e+06
3.49958e+06
3.49958e+06
3.49959e+06
3.49959e+06
3.49959e+06
3.4996e+06
3.4996e+06
3.4996e+06
3.49961e+06
3.49961e+06
3.49962e+06
3.49962e+06
3.49963e+06
3.49963e+06
3.50152e+06
3.50169e+06
3.5008e+06
3.50021e+06
3.49983e+06
3.49952e+06
3.49968e+06
3.49964e+06
3.49937e+06
3.49949e+06
3.4997e+06
3.49965e+06
3.49965e+06
3.49963e+06
3.4996e+06
3.49959e+06
3.49958e+06
3.49957e+06
3.49957e+06
3.49956e+06
3.49956e+06
3.49956e+06
3.49956e+06
3.49956e+06
3.49956e+06
3.49956e+06
3.49957e+06
3.49957e+06
3.49957e+06
3.49958e+06
3.49958e+06
3.49958e+06
3.49959e+06
3.49959e+06
3.49959e+06
3.4996e+06
3.4996e+06
3.49961e+06
3.49961e+06
3.49962e+06
3.49962e+06
3.50148e+06
3.50165e+06
3.50081e+06
3.50024e+06
3.49986e+06
3.49954e+06
3.49969e+06
3.49964e+06
3.49938e+06
3.49949e+06
3.4997e+06
3.49965e+06
3.49965e+06
3.49962e+06
3.49959e+06
3.49958e+06
3.49957e+06
3.49956e+06
3.49955e+06
3.49955e+06
3.49955e+06
3.49955e+06
3.49955e+06
3.49955e+06
3.49955e+06
3.49955e+06
3.49955e+06
3.49956e+06
3.49956e+06
3.49956e+06
3.49957e+06
3.49957e+06
3.49958e+06
3.49958e+06
3.49959e+06
3.49959e+06
3.4996e+06
3.4996e+06
3.49961e+06
3.49961e+06
3.49962e+06
3.50177e+06
3.502e+06
3.50093e+06
3.50029e+06
3.49986e+06
3.49954e+06
3.4997e+06
3.49965e+06
3.49937e+06
3.49948e+06
3.4997e+06
3.49965e+06
3.49965e+06
3.49962e+06
3.49959e+06
3.49957e+06
3.49955e+06
3.49955e+06
3.49954e+06
3.49953e+06
3.49953e+06
3.49953e+06
3.49953e+06
3.49953e+06
3.49954e+06
3.49954e+06
3.49954e+06
3.49954e+06
3.49955e+06
3.49955e+06
3.49956e+06
3.49956e+06
3.49957e+06
3.49957e+06
3.49958e+06
3.49958e+06
3.49959e+06
3.49959e+06
3.4996e+06
3.4996e+06
3.49961e+06
3.50171e+06
3.50195e+06
3.50094e+06
3.50033e+06
3.49989e+06
3.49956e+06
3.49971e+06
3.49966e+06
3.49938e+06
3.49949e+06
3.4997e+06
3.49964e+06
3.49965e+06
3.49961e+06
3.49958e+06
3.49956e+06
3.49954e+06
3.49953e+06
3.49952e+06
3.49952e+06
3.49952e+06
3.49952e+06
3.49952e+06
3.49952e+06
3.49952e+06
3.49952e+06
3.49953e+06
3.49953e+06
3.49954e+06
3.49954e+06
3.49954e+06
3.49955e+06
3.49955e+06
3.49956e+06
3.49957e+06
3.49957e+06
3.49958e+06
3.49958e+06
3.49959e+06
3.4996e+06
3.4996e+06
3.50175e+06
3.50202e+06
3.50102e+06
3.50036e+06
3.49992e+06
3.49957e+06
3.4997e+06
3.49966e+06
3.49938e+06
3.49949e+06
3.4997e+06
3.49964e+06
3.49964e+06
3.49959e+06
3.49956e+06
3.49953e+06
3.49952e+06
3.49951e+06
3.4995e+06
3.4995e+06
3.4995e+06
3.4995e+06
3.4995e+06
3.4995e+06
3.4995e+06
3.49951e+06
3.49951e+06
3.49952e+06
3.49952e+06
3.49953e+06
3.49953e+06
3.49954e+06
3.49954e+06
3.49955e+06
3.49955e+06
3.49956e+06
3.49957e+06
3.49957e+06
3.49958e+06
3.49959e+06
3.49959e+06
3.50167e+06
3.5019e+06
3.50096e+06
3.50033e+06
3.4999e+06
3.49957e+06
3.4997e+06
3.49966e+06
3.49939e+06
3.4995e+06
3.4997e+06
3.49963e+06
3.49962e+06
3.49958e+06
3.49954e+06
3.49951e+06
3.49949e+06
3.49948e+06
3.49948e+06
3.49948e+06
3.49948e+06
3.49948e+06
3.49948e+06
3.49948e+06
3.49949e+06
3.49949e+06
3.4995e+06
3.4995e+06
3.49951e+06
3.49951e+06
3.49952e+06
3.49953e+06
3.49953e+06
3.49954e+06
3.49954e+06
3.49955e+06
3.49956e+06
3.49956e+06
3.49957e+06
3.49958e+06
3.49959e+06
3.50141e+06
3.50171e+06
3.50086e+06
3.50025e+06
3.49982e+06
3.49952e+06
3.49969e+06
3.49966e+06
3.49939e+06
3.49949e+06
3.49969e+06
3.49962e+06
3.4996e+06
3.49955e+06
3.49951e+06
3.49948e+06
3.49947e+06
3.49946e+06
3.49945e+06
3.49945e+06
3.49945e+06
3.49946e+06
3.49946e+06
3.49947e+06
3.49947e+06
3.49947e+06
3.49948e+06
3.49949e+06
3.49949e+06
3.4995e+06
3.49951e+06
3.49951e+06
3.49952e+06
3.49953e+06
3.49953e+06
3.49954e+06
3.49955e+06
3.49955e+06
3.49956e+06
3.49957e+06
3.49958e+06
3.50134e+06
3.50156e+06
3.50071e+06
3.50014e+06
3.49977e+06
3.49953e+06
3.4997e+06
3.49966e+06
3.49938e+06
3.49948e+06
3.49967e+06
3.4996e+06
3.49958e+06
3.49952e+06
3.49948e+06
3.49945e+06
3.49944e+06
3.49943e+06
3.49943e+06
3.49943e+06
3.49943e+06
3.49944e+06
3.49944e+06
3.49945e+06
3.49945e+06
3.49946e+06
3.49946e+06
3.49947e+06
3.49948e+06
3.49948e+06
3.49949e+06
3.4995e+06
3.49951e+06
3.49951e+06
3.49952e+06
3.49953e+06
3.49954e+06
3.49954e+06
3.49955e+06
3.49956e+06
3.49957e+06
3.50095e+06
3.50114e+06
3.50044e+06
3.49992e+06
3.49959e+06
3.49938e+06
3.49956e+06
3.49954e+06
3.4993e+06
3.49943e+06
3.49962e+06
3.49955e+06
3.49953e+06
3.49948e+06
3.49944e+06
3.49941e+06
3.4994e+06
3.4994e+06
3.4994e+06
3.4994e+06
3.49941e+06
3.49941e+06
3.49942e+06
3.49942e+06
3.49943e+06
3.49944e+06
3.49945e+06
3.49945e+06
3.49946e+06
3.49947e+06
3.49948e+06
3.49948e+06
3.49949e+06
3.4995e+06
3.49951e+06
3.49952e+06
3.49953e+06
3.49953e+06
3.49954e+06
3.49955e+06
3.49956e+06
3.50088e+06
3.50078e+06
3.50025e+06
3.49995e+06
3.49958e+06
3.49929e+06
3.49945e+06
3.49946e+06
3.49921e+06
3.49936e+06
3.49956e+06
3.49949e+06
3.49947e+06
3.49942e+06
3.49939e+06
3.49937e+06
3.49937e+06
3.49937e+06
3.49937e+06
3.49938e+06
3.49938e+06
3.49939e+06
3.4994e+06
3.4994e+06
3.49941e+06
3.49942e+06
3.49943e+06
3.49944e+06
3.49944e+06
3.49945e+06
3.49946e+06
3.49947e+06
3.49948e+06
3.49949e+06
3.4995e+06
3.49951e+06
3.49951e+06
3.49952e+06
3.49953e+06
3.49954e+06
3.49955e+06
3.49993e+06
3.49977e+06
3.49947e+06
3.49931e+06
3.49951e+06
3.4993e+06
3.49943e+06
3.49951e+06
3.49921e+06
3.49932e+06
3.49946e+06
3.49941e+06
3.49939e+06
3.49936e+06
3.49934e+06
3.49933e+06
3.49933e+06
3.49934e+06
3.49934e+06
3.49935e+06
3.49936e+06
3.49936e+06
3.49937e+06
3.49938e+06
3.49939e+06
3.4994e+06
3.49941e+06
3.49942e+06
3.49943e+06
3.49943e+06
3.49944e+06
3.49945e+06
3.49946e+06
3.49947e+06
3.49948e+06
3.49949e+06
3.4995e+06
3.49951e+06
3.49952e+06
3.49953e+06
3.49954e+06
3.49933e+06
3.49934e+06
3.49936e+06
3.49932e+06
3.49932e+06
3.4993e+06
3.49929e+06
3.49929e+06
3.4993e+06
3.4993e+06
3.49931e+06
3.49932e+06
3.49933e+06
3.49934e+06
3.49935e+06
3.49936e+06
3.49937e+06
3.49938e+06
3.49939e+06
3.4994e+06
3.49941e+06
3.49942e+06
3.49943e+06
3.49944e+06
3.49945e+06
3.49946e+06
3.49947e+06
3.49948e+06
3.49949e+06
3.4995e+06
3.49951e+06
3.49952e+06
3.49953e+06
)
;

boundaryField
{
    inlet
    {
        type            calculated;
        value           nonuniform List<scalar> 0();
    }
    outlet
    {
        type            calculated;
        value           nonuniform List<scalar> 0();
    }
    walls
    {
        type            calculated;
        value           nonuniform List<scalar> 0();
    }
    side1
    {
        type            cyclic;
    }
    side2
    {
        type            cyclic;
    }
    procBoundary4to0
    {
        type            processor;
        value           nonuniform List<scalar> 
52
(
3.49925e+06
3.49925e+06
3.49926e+06
3.49928e+06
3.49929e+06
3.4993e+06
3.49931e+06
3.49932e+06
3.49933e+06
3.49934e+06
3.49935e+06
3.49936e+06
3.49938e+06
3.49939e+06
3.4994e+06
3.49941e+06
3.49942e+06
3.49943e+06
3.49944e+06
3.49946e+06
3.49947e+06
3.49948e+06
3.49949e+06
3.4995e+06
3.49951e+06
3.49953e+06
3.49925e+06
3.49925e+06
3.49926e+06
3.49928e+06
3.49929e+06
3.4993e+06
3.49931e+06
3.49932e+06
3.49933e+06
3.49934e+06
3.49935e+06
3.49936e+06
3.49938e+06
3.49939e+06
3.4994e+06
3.49941e+06
3.49942e+06
3.49943e+06
3.49944e+06
3.49946e+06
3.49947e+06
3.49948e+06
3.49949e+06
3.4995e+06
3.49951e+06
3.49953e+06
)
;
    }
    procBoundary4to1
    {
        type            processor;
        value           nonuniform List<scalar> 
32
(
3.49867e+06
3.49917e+06
3.49918e+06
3.49917e+06
3.49907e+06
3.49923e+06
3.49916e+06
3.49912e+06
3.49912e+06
3.49926e+06
3.49921e+06
3.4992e+06
3.49924e+06
3.49923e+06
3.49922e+06
3.49923e+06
3.49867e+06
3.49917e+06
3.49918e+06
3.49917e+06
3.49907e+06
3.49923e+06
3.49916e+06
3.49912e+06
3.49912e+06
3.49926e+06
3.49921e+06
3.4992e+06
3.49924e+06
3.49923e+06
3.49922e+06
3.49923e+06
)
;
    }
    procBoundary4to3
    {
        type            processor;
        value           nonuniform List<scalar> 
88
(
3.49979e+06
3.49979e+06
3.49978e+06
3.49978e+06
3.49978e+06
3.49977e+06
3.49977e+06
3.49977e+06
3.49977e+06
3.49976e+06
3.49976e+06
3.49975e+06
3.49975e+06
3.49974e+06
3.49974e+06
3.49973e+06
3.49973e+06
3.49972e+06
3.49971e+06
3.49971e+06
3.4997e+06
3.4997e+06
3.49969e+06
3.49969e+06
3.49968e+06
3.49967e+06
3.49967e+06
3.49966e+06
3.49966e+06
3.49965e+06
3.49964e+06
3.49964e+06
3.49963e+06
3.49962e+06
3.49962e+06
3.49961e+06
3.4996e+06
3.49959e+06
3.49959e+06
3.49958e+06
3.49957e+06
3.49956e+06
3.49955e+06
3.49955e+06
3.49979e+06
3.49979e+06
3.49978e+06
3.49978e+06
3.49978e+06
3.49977e+06
3.49977e+06
3.49977e+06
3.49977e+06
3.49976e+06
3.49976e+06
3.49975e+06
3.49975e+06
3.49974e+06
3.49974e+06
3.49973e+06
3.49973e+06
3.49972e+06
3.49971e+06
3.49971e+06
3.4997e+06
3.4997e+06
3.49969e+06
3.49969e+06
3.49968e+06
3.49967e+06
3.49967e+06
3.49966e+06
3.49966e+06
3.49965e+06
3.49964e+06
3.49964e+06
3.49963e+06
3.49962e+06
3.49962e+06
3.49961e+06
3.4996e+06
3.49959e+06
3.49959e+06
3.49958e+06
3.49957e+06
3.49956e+06
3.49955e+06
3.49955e+06
)
;
    }
    procBoundary4to5
    {
        type            processor;
        value           nonuniform List<scalar> 
86
(
3.49975e+06
3.49975e+06
3.49975e+06
3.49976e+06
3.49976e+06
3.49976e+06
3.49977e+06
3.49977e+06
3.49977e+06
3.49977e+06
3.49978e+06
3.49978e+06
3.49978e+06
3.49978e+06
3.49978e+06
3.49979e+06
3.49979e+06
3.49979e+06
3.49979e+06
3.4998e+06
3.49974e+06
3.49974e+06
3.49974e+06
3.50086e+06
3.50074e+06
3.50049e+06
3.50003e+06
3.49962e+06
3.49962e+06
3.49963e+06
3.4995e+06
3.49969e+06
3.4998e+06
3.49976e+06
3.49974e+06
3.49973e+06
3.49973e+06
3.49973e+06
3.49973e+06
3.49979e+06
3.49979e+06
3.49976e+06
3.49976e+06
3.49975e+06
3.49975e+06
3.49975e+06
3.49976e+06
3.49976e+06
3.49976e+06
3.49977e+06
3.49977e+06
3.49977e+06
3.49977e+06
3.49978e+06
3.49978e+06
3.49978e+06
3.49978e+06
3.49978e+06
3.49979e+06
3.49979e+06
3.49979e+06
3.49979e+06
3.4998e+06
3.49974e+06
3.49974e+06
3.49974e+06
3.50087e+06
3.50074e+06
3.50049e+06
3.50003e+06
3.49962e+06
3.49962e+06
3.49963e+06
3.4995e+06
3.49969e+06
3.4998e+06
3.49976e+06
3.49974e+06
3.49973e+06
3.49973e+06
3.49973e+06
3.49973e+06
3.49979e+06
3.49979e+06
3.49976e+06
3.49976e+06
)
;
    }
}


// ************************************************************************* //
