/*--------------------------------*- C++ -*----------------------------------*\
| =========                 |                                                 |
| \\      /  F ield         | OpenFOAM: The Open Source CFD Toolbox           |
|  \\    /   O peration     | Version:  v2012                                 |
|   \\  /    A nd           | Website:  www.openfoam.com                      |
|    \\/     M anipulation  |                                                 |
\*---------------------------------------------------------------------------*/
FoamFile
{
    version     2.0;
    format      ascii;
    class       volScalarField;
    location    "0.75";
    object      p_rgh;
}
// * * * * * * * * * * * * * * * * * * * * * * * * * * * * * * * * * * * * * //

dimensions      [1 -1 -2 0 0 0 0];


internalField   nonuniform List<scalar> 
3332
(
3.49975e+06
3.49976e+06
3.49976e+06
3.49976e+06
3.49977e+06
3.49977e+06
3.49977e+06
3.49977e+06
3.49978e+06
3.49978e+06
3.49978e+06
3.49978e+06
3.49979e+06
3.49979e+06
3.49979e+06
3.49979e+06
3.4998e+06
3.4998e+06
3.4998e+06
3.4998e+06
3.49974e+06
3.49974e+06
3.49975e+06
3.49975e+06
3.49975e+06
3.49976e+06
3.49976e+06
3.49976e+06
3.49977e+06
3.49977e+06
3.49977e+06
3.49977e+06
3.49978e+06
3.49978e+06
3.49978e+06
3.49978e+06
3.49979e+06
3.49979e+06
3.49979e+06
3.49979e+06
3.4998e+06
3.4998e+06
3.50048e+06
3.50074e+06
3.50055e+06
3.50032e+06
3.50011e+06
3.5001e+06
3.49997e+06
3.49992e+06
3.49991e+06
3.49983e+06
3.49975e+06
3.49974e+06
3.49973e+06
3.49973e+06
3.49973e+06
3.49973e+06
3.49974e+06
3.49974e+06
3.49974e+06
3.49975e+06
3.49975e+06
3.49975e+06
3.49976e+06
3.49976e+06
3.49976e+06
3.49977e+06
3.49977e+06
3.49977e+06
3.49977e+06
3.49978e+06
3.49978e+06
3.49978e+06
3.49978e+06
3.49979e+06
3.49979e+06
3.49979e+06
3.49979e+06
3.50015e+06
3.50023e+06
3.5002e+06
3.50011e+06
3.49996e+06
3.49995e+06
3.49991e+06
3.49989e+06
3.49983e+06
3.49978e+06
3.49976e+06
3.49975e+06
3.49974e+06
3.49973e+06
3.49973e+06
3.49972e+06
3.49973e+06
3.49973e+06
3.49973e+06
3.49973e+06
3.49974e+06
3.49974e+06
3.49975e+06
3.49975e+06
3.49975e+06
3.49975e+06
3.49976e+06
3.49976e+06
3.49976e+06
3.49977e+06
3.49977e+06
3.49977e+06
3.49977e+06
3.49978e+06
3.49978e+06
3.49978e+06
3.49978e+06
3.49979e+06
3.49979e+06
3.49998e+06
3.50006e+06
3.50005e+06
3.50002e+06
3.49992e+06
3.49988e+06
3.49983e+06
3.4998e+06
3.49977e+06
3.49975e+06
3.49974e+06
3.49973e+06
3.49973e+06
3.49972e+06
3.49972e+06
3.49972e+06
3.49972e+06
3.49972e+06
3.49973e+06
3.49973e+06
3.49973e+06
3.49974e+06
3.49974e+06
3.49974e+06
3.49975e+06
3.49975e+06
3.49975e+06
3.49976e+06
3.49976e+06
3.49976e+06
3.49976e+06
3.49977e+06
3.49977e+06
3.49977e+06
3.49977e+06
3.49978e+06
3.49978e+06
3.49978e+06
3.49978e+06
3.49979e+06
3.49994e+06
3.49995e+06
3.49993e+06
3.49993e+06
3.49984e+06
3.49981e+06
3.49977e+06
3.49975e+06
3.49973e+06
3.49972e+06
3.49972e+06
3.49971e+06
3.49972e+06
3.49971e+06
3.49971e+06
3.49971e+06
3.49971e+06
3.49972e+06
3.49972e+06
3.49972e+06
3.49973e+06
3.49973e+06
3.49973e+06
3.49974e+06
3.49974e+06
3.49974e+06
3.49975e+06
3.49975e+06
3.49975e+06
3.49976e+06
3.49976e+06
3.49976e+06
3.49976e+06
3.49977e+06
3.49977e+06
3.49977e+06
3.49977e+06
3.49978e+06
3.49978e+06
3.49978e+06
3.49981e+06
3.49984e+06
3.49981e+06
3.49982e+06
3.49979e+06
3.49978e+06
3.49976e+06
3.49973e+06
3.49971e+06
3.4997e+06
3.4997e+06
3.4997e+06
3.49971e+06
3.49971e+06
3.4997e+06
3.49971e+06
3.49971e+06
3.49971e+06
3.49972e+06
3.49972e+06
3.49972e+06
3.49973e+06
3.49973e+06
3.49973e+06
3.49974e+06
3.49974e+06
3.49974e+06
3.49975e+06
3.49975e+06
3.49975e+06
3.49975e+06
3.49976e+06
3.49976e+06
3.49976e+06
3.49976e+06
3.49977e+06
3.49977e+06
3.49977e+06
3.49977e+06
3.49978e+06
3.49978e+06
3.4998e+06
3.49979e+06
3.49975e+06
3.49977e+06
3.49976e+06
3.49975e+06
3.49975e+06
3.49972e+06
3.4997e+06
3.49969e+06
3.49969e+06
3.49969e+06
3.4997e+06
3.4997e+06
3.4997e+06
3.4997e+06
3.4997e+06
3.49971e+06
3.49971e+06
3.49971e+06
3.49972e+06
3.49972e+06
3.49972e+06
3.49973e+06
3.49973e+06
3.49973e+06
3.49974e+06
3.49974e+06
3.49974e+06
3.49975e+06
3.49975e+06
3.49975e+06
3.49975e+06
3.49976e+06
3.49976e+06
3.49976e+06
3.49976e+06
3.49977e+06
3.49977e+06
3.49977e+06
3.49977e+06
3.49966e+06
3.4997e+06
3.49971e+06
3.49974e+06
3.49973e+06
3.49974e+06
3.49973e+06
3.49971e+06
3.49971e+06
3.4997e+06
3.49969e+06
3.49969e+06
3.49969e+06
3.49969e+06
3.49969e+06
3.49969e+06
3.4997e+06
3.4997e+06
3.49971e+06
3.49971e+06
3.49971e+06
3.49972e+06
3.49972e+06
3.49972e+06
3.49973e+06
3.49973e+06
3.49973e+06
3.49974e+06
3.49974e+06
3.49974e+06
3.49974e+06
3.49975e+06
3.49975e+06
3.49975e+06
3.49975e+06
3.49976e+06
3.49976e+06
3.49976e+06
3.49976e+06
3.49977e+06
3.49977e+06
3.49965e+06
3.49967e+06
3.49968e+06
3.49971e+06
3.49971e+06
3.49972e+06
3.49972e+06
3.4997e+06
3.4997e+06
3.49969e+06
3.49968e+06
3.49968e+06
3.49969e+06
3.49969e+06
3.49969e+06
3.49969e+06
3.49969e+06
3.4997e+06
3.4997e+06
3.4997e+06
3.49971e+06
3.49971e+06
3.49971e+06
3.49972e+06
3.49972e+06
3.49972e+06
3.49973e+06
3.49973e+06
3.49973e+06
3.49974e+06
3.49974e+06
3.49974e+06
3.49974e+06
3.49975e+06
3.49975e+06
3.49975e+06
3.49975e+06
3.49976e+06
3.49976e+06
3.49976e+06
3.49976e+06
3.49961e+06
3.49962e+06
3.49965e+06
3.49968e+06
3.4997e+06
3.49971e+06
3.49971e+06
3.49969e+06
3.49969e+06
3.49968e+06
3.49967e+06
3.49967e+06
3.49968e+06
3.49968e+06
3.49968e+06
3.49969e+06
3.49969e+06
3.49969e+06
3.4997e+06
3.4997e+06
3.4997e+06
3.49971e+06
3.49971e+06
3.49971e+06
3.49972e+06
3.49972e+06
3.49972e+06
3.49973e+06
3.49973e+06
3.49973e+06
3.49973e+06
3.49974e+06
3.49974e+06
3.49974e+06
3.49974e+06
3.49975e+06
3.49975e+06
3.49975e+06
3.49975e+06
3.49976e+06
3.49976e+06
3.4996e+06
3.4996e+06
3.49963e+06
3.49966e+06
3.49968e+06
3.49969e+06
3.49969e+06
3.49968e+06
3.49968e+06
3.49968e+06
3.49967e+06
3.49967e+06
3.49968e+06
3.49968e+06
3.49968e+06
3.49968e+06
3.49969e+06
3.49969e+06
3.49969e+06
3.4997e+06
3.4997e+06
3.4997e+06
3.49971e+06
3.49971e+06
3.49971e+06
3.49971e+06
3.49972e+06
3.49972e+06
3.49972e+06
3.49973e+06
3.49973e+06
3.49973e+06
3.49974e+06
3.49974e+06
3.49974e+06
3.49974e+06
3.49974e+06
3.49975e+06
3.49975e+06
3.49975e+06
3.49975e+06
3.49954e+06
3.49956e+06
3.4996e+06
3.49965e+06
3.49967e+06
3.49968e+06
3.49969e+06
3.49967e+06
3.49967e+06
3.49967e+06
3.49967e+06
3.49967e+06
3.49967e+06
3.49967e+06
3.49968e+06
3.49968e+06
3.49968e+06
3.49969e+06
3.49969e+06
3.49969e+06
3.49969e+06
3.4997e+06
3.4997e+06
3.4997e+06
3.49971e+06
3.49971e+06
3.49971e+06
3.49972e+06
3.49972e+06
3.49972e+06
3.49972e+06
3.49973e+06
3.49973e+06
3.49973e+06
3.49973e+06
3.49974e+06
3.49974e+06
3.49974e+06
3.49974e+06
3.49975e+06
3.49975e+06
3.49953e+06
3.49955e+06
3.49959e+06
3.49964e+06
3.49965e+06
3.49966e+06
3.49967e+06
3.49966e+06
3.49966e+06
3.49966e+06
3.49966e+06
3.49966e+06
3.49967e+06
3.49967e+06
3.49967e+06
3.49967e+06
3.49968e+06
3.49968e+06
3.49969e+06
3.49969e+06
3.49969e+06
3.49969e+06
3.4997e+06
3.4997e+06
3.4997e+06
3.49971e+06
3.49971e+06
3.49971e+06
3.49971e+06
3.49972e+06
3.49972e+06
3.49972e+06
3.49972e+06
3.49973e+06
3.49973e+06
3.49973e+06
3.49973e+06
3.49974e+06
3.49974e+06
3.49974e+06
3.49974e+06
3.49959e+06
3.49958e+06
3.49956e+06
3.4996e+06
3.49965e+06
3.49965e+06
3.49966e+06
3.49965e+06
3.49965e+06
3.49965e+06
3.49966e+06
3.49966e+06
3.49966e+06
3.49966e+06
3.49967e+06
3.49967e+06
3.49968e+06
3.49968e+06
3.49968e+06
3.49968e+06
3.49969e+06
3.49969e+06
3.49969e+06
3.49969e+06
3.4997e+06
3.4997e+06
3.4997e+06
3.49971e+06
3.49971e+06
3.49971e+06
3.49971e+06
3.49972e+06
3.49972e+06
3.49972e+06
3.49972e+06
3.49973e+06
3.49973e+06
3.49973e+06
3.49973e+06
3.49974e+06
3.49974e+06
3.49966e+06
3.49975e+06
3.49966e+06
3.49964e+06
3.49964e+06
3.49963e+06
3.49965e+06
3.49964e+06
3.49965e+06
3.49964e+06
3.49965e+06
3.49965e+06
3.49966e+06
3.49966e+06
3.49966e+06
3.49967e+06
3.49967e+06
3.49968e+06
3.49968e+06
3.49968e+06
3.49968e+06
3.49969e+06
3.49969e+06
3.49969e+06
3.49969e+06
3.4997e+06
3.4997e+06
3.4997e+06
3.4997e+06
3.49971e+06
3.49971e+06
3.49971e+06
3.49971e+06
3.49972e+06
3.49972e+06
3.49972e+06
3.49972e+06
3.49973e+06
3.49973e+06
3.49973e+06
3.49973e+06
3.49958e+06
3.49931e+06
3.49979e+06
3.49964e+06
3.49963e+06
3.49962e+06
3.49963e+06
3.49963e+06
3.49964e+06
3.49964e+06
3.49965e+06
3.49965e+06
3.49965e+06
3.49966e+06
3.49966e+06
3.49966e+06
3.49967e+06
3.49967e+06
3.49968e+06
3.49968e+06
3.49968e+06
3.49968e+06
3.49968e+06
3.49969e+06
3.49969e+06
3.49969e+06
3.49969e+06
3.4997e+06
3.4997e+06
3.4997e+06
3.4997e+06
3.49971e+06
3.49971e+06
3.49971e+06
3.49971e+06
3.49972e+06
3.49972e+06
3.49972e+06
3.49972e+06
3.49973e+06
3.49973e+06
3.49979e+06
3.49952e+06
3.49981e+06
3.49958e+06
3.49964e+06
3.49964e+06
3.49966e+06
3.49964e+06
3.49964e+06
3.49964e+06
3.49964e+06
3.49964e+06
3.49965e+06
3.49965e+06
3.49966e+06
3.49966e+06
3.49966e+06
3.49967e+06
3.49967e+06
3.49967e+06
3.49967e+06
3.49968e+06
3.49968e+06
3.49968e+06
3.49968e+06
3.49969e+06
3.49969e+06
3.49969e+06
3.49969e+06
3.4997e+06
3.4997e+06
3.4997e+06
3.4997e+06
3.49971e+06
3.49971e+06
3.49971e+06
3.49971e+06
3.49972e+06
3.49972e+06
3.49972e+06
3.49972e+06
3.49954e+06
3.49944e+06
3.49903e+06
3.49873e+06
3.49951e+06
3.49949e+06
3.49968e+06
3.49962e+06
3.49965e+06
3.49964e+06
3.49964e+06
3.49964e+06
3.49965e+06
3.49965e+06
3.49965e+06
3.49966e+06
3.49966e+06
3.49966e+06
3.49967e+06
3.49967e+06
3.49967e+06
3.49967e+06
3.49967e+06
3.49968e+06
3.49968e+06
3.49968e+06
3.49968e+06
3.49969e+06
3.49969e+06
3.49969e+06
3.49969e+06
3.4997e+06
3.4997e+06
3.4997e+06
3.4997e+06
3.4997e+06
3.49971e+06
3.49971e+06
3.49971e+06
3.49972e+06
3.49972e+06
3.49969e+06
3.49953e+06
3.499e+06
3.49867e+06
3.49954e+06
3.49952e+06
3.49972e+06
3.49964e+06
3.49966e+06
3.49963e+06
3.49964e+06
3.49964e+06
3.49964e+06
3.49965e+06
3.49965e+06
3.49965e+06
3.49966e+06
3.49966e+06
3.49966e+06
3.49966e+06
3.49967e+06
3.49967e+06
3.49967e+06
3.49967e+06
3.49967e+06
3.49968e+06
3.49968e+06
3.49968e+06
3.49968e+06
3.49968e+06
3.49969e+06
3.49969e+06
3.49969e+06
3.49969e+06
3.4997e+06
3.4997e+06
3.4997e+06
3.4997e+06
3.49971e+06
3.49971e+06
3.49971e+06
3.49965e+06
3.49957e+06
3.49906e+06
3.49867e+06
3.49951e+06
3.49948e+06
3.4997e+06
3.49963e+06
3.49965e+06
3.49963e+06
3.49963e+06
3.49963e+06
3.49964e+06
3.49964e+06
3.49964e+06
3.49965e+06
3.49965e+06
3.49966e+06
3.49966e+06
3.49966e+06
3.49966e+06
3.49966e+06
3.49966e+06
3.49967e+06
3.49967e+06
3.49967e+06
3.49967e+06
3.49967e+06
3.49968e+06
3.49968e+06
3.49968e+06
3.49968e+06
3.49969e+06
3.49969e+06
3.49969e+06
3.49969e+06
3.4997e+06
3.4997e+06
3.4997e+06
3.4997e+06
3.49971e+06
3.49967e+06
3.49965e+06
3.49918e+06
3.49878e+06
3.49958e+06
3.49952e+06
3.49972e+06
3.49964e+06
3.49966e+06
3.49963e+06
3.49963e+06
3.49963e+06
3.49963e+06
3.49964e+06
3.49964e+06
3.49964e+06
3.49965e+06
3.49965e+06
3.49965e+06
3.49965e+06
3.49966e+06
3.49966e+06
3.49966e+06
3.49966e+06
3.49966e+06
3.49966e+06
3.49967e+06
3.49967e+06
3.49967e+06
3.49967e+06
3.49967e+06
3.49968e+06
3.49968e+06
3.49968e+06
3.49968e+06
3.49969e+06
3.49969e+06
3.49969e+06
3.49969e+06
3.4997e+06
3.4997e+06
3.49995e+06
3.49976e+06
3.49919e+06
3.49879e+06
3.49963e+06
3.49954e+06
3.49972e+06
3.49961e+06
3.49966e+06
3.49963e+06
3.49963e+06
3.49962e+06
3.49963e+06
3.49963e+06
3.49963e+06
3.49964e+06
3.49964e+06
3.49964e+06
3.49965e+06
3.49965e+06
3.49965e+06
3.49965e+06
3.49965e+06
3.49965e+06
3.49966e+06
3.49966e+06
3.49966e+06
3.49966e+06
3.49966e+06
3.49967e+06
3.49967e+06
3.49967e+06
3.49967e+06
3.49967e+06
3.49968e+06
3.49968e+06
3.49968e+06
3.49969e+06
3.49969e+06
3.49969e+06
3.4997e+06
3.5e+06
3.50004e+06
3.49948e+06
3.49901e+06
3.49971e+06
3.49957e+06
3.49982e+06
3.49968e+06
3.49971e+06
3.49964e+06
3.49962e+06
3.49961e+06
3.49962e+06
3.49962e+06
3.49963e+06
3.49963e+06
3.49964e+06
3.49964e+06
3.49964e+06
3.49964e+06
3.49964e+06
3.49964e+06
3.49965e+06
3.49965e+06
3.49965e+06
3.49965e+06
3.49965e+06
3.49965e+06
3.49966e+06
3.49966e+06
3.49966e+06
3.49966e+06
3.49967e+06
3.49967e+06
3.49967e+06
3.49967e+06
3.49968e+06
3.49968e+06
3.49968e+06
3.49969e+06
3.49969e+06
3.5006e+06
3.5007e+06
3.49982e+06
3.49927e+06
3.4995e+06
3.49941e+06
3.49954e+06
3.49955e+06
3.49969e+06
3.49962e+06
3.49962e+06
3.49961e+06
3.49962e+06
3.49962e+06
3.49963e+06
3.49963e+06
3.49963e+06
3.49963e+06
3.49963e+06
3.49964e+06
3.49964e+06
3.49964e+06
3.49964e+06
3.49964e+06
3.49964e+06
3.49964e+06
3.49965e+06
3.49965e+06
3.49965e+06
3.49965e+06
3.49965e+06
3.49966e+06
3.49966e+06
3.49966e+06
3.49966e+06
3.49967e+06
3.49967e+06
3.49967e+06
3.49968e+06
3.49968e+06
3.49968e+06
3.5007e+06
3.50107e+06
3.50023e+06
3.49963e+06
3.49971e+06
3.49956e+06
3.49954e+06
3.49946e+06
3.49968e+06
3.49964e+06
3.49965e+06
3.49963e+06
3.49963e+06
3.49963e+06
3.49962e+06
3.49963e+06
3.49963e+06
3.49963e+06
3.49963e+06
3.49963e+06
3.49963e+06
3.49963e+06
3.49963e+06
3.49963e+06
3.49963e+06
3.49964e+06
3.49964e+06
3.49964e+06
3.49964e+06
3.49964e+06
3.49965e+06
3.49965e+06
3.49965e+06
3.49965e+06
3.49966e+06
3.49966e+06
3.49966e+06
3.49967e+06
3.49967e+06
3.49967e+06
3.49968e+06
3.50123e+06
3.50136e+06
3.50041e+06
3.49982e+06
3.49962e+06
3.4993e+06
3.49973e+06
3.49975e+06
3.49939e+06
3.49949e+06
3.49967e+06
3.49964e+06
3.49964e+06
3.49963e+06
3.49962e+06
3.49962e+06
3.49962e+06
3.49962e+06
3.49962e+06
3.49962e+06
3.49962e+06
3.49962e+06
3.49962e+06
3.49962e+06
3.49963e+06
3.49963e+06
3.49963e+06
3.49963e+06
3.49963e+06
3.49963e+06
3.49964e+06
3.49964e+06
3.49964e+06
3.49965e+06
3.49965e+06
3.49965e+06
3.49966e+06
3.49966e+06
3.49966e+06
3.49967e+06
3.49967e+06
3.50127e+06
3.5015e+06
3.50061e+06
3.50006e+06
3.49983e+06
3.49948e+06
3.49972e+06
3.49966e+06
3.49937e+06
3.4995e+06
3.49969e+06
3.49964e+06
3.49966e+06
3.49964e+06
3.49963e+06
3.49962e+06
3.49962e+06
3.49962e+06
3.49961e+06
3.49961e+06
3.49961e+06
3.49961e+06
3.49961e+06
3.49962e+06
3.49962e+06
3.49962e+06
3.49962e+06
3.49962e+06
3.49962e+06
3.49963e+06
3.49963e+06
3.49963e+06
3.49963e+06
3.49964e+06
3.49964e+06
3.49964e+06
3.49965e+06
3.49965e+06
3.49966e+06
3.49966e+06
3.49966e+06
3.50154e+06
3.50169e+06
3.50072e+06
3.50012e+06
3.49978e+06
3.49947e+06
3.49966e+06
3.49961e+06
3.49934e+06
3.49947e+06
3.49969e+06
3.49965e+06
3.49967e+06
3.49965e+06
3.49963e+06
3.49962e+06
3.49961e+06
3.49961e+06
3.49961e+06
3.4996e+06
3.4996e+06
3.4996e+06
3.4996e+06
3.49961e+06
3.49961e+06
3.49961e+06
3.49961e+06
3.49961e+06
3.49961e+06
3.49962e+06
3.49962e+06
3.49962e+06
3.49963e+06
3.49963e+06
3.49963e+06
3.49964e+06
3.49964e+06
3.49964e+06
3.49965e+06
3.49965e+06
3.49966e+06
3.50152e+06
3.50168e+06
3.50076e+06
3.50017e+06
3.49982e+06
3.49952e+06
3.49972e+06
3.49967e+06
3.49938e+06
3.4995e+06
3.49971e+06
3.49966e+06
3.49967e+06
3.49965e+06
3.49962e+06
3.49961e+06
3.49961e+06
3.4996e+06
3.4996e+06
3.49959e+06
3.49959e+06
3.49959e+06
3.49959e+06
3.49959e+06
3.4996e+06
3.4996e+06
3.4996e+06
3.4996e+06
3.4996e+06
3.49961e+06
3.49961e+06
3.49961e+06
3.49962e+06
3.49962e+06
3.49962e+06
3.49963e+06
3.49963e+06
3.49964e+06
3.49964e+06
3.49965e+06
3.49965e+06
3.50154e+06
3.50171e+06
3.50082e+06
3.50023e+06
3.49985e+06
3.49954e+06
3.4997e+06
3.49966e+06
3.49939e+06
3.49951e+06
3.49972e+06
3.49967e+06
3.49968e+06
3.49965e+06
3.49962e+06
3.49961e+06
3.4996e+06
3.49959e+06
3.49959e+06
3.49958e+06
3.49958e+06
3.49958e+06
3.49958e+06
3.49958e+06
3.49958e+06
3.49959e+06
3.49959e+06
3.49959e+06
3.49959e+06
3.4996e+06
3.4996e+06
3.4996e+06
3.49961e+06
3.49961e+06
3.49962e+06
3.49962e+06
3.49962e+06
3.49963e+06
3.49963e+06
3.49964e+06
3.49964e+06
3.5015e+06
3.50167e+06
3.50083e+06
3.50026e+06
3.49988e+06
3.49956e+06
3.49971e+06
3.49967e+06
3.4994e+06
3.49951e+06
3.49972e+06
3.49967e+06
3.49967e+06
3.49964e+06
3.49962e+06
3.4996e+06
3.49959e+06
3.49958e+06
3.49957e+06
3.49957e+06
3.49957e+06
3.49957e+06
3.49957e+06
3.49957e+06
3.49957e+06
3.49957e+06
3.49958e+06
3.49958e+06
3.49958e+06
3.49959e+06
3.49959e+06
3.49959e+06
3.4996e+06
3.4996e+06
3.49961e+06
3.49961e+06
3.49962e+06
3.49962e+06
3.49963e+06
3.49963e+06
3.49964e+06
3.50179e+06
3.50202e+06
3.50095e+06
3.50031e+06
3.49988e+06
3.49956e+06
3.49972e+06
3.49967e+06
3.49939e+06
3.49951e+06
3.49972e+06
3.49967e+06
3.49967e+06
3.49964e+06
3.49961e+06
3.49959e+06
3.49958e+06
3.49957e+06
3.49956e+06
3.49956e+06
3.49955e+06
3.49955e+06
3.49955e+06
3.49956e+06
3.49956e+06
3.49956e+06
3.49956e+06
3.49957e+06
3.49957e+06
3.49957e+06
3.49958e+06
3.49958e+06
3.49959e+06
3.49959e+06
3.4996e+06
3.4996e+06
3.49961e+06
3.49961e+06
3.49962e+06
3.49962e+06
3.49963e+06
3.50173e+06
3.50197e+06
3.50096e+06
3.50035e+06
3.49991e+06
3.49958e+06
3.49973e+06
3.49968e+06
3.4994e+06
3.49951e+06
3.49972e+06
3.49967e+06
3.49967e+06
3.49963e+06
3.4996e+06
3.49958e+06
3.49956e+06
3.49955e+06
3.49954e+06
3.49954e+06
3.49954e+06
3.49954e+06
3.49954e+06
3.49954e+06
3.49954e+06
3.49955e+06
3.49955e+06
3.49955e+06
3.49956e+06
3.49956e+06
3.49957e+06
3.49957e+06
3.49958e+06
3.49958e+06
3.49959e+06
3.49959e+06
3.4996e+06
3.4996e+06
3.49961e+06
3.49962e+06
3.49962e+06
3.50177e+06
3.50204e+06
3.50104e+06
3.50038e+06
3.49994e+06
3.49959e+06
3.49972e+06
3.49968e+06
3.4994e+06
3.49952e+06
3.49972e+06
3.49966e+06
3.49966e+06
3.49962e+06
3.49958e+06
3.49956e+06
3.49954e+06
3.49953e+06
3.49952e+06
3.49952e+06
3.49952e+06
3.49952e+06
3.49952e+06
3.49952e+06
3.49953e+06
3.49953e+06
3.49953e+06
3.49954e+06
3.49954e+06
3.49955e+06
3.49955e+06
3.49956e+06
3.49956e+06
3.49957e+06
3.49958e+06
3.49958e+06
3.49959e+06
3.4996e+06
3.4996e+06
3.49961e+06
3.49962e+06
3.50169e+06
3.50193e+06
3.50098e+06
3.50035e+06
3.49992e+06
3.49959e+06
3.49973e+06
3.49968e+06
3.49941e+06
3.49952e+06
3.49972e+06
3.49965e+06
3.49965e+06
3.4996e+06
3.49956e+06
3.49953e+06
3.49952e+06
3.49951e+06
3.4995e+06
3.4995e+06
3.4995e+06
3.4995e+06
3.4995e+06
3.49951e+06
3.49951e+06
3.49951e+06
3.49952e+06
3.49952e+06
3.49953e+06
3.49954e+06
3.49954e+06
3.49955e+06
3.49955e+06
3.49956e+06
3.49957e+06
3.49957e+06
3.49958e+06
3.49959e+06
3.49959e+06
3.4996e+06
3.49961e+06
3.50143e+06
3.50174e+06
3.50088e+06
3.50027e+06
3.49984e+06
3.49954e+06
3.49971e+06
3.49968e+06
3.49941e+06
3.49951e+06
3.49971e+06
3.49964e+06
3.49963e+06
3.49958e+06
3.49953e+06
3.49951e+06
3.49949e+06
3.49948e+06
3.49948e+06
3.49948e+06
3.49948e+06
3.49948e+06
3.49948e+06
3.49949e+06
3.49949e+06
3.4995e+06
3.4995e+06
3.49951e+06
3.49951e+06
3.49952e+06
3.49953e+06
3.49953e+06
3.49954e+06
3.49955e+06
3.49955e+06
3.49956e+06
3.49957e+06
3.49958e+06
3.49958e+06
3.49959e+06
3.4996e+06
3.50137e+06
3.50158e+06
3.50073e+06
3.50017e+06
3.49979e+06
3.49955e+06
3.49972e+06
3.49968e+06
3.4994e+06
3.4995e+06
3.49969e+06
3.49962e+06
3.4996e+06
3.49955e+06
3.4995e+06
3.49948e+06
3.49946e+06
3.49945e+06
3.49945e+06
3.49945e+06
3.49945e+06
3.49946e+06
3.49946e+06
3.49947e+06
3.49947e+06
3.49948e+06
3.49949e+06
3.49949e+06
3.4995e+06
3.49951e+06
3.49951e+06
3.49952e+06
3.49953e+06
3.49954e+06
3.49954e+06
3.49955e+06
3.49956e+06
3.49957e+06
3.49958e+06
3.49958e+06
3.49959e+06
3.50097e+06
3.50116e+06
3.50047e+06
3.49994e+06
3.49961e+06
3.4994e+06
3.49958e+06
3.49956e+06
3.49932e+06
3.49945e+06
3.49964e+06
3.49957e+06
3.49955e+06
3.4995e+06
3.49946e+06
3.49944e+06
3.49943e+06
3.49942e+06
3.49942e+06
3.49942e+06
3.49943e+06
3.49943e+06
3.49944e+06
3.49945e+06
3.49945e+06
3.49946e+06
3.49947e+06
3.49948e+06
3.49948e+06
3.49949e+06
3.4995e+06
3.49951e+06
3.49951e+06
3.49952e+06
3.49953e+06
3.49954e+06
3.49955e+06
3.49956e+06
3.49957e+06
3.49958e+06
3.49958e+06
3.5009e+06
3.5008e+06
3.50027e+06
3.49997e+06
3.4996e+06
3.49931e+06
3.49947e+06
3.49948e+06
3.49923e+06
3.49938e+06
3.49958e+06
3.49952e+06
3.49949e+06
3.49944e+06
3.49942e+06
3.4994e+06
3.49939e+06
3.49939e+06
3.49939e+06
3.4994e+06
3.4994e+06
3.49941e+06
3.49942e+06
3.49943e+06
3.49943e+06
3.49944e+06
3.49945e+06
3.49946e+06
3.49947e+06
3.49947e+06
3.49948e+06
3.49949e+06
3.4995e+06
3.49951e+06
3.49952e+06
3.49953e+06
3.49954e+06
3.49955e+06
3.49956e+06
3.49957e+06
3.49958e+06
3.49995e+06
3.49979e+06
3.4995e+06
3.49934e+06
3.49954e+06
3.49932e+06
3.49945e+06
3.49953e+06
3.49923e+06
3.49934e+06
3.49949e+06
3.49943e+06
3.49941e+06
3.49938e+06
3.49937e+06
3.49936e+06
3.49936e+06
3.49936e+06
3.49937e+06
3.49937e+06
3.49938e+06
3.49939e+06
3.49939e+06
3.4994e+06
3.49941e+06
3.49942e+06
3.49943e+06
3.49944e+06
3.49945e+06
3.49946e+06
3.49947e+06
3.49948e+06
3.49949e+06
3.4995e+06
3.49951e+06
3.49952e+06
3.49953e+06
3.49954e+06
3.49955e+06
3.49956e+06
3.49957e+06
3.49935e+06
3.49936e+06
3.49938e+06
3.49934e+06
3.49934e+06
3.49932e+06
3.49932e+06
3.49932e+06
3.49932e+06
3.49933e+06
3.49934e+06
3.49934e+06
3.49935e+06
3.49936e+06
3.49937e+06
3.49938e+06
3.49939e+06
3.4994e+06
3.49941e+06
3.49942e+06
3.49943e+06
3.49944e+06
3.49945e+06
3.49946e+06
3.49947e+06
3.49948e+06
3.49949e+06
3.4995e+06
3.49951e+06
3.49953e+06
3.49954e+06
3.49955e+06
3.49956e+06
3.49975e+06
3.49976e+06
3.49976e+06
3.49976e+06
3.49977e+06
3.49977e+06
3.49977e+06
3.49977e+06
3.49978e+06
3.49978e+06
3.49978e+06
3.49978e+06
3.49979e+06
3.49979e+06
3.49979e+06
3.49979e+06
3.4998e+06
3.4998e+06
3.4998e+06
3.4998e+06
3.49974e+06
3.49974e+06
3.49975e+06
3.49975e+06
3.49975e+06
3.49976e+06
3.49976e+06
3.49976e+06
3.49977e+06
3.49977e+06
3.49977e+06
3.49977e+06
3.49978e+06
3.49978e+06
3.49978e+06
3.49978e+06
3.49979e+06
3.49979e+06
3.49979e+06
3.49979e+06
3.4998e+06
3.4998e+06
3.50048e+06
3.50074e+06
3.50055e+06
3.50032e+06
3.50011e+06
3.5001e+06
3.49997e+06
3.49992e+06
3.49991e+06
3.49983e+06
3.49975e+06
3.49974e+06
3.49973e+06
3.49973e+06
3.49973e+06
3.49973e+06
3.49974e+06
3.49974e+06
3.49974e+06
3.49975e+06
3.49975e+06
3.49975e+06
3.49976e+06
3.49976e+06
3.49976e+06
3.49977e+06
3.49977e+06
3.49977e+06
3.49977e+06
3.49978e+06
3.49978e+06
3.49978e+06
3.49978e+06
3.49979e+06
3.49979e+06
3.49979e+06
3.49979e+06
3.50015e+06
3.50023e+06
3.5002e+06
3.50011e+06
3.49996e+06
3.49995e+06
3.49991e+06
3.49989e+06
3.49983e+06
3.49978e+06
3.49976e+06
3.49975e+06
3.49974e+06
3.49973e+06
3.49973e+06
3.49972e+06
3.49973e+06
3.49973e+06
3.49973e+06
3.49973e+06
3.49974e+06
3.49974e+06
3.49975e+06
3.49975e+06
3.49975e+06
3.49975e+06
3.49976e+06
3.49976e+06
3.49976e+06
3.49977e+06
3.49977e+06
3.49977e+06
3.49977e+06
3.49978e+06
3.49978e+06
3.49978e+06
3.49978e+06
3.49979e+06
3.49979e+06
3.49998e+06
3.50006e+06
3.50005e+06
3.50002e+06
3.49992e+06
3.49988e+06
3.49983e+06
3.4998e+06
3.49977e+06
3.49975e+06
3.49974e+06
3.49973e+06
3.49973e+06
3.49972e+06
3.49972e+06
3.49972e+06
3.49972e+06
3.49972e+06
3.49973e+06
3.49973e+06
3.49973e+06
3.49974e+06
3.49974e+06
3.49974e+06
3.49975e+06
3.49975e+06
3.49975e+06
3.49976e+06
3.49976e+06
3.49976e+06
3.49976e+06
3.49977e+06
3.49977e+06
3.49977e+06
3.49977e+06
3.49978e+06
3.49978e+06
3.49978e+06
3.49978e+06
3.49979e+06
3.49994e+06
3.49995e+06
3.49993e+06
3.49993e+06
3.49984e+06
3.49981e+06
3.49977e+06
3.49975e+06
3.49973e+06
3.49972e+06
3.49972e+06
3.49971e+06
3.49972e+06
3.49971e+06
3.49971e+06
3.49971e+06
3.49971e+06
3.49972e+06
3.49972e+06
3.49972e+06
3.49973e+06
3.49973e+06
3.49973e+06
3.49974e+06
3.49974e+06
3.49974e+06
3.49975e+06
3.49975e+06
3.49975e+06
3.49976e+06
3.49976e+06
3.49976e+06
3.49976e+06
3.49977e+06
3.49977e+06
3.49977e+06
3.49977e+06
3.49978e+06
3.49978e+06
3.49978e+06
3.49981e+06
3.49984e+06
3.49981e+06
3.49982e+06
3.49979e+06
3.49978e+06
3.49976e+06
3.49973e+06
3.49971e+06
3.4997e+06
3.4997e+06
3.4997e+06
3.49971e+06
3.49971e+06
3.4997e+06
3.49971e+06
3.49971e+06
3.49971e+06
3.49972e+06
3.49972e+06
3.49972e+06
3.49973e+06
3.49973e+06
3.49973e+06
3.49974e+06
3.49974e+06
3.49974e+06
3.49975e+06
3.49975e+06
3.49975e+06
3.49975e+06
3.49976e+06
3.49976e+06
3.49976e+06
3.49976e+06
3.49977e+06
3.49977e+06
3.49977e+06
3.49977e+06
3.49978e+06
3.49978e+06
3.4998e+06
3.49979e+06
3.49975e+06
3.49977e+06
3.49976e+06
3.49975e+06
3.49975e+06
3.49972e+06
3.4997e+06
3.49969e+06
3.49969e+06
3.49969e+06
3.4997e+06
3.4997e+06
3.4997e+06
3.4997e+06
3.4997e+06
3.49971e+06
3.49971e+06
3.49971e+06
3.49972e+06
3.49972e+06
3.49972e+06
3.49973e+06
3.49973e+06
3.49973e+06
3.49974e+06
3.49974e+06
3.49974e+06
3.49975e+06
3.49975e+06
3.49975e+06
3.49975e+06
3.49976e+06
3.49976e+06
3.49976e+06
3.49976e+06
3.49977e+06
3.49977e+06
3.49977e+06
3.49977e+06
3.49966e+06
3.4997e+06
3.49971e+06
3.49974e+06
3.49973e+06
3.49974e+06
3.49973e+06
3.49971e+06
3.49971e+06
3.4997e+06
3.49969e+06
3.49969e+06
3.49969e+06
3.49969e+06
3.49969e+06
3.49969e+06
3.4997e+06
3.4997e+06
3.49971e+06
3.49971e+06
3.49971e+06
3.49972e+06
3.49972e+06
3.49972e+06
3.49973e+06
3.49973e+06
3.49973e+06
3.49974e+06
3.49974e+06
3.49974e+06
3.49974e+06
3.49975e+06
3.49975e+06
3.49975e+06
3.49975e+06
3.49976e+06
3.49976e+06
3.49976e+06
3.49976e+06
3.49977e+06
3.49977e+06
3.49965e+06
3.49967e+06
3.49968e+06
3.49971e+06
3.49971e+06
3.49972e+06
3.49972e+06
3.4997e+06
3.4997e+06
3.49969e+06
3.49968e+06
3.49968e+06
3.49969e+06
3.49969e+06
3.49969e+06
3.49969e+06
3.49969e+06
3.4997e+06
3.4997e+06
3.4997e+06
3.49971e+06
3.49971e+06
3.49971e+06
3.49972e+06
3.49972e+06
3.49972e+06
3.49973e+06
3.49973e+06
3.49973e+06
3.49974e+06
3.49974e+06
3.49974e+06
3.49974e+06
3.49975e+06
3.49975e+06
3.49975e+06
3.49975e+06
3.49976e+06
3.49976e+06
3.49976e+06
3.49976e+06
3.49961e+06
3.49962e+06
3.49965e+06
3.49968e+06
3.4997e+06
3.49971e+06
3.49971e+06
3.49969e+06
3.49969e+06
3.49968e+06
3.49967e+06
3.49967e+06
3.49968e+06
3.49968e+06
3.49968e+06
3.49969e+06
3.49969e+06
3.49969e+06
3.4997e+06
3.4997e+06
3.4997e+06
3.49971e+06
3.49971e+06
3.49971e+06
3.49972e+06
3.49972e+06
3.49972e+06
3.49973e+06
3.49973e+06
3.49973e+06
3.49973e+06
3.49974e+06
3.49974e+06
3.49974e+06
3.49974e+06
3.49975e+06
3.49975e+06
3.49975e+06
3.49975e+06
3.49976e+06
3.49976e+06
3.4996e+06
3.4996e+06
3.49963e+06
3.49966e+06
3.49968e+06
3.49969e+06
3.49969e+06
3.49968e+06
3.49968e+06
3.49968e+06
3.49967e+06
3.49967e+06
3.49968e+06
3.49968e+06
3.49968e+06
3.49968e+06
3.49969e+06
3.49969e+06
3.49969e+06
3.4997e+06
3.4997e+06
3.4997e+06
3.49971e+06
3.49971e+06
3.49971e+06
3.49971e+06
3.49972e+06
3.49972e+06
3.49972e+06
3.49973e+06
3.49973e+06
3.49973e+06
3.49974e+06
3.49974e+06
3.49974e+06
3.49974e+06
3.49974e+06
3.49975e+06
3.49975e+06
3.49975e+06
3.49975e+06
3.49954e+06
3.49956e+06
3.4996e+06
3.49965e+06
3.49967e+06
3.49968e+06
3.49969e+06
3.49967e+06
3.49967e+06
3.49967e+06
3.49967e+06
3.49967e+06
3.49967e+06
3.49967e+06
3.49968e+06
3.49968e+06
3.49968e+06
3.49969e+06
3.49969e+06
3.49969e+06
3.49969e+06
3.4997e+06
3.4997e+06
3.4997e+06
3.49971e+06
3.49971e+06
3.49971e+06
3.49972e+06
3.49972e+06
3.49972e+06
3.49972e+06
3.49973e+06
3.49973e+06
3.49973e+06
3.49973e+06
3.49974e+06
3.49974e+06
3.49974e+06
3.49974e+06
3.49975e+06
3.49975e+06
3.49953e+06
3.49955e+06
3.49959e+06
3.49964e+06
3.49965e+06
3.49966e+06
3.49967e+06
3.49966e+06
3.49966e+06
3.49966e+06
3.49966e+06
3.49966e+06
3.49967e+06
3.49967e+06
3.49967e+06
3.49967e+06
3.49968e+06
3.49968e+06
3.49969e+06
3.49969e+06
3.49969e+06
3.49969e+06
3.4997e+06
3.4997e+06
3.4997e+06
3.49971e+06
3.49971e+06
3.49971e+06
3.49971e+06
3.49972e+06
3.49972e+06
3.49972e+06
3.49972e+06
3.49973e+06
3.49973e+06
3.49973e+06
3.49973e+06
3.49974e+06
3.49974e+06
3.49974e+06
3.49974e+06
3.49959e+06
3.49958e+06
3.49956e+06
3.4996e+06
3.49965e+06
3.49965e+06
3.49966e+06
3.49965e+06
3.49965e+06
3.49965e+06
3.49966e+06
3.49966e+06
3.49966e+06
3.49966e+06
3.49967e+06
3.49967e+06
3.49968e+06
3.49968e+06
3.49968e+06
3.49968e+06
3.49969e+06
3.49969e+06
3.49969e+06
3.49969e+06
3.4997e+06
3.4997e+06
3.4997e+06
3.49971e+06
3.49971e+06
3.49971e+06
3.49971e+06
3.49972e+06
3.49972e+06
3.49972e+06
3.49972e+06
3.49973e+06
3.49973e+06
3.49973e+06
3.49973e+06
3.49974e+06
3.49974e+06
3.49966e+06
3.49975e+06
3.49966e+06
3.49964e+06
3.49964e+06
3.49963e+06
3.49965e+06
3.49964e+06
3.49965e+06
3.49964e+06
3.49965e+06
3.49965e+06
3.49966e+06
3.49966e+06
3.49966e+06
3.49967e+06
3.49967e+06
3.49968e+06
3.49968e+06
3.49968e+06
3.49968e+06
3.49969e+06
3.49969e+06
3.49969e+06
3.49969e+06
3.4997e+06
3.4997e+06
3.4997e+06
3.4997e+06
3.49971e+06
3.49971e+06
3.49971e+06
3.49971e+06
3.49972e+06
3.49972e+06
3.49972e+06
3.49972e+06
3.49973e+06
3.49973e+06
3.49973e+06
3.49973e+06
3.49958e+06
3.49931e+06
3.49979e+06
3.49964e+06
3.49963e+06
3.49962e+06
3.49963e+06
3.49963e+06
3.49964e+06
3.49964e+06
3.49965e+06
3.49965e+06
3.49965e+06
3.49966e+06
3.49966e+06
3.49966e+06
3.49967e+06
3.49967e+06
3.49968e+06
3.49968e+06
3.49968e+06
3.49968e+06
3.49968e+06
3.49969e+06
3.49969e+06
3.49969e+06
3.49969e+06
3.4997e+06
3.4997e+06
3.4997e+06
3.4997e+06
3.49971e+06
3.49971e+06
3.49971e+06
3.49971e+06
3.49972e+06
3.49972e+06
3.49972e+06
3.49972e+06
3.49973e+06
3.49973e+06
3.49979e+06
3.49952e+06
3.49981e+06
3.49958e+06
3.49964e+06
3.49964e+06
3.49966e+06
3.49964e+06
3.49964e+06
3.49964e+06
3.49964e+06
3.49964e+06
3.49965e+06
3.49965e+06
3.49966e+06
3.49966e+06
3.49966e+06
3.49967e+06
3.49967e+06
3.49967e+06
3.49967e+06
3.49968e+06
3.49968e+06
3.49968e+06
3.49968e+06
3.49969e+06
3.49969e+06
3.49969e+06
3.49969e+06
3.4997e+06
3.4997e+06
3.4997e+06
3.4997e+06
3.49971e+06
3.49971e+06
3.49971e+06
3.49971e+06
3.49972e+06
3.49972e+06
3.49972e+06
3.49972e+06
3.49954e+06
3.49944e+06
3.49903e+06
3.49873e+06
3.49951e+06
3.49949e+06
3.49968e+06
3.49962e+06
3.49965e+06
3.49964e+06
3.49964e+06
3.49964e+06
3.49965e+06
3.49965e+06
3.49965e+06
3.49966e+06
3.49966e+06
3.49966e+06
3.49967e+06
3.49967e+06
3.49967e+06
3.49967e+06
3.49967e+06
3.49968e+06
3.49968e+06
3.49968e+06
3.49968e+06
3.49969e+06
3.49969e+06
3.49969e+06
3.49969e+06
3.4997e+06
3.4997e+06
3.4997e+06
3.4997e+06
3.4997e+06
3.49971e+06
3.49971e+06
3.49971e+06
3.49972e+06
3.49972e+06
3.49969e+06
3.49953e+06
3.499e+06
3.49867e+06
3.49954e+06
3.49952e+06
3.49972e+06
3.49964e+06
3.49966e+06
3.49963e+06
3.49964e+06
3.49964e+06
3.49964e+06
3.49965e+06
3.49965e+06
3.49965e+06
3.49966e+06
3.49966e+06
3.49966e+06
3.49966e+06
3.49967e+06
3.49967e+06
3.49967e+06
3.49967e+06
3.49967e+06
3.49968e+06
3.49968e+06
3.49968e+06
3.49968e+06
3.49968e+06
3.49969e+06
3.49969e+06
3.49969e+06
3.49969e+06
3.4997e+06
3.4997e+06
3.4997e+06
3.4997e+06
3.49971e+06
3.49971e+06
3.49971e+06
3.49965e+06
3.49957e+06
3.49906e+06
3.49867e+06
3.49951e+06
3.49948e+06
3.4997e+06
3.49963e+06
3.49965e+06
3.49963e+06
3.49963e+06
3.49963e+06
3.49964e+06
3.49964e+06
3.49964e+06
3.49965e+06
3.49965e+06
3.49966e+06
3.49966e+06
3.49966e+06
3.49966e+06
3.49966e+06
3.49966e+06
3.49967e+06
3.49967e+06
3.49967e+06
3.49967e+06
3.49967e+06
3.49968e+06
3.49968e+06
3.49968e+06
3.49968e+06
3.49969e+06
3.49969e+06
3.49969e+06
3.49969e+06
3.4997e+06
3.4997e+06
3.4997e+06
3.4997e+06
3.49971e+06
3.49967e+06
3.49965e+06
3.49918e+06
3.49879e+06
3.49958e+06
3.49952e+06
3.49972e+06
3.49964e+06
3.49966e+06
3.49963e+06
3.49963e+06
3.49963e+06
3.49963e+06
3.49964e+06
3.49964e+06
3.49964e+06
3.49965e+06
3.49965e+06
3.49965e+06
3.49965e+06
3.49966e+06
3.49966e+06
3.49966e+06
3.49966e+06
3.49966e+06
3.49966e+06
3.49967e+06
3.49967e+06
3.49967e+06
3.49967e+06
3.49967e+06
3.49968e+06
3.49968e+06
3.49968e+06
3.49968e+06
3.49969e+06
3.49969e+06
3.49969e+06
3.49969e+06
3.4997e+06
3.4997e+06
3.49995e+06
3.49976e+06
3.49919e+06
3.49879e+06
3.49963e+06
3.49954e+06
3.49972e+06
3.49961e+06
3.49966e+06
3.49963e+06
3.49963e+06
3.49962e+06
3.49963e+06
3.49963e+06
3.49963e+06
3.49964e+06
3.49964e+06
3.49964e+06
3.49965e+06
3.49965e+06
3.49965e+06
3.49965e+06
3.49965e+06
3.49965e+06
3.49966e+06
3.49966e+06
3.49966e+06
3.49966e+06
3.49966e+06
3.49967e+06
3.49967e+06
3.49967e+06
3.49967e+06
3.49967e+06
3.49968e+06
3.49968e+06
3.49968e+06
3.49969e+06
3.49969e+06
3.49969e+06
3.4997e+06
3.5e+06
3.50004e+06
3.49948e+06
3.49901e+06
3.49971e+06
3.49957e+06
3.49982e+06
3.49968e+06
3.49971e+06
3.49964e+06
3.49962e+06
3.49961e+06
3.49962e+06
3.49962e+06
3.49963e+06
3.49963e+06
3.49964e+06
3.49964e+06
3.49964e+06
3.49964e+06
3.49964e+06
3.49964e+06
3.49965e+06
3.49965e+06
3.49965e+06
3.49965e+06
3.49965e+06
3.49965e+06
3.49966e+06
3.49966e+06
3.49966e+06
3.49966e+06
3.49967e+06
3.49967e+06
3.49967e+06
3.49967e+06
3.49968e+06
3.49968e+06
3.49968e+06
3.49969e+06
3.49969e+06
3.5006e+06
3.5007e+06
3.49982e+06
3.49927e+06
3.4995e+06
3.49941e+06
3.49954e+06
3.49955e+06
3.49969e+06
3.49962e+06
3.49962e+06
3.49961e+06
3.49962e+06
3.49962e+06
3.49963e+06
3.49963e+06
3.49963e+06
3.49963e+06
3.49963e+06
3.49964e+06
3.49964e+06
3.49964e+06
3.49964e+06
3.49964e+06
3.49964e+06
3.49964e+06
3.49965e+06
3.49965e+06
3.49965e+06
3.49965e+06
3.49965e+06
3.49966e+06
3.49966e+06
3.49966e+06
3.49966e+06
3.49967e+06
3.49967e+06
3.49967e+06
3.49968e+06
3.49968e+06
3.49968e+06
3.5007e+06
3.50107e+06
3.50023e+06
3.49963e+06
3.49971e+06
3.49956e+06
3.49954e+06
3.49946e+06
3.49968e+06
3.49964e+06
3.49965e+06
3.49963e+06
3.49963e+06
3.49963e+06
3.49962e+06
3.49963e+06
3.49963e+06
3.49963e+06
3.49963e+06
3.49963e+06
3.49963e+06
3.49963e+06
3.49963e+06
3.49963e+06
3.49963e+06
3.49964e+06
3.49964e+06
3.49964e+06
3.49964e+06
3.49964e+06
3.49965e+06
3.49965e+06
3.49965e+06
3.49965e+06
3.49966e+06
3.49966e+06
3.49966e+06
3.49967e+06
3.49967e+06
3.49967e+06
3.49968e+06
3.50123e+06
3.50136e+06
3.50041e+06
3.49982e+06
3.49962e+06
3.4993e+06
3.49973e+06
3.49975e+06
3.49939e+06
3.49949e+06
3.49966e+06
3.49964e+06
3.49964e+06
3.49963e+06
3.49962e+06
3.49962e+06
3.49962e+06
3.49962e+06
3.49962e+06
3.49962e+06
3.49962e+06
3.49962e+06
3.49962e+06
3.49962e+06
3.49963e+06
3.49963e+06
3.49963e+06
3.49963e+06
3.49963e+06
3.49963e+06
3.49964e+06
3.49964e+06
3.49964e+06
3.49965e+06
3.49965e+06
3.49965e+06
3.49966e+06
3.49966e+06
3.49966e+06
3.49967e+06
3.49967e+06
3.50127e+06
3.5015e+06
3.50061e+06
3.50006e+06
3.49983e+06
3.49948e+06
3.49971e+06
3.49966e+06
3.49937e+06
3.4995e+06
3.49969e+06
3.49964e+06
3.49966e+06
3.49964e+06
3.49963e+06
3.49962e+06
3.49962e+06
3.49962e+06
3.49961e+06
3.49961e+06
3.49961e+06
3.49961e+06
3.49961e+06
3.49962e+06
3.49962e+06
3.49962e+06
3.49962e+06
3.49962e+06
3.49962e+06
3.49963e+06
3.49963e+06
3.49963e+06
3.49963e+06
3.49964e+06
3.49964e+06
3.49964e+06
3.49965e+06
3.49965e+06
3.49966e+06
3.49966e+06
3.49966e+06
3.50154e+06
3.50169e+06
3.50072e+06
3.50012e+06
3.49978e+06
3.49947e+06
3.49966e+06
3.49961e+06
3.49934e+06
3.49948e+06
3.49969e+06
3.49965e+06
3.49967e+06
3.49965e+06
3.49963e+06
3.49962e+06
3.49961e+06
3.49961e+06
3.49961e+06
3.4996e+06
3.4996e+06
3.4996e+06
3.4996e+06
3.49961e+06
3.49961e+06
3.49961e+06
3.49961e+06
3.49961e+06
3.49961e+06
3.49962e+06
3.49962e+06
3.49962e+06
3.49963e+06
3.49963e+06
3.49963e+06
3.49964e+06
3.49964e+06
3.49964e+06
3.49965e+06
3.49965e+06
3.49966e+06
3.50152e+06
3.50168e+06
3.50076e+06
3.50017e+06
3.49982e+06
3.49952e+06
3.49972e+06
3.49967e+06
3.49938e+06
3.4995e+06
3.49971e+06
3.49966e+06
3.49967e+06
3.49965e+06
3.49962e+06
3.49961e+06
3.49961e+06
3.4996e+06
3.4996e+06
3.49959e+06
3.49959e+06
3.49959e+06
3.49959e+06
3.49959e+06
3.4996e+06
3.4996e+06
3.4996e+06
3.4996e+06
3.4996e+06
3.49961e+06
3.49961e+06
3.49961e+06
3.49962e+06
3.49962e+06
3.49962e+06
3.49963e+06
3.49963e+06
3.49964e+06
3.49964e+06
3.49965e+06
3.49965e+06
3.50154e+06
3.50171e+06
3.50082e+06
3.50023e+06
3.49985e+06
3.49954e+06
3.4997e+06
3.49966e+06
3.49939e+06
3.49951e+06
3.49972e+06
3.49967e+06
3.49968e+06
3.49965e+06
3.49962e+06
3.49961e+06
3.4996e+06
3.49959e+06
3.49959e+06
3.49958e+06
3.49958e+06
3.49958e+06
3.49958e+06
3.49958e+06
3.49958e+06
3.49959e+06
3.49959e+06
3.49959e+06
3.49959e+06
3.4996e+06
3.4996e+06
3.4996e+06
3.49961e+06
3.49961e+06
3.49962e+06
3.49962e+06
3.49962e+06
3.49963e+06
3.49963e+06
3.49964e+06
3.49964e+06
3.5015e+06
3.50167e+06
3.50083e+06
3.50026e+06
3.49988e+06
3.49956e+06
3.49971e+06
3.49967e+06
3.4994e+06
3.49951e+06
3.49972e+06
3.49967e+06
3.49967e+06
3.49964e+06
3.49962e+06
3.4996e+06
3.49959e+06
3.49958e+06
3.49957e+06
3.49957e+06
3.49957e+06
3.49957e+06
3.49957e+06
3.49957e+06
3.49957e+06
3.49957e+06
3.49958e+06
3.49958e+06
3.49958e+06
3.49959e+06
3.49959e+06
3.49959e+06
3.4996e+06
3.4996e+06
3.49961e+06
3.49961e+06
3.49962e+06
3.49962e+06
3.49963e+06
3.49963e+06
3.49964e+06
3.50179e+06
3.50202e+06
3.50095e+06
3.50031e+06
3.49988e+06
3.49956e+06
3.49972e+06
3.49967e+06
3.49939e+06
3.49951e+06
3.49972e+06
3.49967e+06
3.49967e+06
3.49964e+06
3.49961e+06
3.49959e+06
3.49958e+06
3.49957e+06
3.49956e+06
3.49956e+06
3.49955e+06
3.49955e+06
3.49955e+06
3.49956e+06
3.49956e+06
3.49956e+06
3.49956e+06
3.49957e+06
3.49957e+06
3.49957e+06
3.49958e+06
3.49958e+06
3.49959e+06
3.49959e+06
3.4996e+06
3.4996e+06
3.49961e+06
3.49961e+06
3.49962e+06
3.49962e+06
3.49963e+06
3.50173e+06
3.50197e+06
3.50096e+06
3.50035e+06
3.49991e+06
3.49958e+06
3.49973e+06
3.49968e+06
3.4994e+06
3.49951e+06
3.49972e+06
3.49967e+06
3.49967e+06
3.49963e+06
3.4996e+06
3.49958e+06
3.49956e+06
3.49955e+06
3.49954e+06
3.49954e+06
3.49954e+06
3.49954e+06
3.49954e+06
3.49954e+06
3.49954e+06
3.49955e+06
3.49955e+06
3.49955e+06
3.49956e+06
3.49956e+06
3.49957e+06
3.49957e+06
3.49958e+06
3.49958e+06
3.49959e+06
3.49959e+06
3.4996e+06
3.4996e+06
3.49961e+06
3.49962e+06
3.49962e+06
3.50177e+06
3.50204e+06
3.50104e+06
3.50038e+06
3.49994e+06
3.49959e+06
3.49972e+06
3.49968e+06
3.49941e+06
3.49952e+06
3.49972e+06
3.49966e+06
3.49966e+06
3.49962e+06
3.49958e+06
3.49956e+06
3.49954e+06
3.49953e+06
3.49952e+06
3.49952e+06
3.49952e+06
3.49952e+06
3.49952e+06
3.49952e+06
3.49953e+06
3.49953e+06
3.49953e+06
3.49954e+06
3.49954e+06
3.49955e+06
3.49955e+06
3.49956e+06
3.49956e+06
3.49957e+06
3.49958e+06
3.49958e+06
3.49959e+06
3.4996e+06
3.4996e+06
3.49961e+06
3.49962e+06
3.50169e+06
3.50193e+06
3.50098e+06
3.50035e+06
3.49992e+06
3.49959e+06
3.49973e+06
3.49968e+06
3.49941e+06
3.49952e+06
3.49972e+06
3.49965e+06
3.49965e+06
3.4996e+06
3.49956e+06
3.49953e+06
3.49952e+06
3.49951e+06
3.4995e+06
3.4995e+06
3.4995e+06
3.4995e+06
3.4995e+06
3.49951e+06
3.49951e+06
3.49951e+06
3.49952e+06
3.49952e+06
3.49953e+06
3.49954e+06
3.49954e+06
3.49955e+06
3.49955e+06
3.49956e+06
3.49957e+06
3.49957e+06
3.49958e+06
3.49959e+06
3.49959e+06
3.4996e+06
3.49961e+06
3.50143e+06
3.50174e+06
3.50088e+06
3.50027e+06
3.49984e+06
3.49954e+06
3.49971e+06
3.49968e+06
3.49941e+06
3.49951e+06
3.49971e+06
3.49964e+06
3.49963e+06
3.49958e+06
3.49953e+06
3.49951e+06
3.49949e+06
3.49948e+06
3.49948e+06
3.49948e+06
3.49948e+06
3.49948e+06
3.49948e+06
3.49949e+06
3.49949e+06
3.4995e+06
3.4995e+06
3.49951e+06
3.49951e+06
3.49952e+06
3.49953e+06
3.49953e+06
3.49954e+06
3.49955e+06
3.49955e+06
3.49956e+06
3.49957e+06
3.49958e+06
3.49958e+06
3.49959e+06
3.4996e+06
3.50137e+06
3.50158e+06
3.50073e+06
3.50017e+06
3.49979e+06
3.49955e+06
3.49972e+06
3.49968e+06
3.4994e+06
3.4995e+06
3.49969e+06
3.49962e+06
3.4996e+06
3.49955e+06
3.4995e+06
3.49948e+06
3.49946e+06
3.49945e+06
3.49945e+06
3.49945e+06
3.49945e+06
3.49946e+06
3.49946e+06
3.49947e+06
3.49947e+06
3.49948e+06
3.49949e+06
3.49949e+06
3.4995e+06
3.49951e+06
3.49951e+06
3.49952e+06
3.49953e+06
3.49954e+06
3.49954e+06
3.49955e+06
3.49956e+06
3.49957e+06
3.49958e+06
3.49958e+06
3.49959e+06
3.50097e+06
3.50116e+06
3.50047e+06
3.49994e+06
3.49961e+06
3.4994e+06
3.49958e+06
3.49956e+06
3.49932e+06
3.49945e+06
3.49964e+06
3.49957e+06
3.49955e+06
3.4995e+06
3.49946e+06
3.49944e+06
3.49943e+06
3.49942e+06
3.49942e+06
3.49942e+06
3.49943e+06
3.49943e+06
3.49944e+06
3.49945e+06
3.49945e+06
3.49946e+06
3.49947e+06
3.49948e+06
3.49948e+06
3.49949e+06
3.4995e+06
3.49951e+06
3.49951e+06
3.49952e+06
3.49953e+06
3.49954e+06
3.49955e+06
3.49956e+06
3.49957e+06
3.49958e+06
3.49958e+06
3.5009e+06
3.5008e+06
3.50027e+06
3.49997e+06
3.4996e+06
3.49931e+06
3.49947e+06
3.49948e+06
3.49923e+06
3.49938e+06
3.49958e+06
3.49952e+06
3.49949e+06
3.49944e+06
3.49942e+06
3.4994e+06
3.49939e+06
3.49939e+06
3.49939e+06
3.4994e+06
3.4994e+06
3.49941e+06
3.49942e+06
3.49943e+06
3.49943e+06
3.49944e+06
3.49945e+06
3.49946e+06
3.49947e+06
3.49947e+06
3.49948e+06
3.49949e+06
3.4995e+06
3.49951e+06
3.49952e+06
3.49953e+06
3.49954e+06
3.49955e+06
3.49956e+06
3.49957e+06
3.49958e+06
3.49995e+06
3.49979e+06
3.4995e+06
3.49934e+06
3.49954e+06
3.49932e+06
3.49945e+06
3.49953e+06
3.49923e+06
3.49934e+06
3.49949e+06
3.49943e+06
3.49941e+06
3.49938e+06
3.49937e+06
3.49936e+06
3.49936e+06
3.49936e+06
3.49937e+06
3.49937e+06
3.49938e+06
3.49939e+06
3.49939e+06
3.4994e+06
3.49941e+06
3.49942e+06
3.49943e+06
3.49944e+06
3.49945e+06
3.49946e+06
3.49947e+06
3.49948e+06
3.49949e+06
3.4995e+06
3.49951e+06
3.49952e+06
3.49953e+06
3.49954e+06
3.49955e+06
3.49956e+06
3.49957e+06
3.49935e+06
3.49936e+06
3.49938e+06
3.49934e+06
3.49934e+06
3.49932e+06
3.49932e+06
3.49932e+06
3.49932e+06
3.49933e+06
3.49934e+06
3.49934e+06
3.49935e+06
3.49936e+06
3.49937e+06
3.49938e+06
3.49939e+06
3.4994e+06
3.49941e+06
3.49942e+06
3.49943e+06
3.49944e+06
3.49945e+06
3.49946e+06
3.49947e+06
3.49948e+06
3.49949e+06
3.4995e+06
3.49951e+06
3.49953e+06
3.49954e+06
3.49955e+06
3.49956e+06
)
;

boundaryField
{
    inlet
    {
        type            fixedValue;
        value           nonuniform List<scalar> 0();
    }
    outlet
    {
        type            fixedValue;
        value           nonuniform List<scalar> 0();
    }
    walls
    {
        type            fixedFluxPressure;
        gradient        nonuniform List<scalar> 0();
        value           nonuniform List<scalar> 0();
    }
    side1
    {
        type            cyclic;
    }
    side2
    {
        type            cyclic;
    }
    procBoundary4to0
    {
        type            processor;
        value           nonuniform List<scalar> 
52
(
3.49927e+06
3.49928e+06
3.49929e+06
3.4993e+06
3.49931e+06
3.49932e+06
3.49933e+06
3.49934e+06
3.49936e+06
3.49937e+06
3.49938e+06
3.49939e+06
3.4994e+06
3.49941e+06
3.49942e+06
3.49943e+06
3.49944e+06
3.49946e+06
3.49947e+06
3.49948e+06
3.49949e+06
3.4995e+06
3.49951e+06
3.49953e+06
3.49954e+06
3.49955e+06
3.49927e+06
3.49928e+06
3.49929e+06
3.4993e+06
3.49931e+06
3.49932e+06
3.49933e+06
3.49934e+06
3.49936e+06
3.49937e+06
3.49938e+06
3.49939e+06
3.4994e+06
3.49941e+06
3.49942e+06
3.49943e+06
3.49944e+06
3.49946e+06
3.49947e+06
3.49948e+06
3.49949e+06
3.4995e+06
3.49951e+06
3.49953e+06
3.49954e+06
3.49955e+06
)
;
    }
    procBoundary4to1
    {
        type            processor;
        value           nonuniform List<scalar> 
32
(
3.4987e+06
3.49919e+06
3.49921e+06
3.49919e+06
3.49909e+06
3.49925e+06
3.49919e+06
3.49914e+06
3.49914e+06
3.49928e+06
3.49923e+06
3.49923e+06
3.49926e+06
3.49925e+06
3.49925e+06
3.49925e+06
3.4987e+06
3.49919e+06
3.49921e+06
3.49919e+06
3.49909e+06
3.49925e+06
3.49919e+06
3.49915e+06
3.49915e+06
3.49928e+06
3.49923e+06
3.49923e+06
3.49926e+06
3.49925e+06
3.49925e+06
3.49925e+06
)
;
    }
    procBoundary4to3
    {
        type            processor;
        value           nonuniform List<scalar> 
88
(
3.4998e+06
3.4998e+06
3.4998e+06
3.49979e+06
3.49979e+06
3.49979e+06
3.49978e+06
3.49978e+06
3.49978e+06
3.49978e+06
3.49977e+06
3.49977e+06
3.49976e+06
3.49976e+06
3.49975e+06
3.49975e+06
3.49974e+06
3.49974e+06
3.49973e+06
3.49973e+06
3.49972e+06
3.49972e+06
3.49971e+06
3.4997e+06
3.4997e+06
3.49969e+06
3.49969e+06
3.49968e+06
3.49968e+06
3.49967e+06
3.49966e+06
3.49966e+06
3.49965e+06
3.49964e+06
3.49964e+06
3.49963e+06
3.49962e+06
3.49962e+06
3.49961e+06
3.4996e+06
3.49959e+06
3.49959e+06
3.49958e+06
3.49957e+06
3.4998e+06
3.4998e+06
3.4998e+06
3.49979e+06
3.49979e+06
3.49979e+06
3.49978e+06
3.49978e+06
3.49978e+06
3.49978e+06
3.49977e+06
3.49977e+06
3.49976e+06
3.49976e+06
3.49975e+06
3.49975e+06
3.49974e+06
3.49974e+06
3.49973e+06
3.49973e+06
3.49972e+06
3.49972e+06
3.49971e+06
3.4997e+06
3.4997e+06
3.49969e+06
3.49969e+06
3.49968e+06
3.49968e+06
3.49967e+06
3.49966e+06
3.49966e+06
3.49965e+06
3.49964e+06
3.49964e+06
3.49963e+06
3.49962e+06
3.49962e+06
3.49961e+06
3.4996e+06
3.49959e+06
3.49959e+06
3.49958e+06
3.49957e+06
)
;
    }
    procBoundary4to5
    {
        type            processor;
        value           nonuniform List<scalar> 
86
(
3.49976e+06
3.49976e+06
3.49977e+06
3.49977e+06
3.49977e+06
3.49977e+06
3.49978e+06
3.49978e+06
3.49978e+06
3.49978e+06
3.49979e+06
3.49979e+06
3.49979e+06
3.49979e+06
3.4998e+06
3.4998e+06
3.4998e+06
3.4998e+06
3.49981e+06
3.49981e+06
3.49975e+06
3.49975e+06
3.49975e+06
3.50088e+06
3.50076e+06
3.50051e+06
3.50004e+06
3.49964e+06
3.49963e+06
3.49964e+06
3.49951e+06
3.4997e+06
3.49981e+06
3.49977e+06
3.49975e+06
3.49974e+06
3.49974e+06
3.49974e+06
3.49974e+06
3.4998e+06
3.4998e+06
3.49978e+06
3.49978e+06
3.49976e+06
3.49976e+06
3.49977e+06
3.49977e+06
3.49977e+06
3.49977e+06
3.49978e+06
3.49978e+06
3.49978e+06
3.49978e+06
3.49979e+06
3.49979e+06
3.49979e+06
3.49979e+06
3.4998e+06
3.4998e+06
3.4998e+06
3.4998e+06
3.49981e+06
3.49981e+06
3.49975e+06
3.49975e+06
3.49975e+06
3.50088e+06
3.50076e+06
3.50051e+06
3.50004e+06
3.49964e+06
3.49963e+06
3.49964e+06
3.49951e+06
3.4997e+06
3.49981e+06
3.49977e+06
3.49975e+06
3.49974e+06
3.49974e+06
3.49974e+06
3.49974e+06
3.4998e+06
3.4998e+06
3.49978e+06
3.49978e+06
)
;
    }
}


// ************************************************************************* //
