/*--------------------------------*- C++ -*----------------------------------*\
| =========                 |                                                 |
| \\      /  F ield         | OpenFOAM: The Open Source CFD Toolbox           |
|  \\    /   O peration     | Version:  v2012                                 |
|   \\  /    A nd           | Website:  www.openfoam.com                      |
|    \\/     M anipulation  |                                                 |
\*---------------------------------------------------------------------------*/
FoamFile
{
    version     2.0;
    format      ascii;
    class       volScalarField;
    location    "0.75";
    object      p_rgh;
}
// * * * * * * * * * * * * * * * * * * * * * * * * * * * * * * * * * * * * * //

dimensions      [1 -1 -2 0 0 0 0];


internalField   nonuniform List<scalar> 
3320
(
4.49521e+06
4.4973e+06
4.49865e+06
4.49952e+06
4.50008e+06
4.50042e+06
4.50062e+06
4.50073e+06
4.50077e+06
4.50077e+06
4.50074e+06
4.50069e+06
4.50064e+06
4.50058e+06
4.50051e+06
4.50046e+06
4.5004e+06
4.50035e+06
4.5003e+06
4.50026e+06
4.50022e+06
4.50019e+06
4.50016e+06
4.50014e+06
4.50012e+06
4.5001e+06
4.50009e+06
4.50008e+06
4.50007e+06
4.50006e+06
4.50006e+06
4.50006e+06
4.50006e+06
4.50006e+06
4.50006e+06
4.50007e+06
4.50007e+06
4.50008e+06
4.50008e+06
4.50008e+06
4.50009e+06
4.50009e+06
4.50009e+06
4.49553e+06
4.49747e+06
4.49873e+06
4.49955e+06
4.50008e+06
4.50041e+06
4.50061e+06
4.50071e+06
4.50075e+06
4.50075e+06
4.50072e+06
4.50068e+06
4.50062e+06
4.50057e+06
4.50051e+06
4.50045e+06
4.50039e+06
4.50034e+06
4.5003e+06
4.50026e+06
4.50022e+06
4.50019e+06
4.50016e+06
4.50014e+06
4.50012e+06
4.5001e+06
4.50009e+06
4.50008e+06
4.50007e+06
4.50006e+06
4.50006e+06
4.50006e+06
4.50006e+06
4.50006e+06
4.50006e+06
4.50007e+06
4.50007e+06
4.50008e+06
4.50008e+06
4.50008e+06
4.50009e+06
4.50009e+06
4.50009e+06
4.49584e+06
4.4976e+06
4.49878e+06
4.49956e+06
4.50007e+06
4.50039e+06
4.50058e+06
4.50068e+06
4.50072e+06
4.50073e+06
4.5007e+06
4.50066e+06
4.50061e+06
4.50055e+06
4.5005e+06
4.50044e+06
4.50039e+06
4.50034e+06
4.50029e+06
4.50025e+06
4.50022e+06
4.50019e+06
4.50016e+06
4.50014e+06
4.50012e+06
4.5001e+06
4.50009e+06
4.50008e+06
4.50007e+06
4.50006e+06
4.50006e+06
4.50006e+06
4.50006e+06
4.50006e+06
4.50007e+06
4.50007e+06
4.50007e+06
4.50008e+06
4.50008e+06
4.50008e+06
4.50009e+06
4.50009e+06
4.50009e+06
4.49627e+06
4.49781e+06
4.49886e+06
4.49958e+06
4.50005e+06
4.50036e+06
4.50054e+06
4.50065e+06
4.50069e+06
4.50069e+06
4.50067e+06
4.50063e+06
4.50059e+06
4.50053e+06
4.50048e+06
4.50043e+06
4.50038e+06
4.50033e+06
4.50029e+06
4.50025e+06
4.50021e+06
4.50018e+06
4.50016e+06
4.50013e+06
4.50012e+06
4.5001e+06
4.50009e+06
4.50008e+06
4.50007e+06
4.50006e+06
4.50006e+06
4.50006e+06
4.50006e+06
4.50006e+06
4.50007e+06
4.50007e+06
4.50007e+06
4.50008e+06
4.50008e+06
4.50009e+06
4.50009e+06
4.50009e+06
4.50009e+06
4.49668e+06
4.49801e+06
4.49894e+06
4.49959e+06
4.50003e+06
4.50032e+06
4.5005e+06
4.5006e+06
4.50065e+06
4.50065e+06
4.50064e+06
4.5006e+06
4.50056e+06
4.50051e+06
4.50046e+06
4.50041e+06
4.50036e+06
4.50032e+06
4.50028e+06
4.50024e+06
4.50021e+06
4.50018e+06
4.50015e+06
4.50013e+06
4.50011e+06
4.5001e+06
4.50009e+06
4.50008e+06
4.50007e+06
4.50006e+06
4.50006e+06
4.50006e+06
4.50006e+06
4.50006e+06
4.50007e+06
4.50007e+06
4.50008e+06
4.50008e+06
4.50008e+06
4.50009e+06
4.50009e+06
4.50009e+06
4.50009e+06
4.49709e+06
4.49822e+06
4.49903e+06
4.49961e+06
4.50001e+06
4.50028e+06
4.50045e+06
4.50055e+06
4.5006e+06
4.50061e+06
4.50059e+06
4.50057e+06
4.50053e+06
4.50048e+06
4.50044e+06
4.50039e+06
4.50034e+06
4.5003e+06
4.50026e+06
4.50023e+06
4.5002e+06
4.50017e+06
4.50015e+06
4.50013e+06
4.50011e+06
4.50009e+06
4.50008e+06
4.50007e+06
4.50007e+06
4.50006e+06
4.50006e+06
4.50006e+06
4.50006e+06
4.50006e+06
4.50007e+06
4.50007e+06
4.50008e+06
4.50008e+06
4.50008e+06
4.50009e+06
4.50009e+06
4.50009e+06
4.50009e+06
4.49747e+06
4.49841e+06
4.49912e+06
4.49963e+06
4.49999e+06
4.50024e+06
4.5004e+06
4.50049e+06
4.50054e+06
4.50056e+06
4.50055e+06
4.50053e+06
4.50049e+06
4.50045e+06
4.50041e+06
4.50037e+06
4.50032e+06
4.50029e+06
4.50025e+06
4.50022e+06
4.50019e+06
4.50016e+06
4.50014e+06
4.50012e+06
4.5001e+06
4.50009e+06
4.50008e+06
4.50007e+06
4.50006e+06
4.50006e+06
4.50006e+06
4.50006e+06
4.50006e+06
4.50006e+06
4.50007e+06
4.50007e+06
4.50008e+06
4.50008e+06
4.50008e+06
4.50009e+06
4.50009e+06
4.50009e+06
4.50009e+06
4.49781e+06
4.4986e+06
4.4992e+06
4.49965e+06
4.49997e+06
4.5002e+06
4.50035e+06
4.50044e+06
4.50049e+06
4.50051e+06
4.50051e+06
4.50049e+06
4.50046e+06
4.50042e+06
4.50038e+06
4.50034e+06
4.5003e+06
4.50027e+06
4.50023e+06
4.5002e+06
4.50018e+06
4.50015e+06
4.50013e+06
4.50011e+06
4.5001e+06
4.50008e+06
4.50007e+06
4.50007e+06
4.50006e+06
4.50006e+06
4.50005e+06
4.50005e+06
4.50006e+06
4.50006e+06
4.50006e+06
4.50007e+06
4.50007e+06
4.50008e+06
4.50008e+06
4.50009e+06
4.50009e+06
4.50009e+06
4.50009e+06
4.49811e+06
4.49877e+06
4.49928e+06
4.49967e+06
4.49996e+06
4.50016e+06
4.5003e+06
4.50039e+06
4.50044e+06
4.50046e+06
4.50046e+06
4.50044e+06
4.50042e+06
4.50039e+06
4.50035e+06
4.50032e+06
4.50028e+06
4.50025e+06
4.50022e+06
4.50019e+06
4.50017e+06
4.50014e+06
4.50012e+06
4.50011e+06
4.50009e+06
4.50008e+06
4.50007e+06
4.50006e+06
4.50006e+06
4.50005e+06
4.50005e+06
4.50005e+06
4.50005e+06
4.50006e+06
4.50006e+06
4.50007e+06
4.50007e+06
4.50008e+06
4.50008e+06
4.50009e+06
4.50009e+06
4.50009e+06
4.50009e+06
4.49838e+06
4.49893e+06
4.49936e+06
4.4997e+06
4.49995e+06
4.50013e+06
4.50026e+06
4.50035e+06
4.50039e+06
4.50042e+06
4.50042e+06
4.50041e+06
4.50038e+06
4.50036e+06
4.50033e+06
4.50029e+06
4.50026e+06
4.50023e+06
4.5002e+06
4.50018e+06
4.50015e+06
4.50013e+06
4.50012e+06
4.5001e+06
4.50009e+06
4.50007e+06
4.50006e+06
4.50006e+06
4.50005e+06
4.50005e+06
4.50005e+06
4.50005e+06
4.50005e+06
4.50005e+06
4.50006e+06
4.50006e+06
4.50007e+06
4.50008e+06
4.50008e+06
4.50009e+06
4.50009e+06
4.50009e+06
4.50009e+06
4.49943e+06
4.49972e+06
4.49995e+06
4.50011e+06
4.50023e+06
4.5003e+06
4.50035e+06
4.50037e+06
4.50038e+06
4.50037e+06
4.50035e+06
4.50033e+06
4.5003e+06
4.50027e+06
4.50024e+06
4.50022e+06
4.50019e+06
4.50017e+06
4.50014e+06
4.50012e+06
4.50011e+06
4.50009e+06
4.50008e+06
4.50007e+06
4.50006e+06
4.50005e+06
4.50005e+06
4.50004e+06
4.50004e+06
4.50004e+06
4.50005e+06
4.50005e+06
4.50005e+06
4.50006e+06
4.50007e+06
4.50008e+06
4.50008e+06
4.50009e+06
4.50009e+06
4.50009e+06
4.50009e+06
4.4995e+06
4.49975e+06
4.49994e+06
4.50009e+06
4.50019e+06
4.50027e+06
4.50031e+06
4.50033e+06
4.50034e+06
4.50033e+06
4.50032e+06
4.5003e+06
4.50027e+06
4.50025e+06
4.50022e+06
4.5002e+06
4.50018e+06
4.50015e+06
4.50013e+06
4.50012e+06
4.5001e+06
4.50009e+06
4.50007e+06
4.50006e+06
4.50006e+06
4.50005e+06
4.50004e+06
4.50004e+06
4.50004e+06
4.50004e+06
4.50004e+06
4.50005e+06
4.50005e+06
4.50006e+06
4.50007e+06
4.50007e+06
4.50008e+06
4.50009e+06
4.50009e+06
4.50009e+06
4.50009e+06
4.49956e+06
4.49978e+06
4.49994e+06
4.50007e+06
4.50017e+06
4.50023e+06
4.50027e+06
4.5003e+06
4.5003e+06
4.5003e+06
4.50029e+06
4.50027e+06
4.50025e+06
4.50023e+06
4.50021e+06
4.50018e+06
4.50016e+06
4.50014e+06
4.50012e+06
4.50011e+06
4.50009e+06
4.50008e+06
4.50007e+06
4.50006e+06
4.50005e+06
4.50004e+06
4.50004e+06
4.50004e+06
4.50004e+06
4.50004e+06
4.50004e+06
4.50004e+06
4.50005e+06
4.50005e+06
4.50006e+06
4.50007e+06
4.50008e+06
4.50009e+06
4.50009e+06
4.50009e+06
4.50009e+06
4.49962e+06
4.4998e+06
4.49995e+06
4.50006e+06
4.50014e+06
4.5002e+06
4.50024e+06
4.50026e+06
4.50027e+06
4.50027e+06
4.50026e+06
4.50025e+06
4.50023e+06
4.50021e+06
4.50019e+06
4.50017e+06
4.50015e+06
4.50013e+06
4.50011e+06
4.5001e+06
4.50009e+06
4.50007e+06
4.50006e+06
4.50005e+06
4.50005e+06
4.50004e+06
4.50004e+06
4.50003e+06
4.50003e+06
4.50003e+06
4.50003e+06
4.50004e+06
4.50004e+06
4.50005e+06
4.50006e+06
4.50007e+06
4.50008e+06
4.50008e+06
4.50009e+06
4.50009e+06
4.50009e+06
4.49967e+06
4.49982e+06
4.49995e+06
4.50005e+06
4.50012e+06
4.50018e+06
4.50021e+06
4.50023e+06
4.50024e+06
4.50024e+06
4.50023e+06
4.50022e+06
4.50021e+06
4.50019e+06
4.50017e+06
4.50015e+06
4.50014e+06
4.50012e+06
4.50011e+06
4.50009e+06
4.50008e+06
4.50007e+06
4.50006e+06
4.50005e+06
4.50004e+06
4.50004e+06
4.50003e+06
4.50003e+06
4.50003e+06
4.50003e+06
4.50003e+06
4.50003e+06
4.50004e+06
4.50005e+06
4.50006e+06
4.50007e+06
4.50008e+06
4.50008e+06
4.50009e+06
4.50009e+06
4.50009e+06
4.49971e+06
4.49985e+06
4.49996e+06
4.50004e+06
4.50011e+06
4.50016e+06
4.50019e+06
4.50021e+06
4.50022e+06
4.50022e+06
4.50021e+06
4.5002e+06
4.50019e+06
4.50017e+06
4.50016e+06
4.50014e+06
4.50013e+06
4.50011e+06
4.5001e+06
4.50008e+06
4.50007e+06
4.50006e+06
4.50005e+06
4.50005e+06
4.50004e+06
4.50003e+06
4.50003e+06
4.50003e+06
4.50003e+06
4.50003e+06
4.50003e+06
4.50003e+06
4.50003e+06
4.50004e+06
4.50005e+06
4.50006e+06
4.50007e+06
4.50008e+06
4.50009e+06
4.50009e+06
4.50009e+06
4.49975e+06
4.49987e+06
4.49996e+06
4.50004e+06
4.50009e+06
4.50014e+06
4.50017e+06
4.50018e+06
4.50019e+06
4.50019e+06
4.50019e+06
4.50018e+06
4.50017e+06
4.50016e+06
4.50014e+06
4.50013e+06
4.50011e+06
4.5001e+06
4.50009e+06
4.50008e+06
4.50007e+06
4.50006e+06
4.50005e+06
4.50004e+06
4.50004e+06
4.50003e+06
4.50003e+06
4.50003e+06
4.50002e+06
4.50002e+06
4.50002e+06
4.50003e+06
4.50003e+06
4.50004e+06
4.50005e+06
4.50006e+06
4.50007e+06
4.50008e+06
4.50009e+06
4.50009e+06
4.50009e+06
4.49979e+06
4.49989e+06
4.49997e+06
4.50003e+06
4.50008e+06
4.50012e+06
4.50015e+06
4.50016e+06
4.50017e+06
4.50017e+06
4.50017e+06
4.50016e+06
4.50015e+06
4.50014e+06
4.50013e+06
4.50012e+06
4.5001e+06
4.50009e+06
4.50008e+06
4.50007e+06
4.50006e+06
4.50005e+06
4.50005e+06
4.50004e+06
4.50003e+06
4.50003e+06
4.50003e+06
4.50002e+06
4.50002e+06
4.50002e+06
4.50002e+06
4.50002e+06
4.50003e+06
4.50003e+06
4.50004e+06
4.50005e+06
4.50007e+06
4.50008e+06
4.50008e+06
4.50009e+06
4.50009e+06
4.49982e+06
4.4999e+06
4.49997e+06
4.50003e+06
4.50007e+06
4.50011e+06
4.50013e+06
4.50014e+06
4.50015e+06
4.50015e+06
4.50015e+06
4.50015e+06
4.50014e+06
4.50013e+06
4.50012e+06
4.50011e+06
4.5001e+06
4.50008e+06
4.50007e+06
4.50007e+06
4.50006e+06
4.50005e+06
4.50004e+06
4.50004e+06
4.50003e+06
4.50003e+06
4.50002e+06
4.50002e+06
4.50002e+06
4.50002e+06
4.50002e+06
4.50002e+06
4.50002e+06
4.50003e+06
4.50004e+06
4.50005e+06
4.50006e+06
4.50007e+06
4.50008e+06
4.50009e+06
4.50009e+06
4.49985e+06
4.49992e+06
4.49998e+06
4.50003e+06
4.50006e+06
4.50009e+06
4.50011e+06
4.50013e+06
4.50014e+06
4.50014e+06
4.50014e+06
4.50013e+06
4.50012e+06
4.50012e+06
4.50011e+06
4.5001e+06
4.50009e+06
4.50008e+06
4.50007e+06
4.50006e+06
4.50005e+06
4.50004e+06
4.50004e+06
4.50003e+06
4.50003e+06
4.50002e+06
4.50002e+06
4.50002e+06
4.50002e+06
4.50002e+06
4.50002e+06
4.50002e+06
4.50002e+06
4.50003e+06
4.50004e+06
4.50005e+06
4.50006e+06
4.50007e+06
4.50008e+06
4.50008e+06
4.50009e+06
4.49987e+06
4.49993e+06
4.49998e+06
4.50002e+06
4.50006e+06
4.50008e+06
4.5001e+06
4.50011e+06
4.50012e+06
4.50012e+06
4.50012e+06
4.50012e+06
4.50011e+06
4.5001e+06
4.5001e+06
4.50009e+06
4.50008e+06
4.50007e+06
4.50006e+06
4.50005e+06
4.50005e+06
4.50004e+06
4.50004e+06
4.50003e+06
4.50003e+06
4.50002e+06
4.50002e+06
4.50002e+06
4.50002e+06
4.50002e+06
4.50002e+06
4.50002e+06
4.50002e+06
4.50002e+06
4.50003e+06
4.50004e+06
4.50005e+06
4.50007e+06
4.50008e+06
4.50008e+06
4.50008e+06
4.49989e+06
4.49994e+06
4.49999e+06
4.50002e+06
4.50005e+06
4.50007e+06
4.50009e+06
4.5001e+06
4.50011e+06
4.50011e+06
4.50011e+06
4.50011e+06
4.5001e+06
4.50009e+06
4.50009e+06
4.50008e+06
4.50007e+06
4.50006e+06
4.50006e+06
4.50005e+06
4.50004e+06
4.50004e+06
4.50003e+06
4.50003e+06
4.50002e+06
4.50002e+06
4.50002e+06
4.50002e+06
4.50001e+06
4.50001e+06
4.50001e+06
4.50001e+06
4.50002e+06
4.50002e+06
4.50003e+06
4.50004e+06
4.50005e+06
4.50006e+06
4.50007e+06
4.50008e+06
4.50008e+06
4.49991e+06
4.49995e+06
4.49999e+06
4.50002e+06
4.50005e+06
4.50007e+06
4.50008e+06
4.50009e+06
4.50009e+06
4.5001e+06
4.5001e+06
4.50009e+06
4.50009e+06
4.50008e+06
4.50008e+06
4.50007e+06
4.50006e+06
4.50006e+06
4.50005e+06
4.50005e+06
4.50004e+06
4.50003e+06
4.50003e+06
4.50003e+06
4.50002e+06
4.50002e+06
4.50002e+06
4.50001e+06
4.50001e+06
4.50001e+06
4.50001e+06
4.50001e+06
4.50002e+06
4.50002e+06
4.50003e+06
4.50003e+06
4.50005e+06
4.50006e+06
4.50007e+06
4.50008e+06
4.50008e+06
4.49993e+06
4.49996e+06
4.49999e+06
4.50002e+06
4.50004e+06
4.50006e+06
4.50007e+06
4.50008e+06
4.50008e+06
4.50009e+06
4.50009e+06
4.50008e+06
4.50008e+06
4.50008e+06
4.50007e+06
4.50006e+06
4.50006e+06
4.50005e+06
4.50005e+06
4.50004e+06
4.50004e+06
4.50003e+06
4.50003e+06
4.50002e+06
4.50002e+06
4.50002e+06
4.50002e+06
4.50001e+06
4.50001e+06
4.50001e+06
4.50001e+06
4.50001e+06
4.50001e+06
4.50002e+06
4.50002e+06
4.50003e+06
4.50004e+06
4.50005e+06
4.50007e+06
4.50007e+06
4.50008e+06
4.49994e+06
4.49997e+06
4.5e+06
4.50002e+06
4.50004e+06
4.50005e+06
4.50006e+06
4.50007e+06
4.50007e+06
4.50008e+06
4.50008e+06
4.50007e+06
4.50007e+06
4.50007e+06
4.50006e+06
4.50006e+06
4.50005e+06
4.50005e+06
4.50004e+06
4.50004e+06
4.50003e+06
4.50003e+06
4.50002e+06
4.50002e+06
4.50002e+06
4.50002e+06
4.50001e+06
4.50001e+06
4.50001e+06
4.50001e+06
4.50001e+06
4.50001e+06
4.50001e+06
4.50002e+06
4.50002e+06
4.50003e+06
4.50004e+06
4.50005e+06
4.50006e+06
4.50007e+06
4.50007e+06
4.49995e+06
4.49997e+06
4.5e+06
4.50002e+06
4.50003e+06
4.50005e+06
4.50006e+06
4.50006e+06
4.50007e+06
4.50007e+06
4.50007e+06
4.50007e+06
4.50006e+06
4.50006e+06
4.50006e+06
4.50005e+06
4.50005e+06
4.50004e+06
4.50004e+06
4.50003e+06
4.50003e+06
4.50003e+06
4.50002e+06
4.50002e+06
4.50002e+06
4.50001e+06
4.50001e+06
4.50001e+06
4.50001e+06
4.50001e+06
4.50001e+06
4.50001e+06
4.50001e+06
4.50001e+06
4.50002e+06
4.50003e+06
4.50004e+06
4.50005e+06
4.50006e+06
4.50007e+06
4.50007e+06
4.49996e+06
4.49998e+06
4.5e+06
4.50002e+06
4.50003e+06
4.50004e+06
4.50005e+06
4.50005e+06
4.50006e+06
4.50006e+06
4.50006e+06
4.50006e+06
4.50006e+06
4.50005e+06
4.50005e+06
4.50005e+06
4.50004e+06
4.50004e+06
4.50003e+06
4.50003e+06
4.50003e+06
4.50002e+06
4.50002e+06
4.50002e+06
4.50002e+06
4.50001e+06
4.50001e+06
4.50001e+06
4.50001e+06
4.50001e+06
4.50001e+06
4.50001e+06
4.50001e+06
4.50001e+06
4.50002e+06
4.50002e+06
4.50003e+06
4.50004e+06
4.50005e+06
4.50006e+06
4.50006e+06
4.49997e+06
4.49998e+06
4.5e+06
4.50001e+06
4.50003e+06
4.50004e+06
4.50004e+06
4.50005e+06
4.50005e+06
4.50005e+06
4.50005e+06
4.50005e+06
4.50005e+06
4.50005e+06
4.50004e+06
4.50004e+06
4.50004e+06
4.50003e+06
4.50003e+06
4.50003e+06
4.50002e+06
4.50002e+06
4.50002e+06
4.50002e+06
4.50001e+06
4.50001e+06
4.50001e+06
4.50001e+06
4.50001e+06
4.50001e+06
4.50001e+06
4.50001e+06
4.50001e+06
4.50001e+06
4.50001e+06
4.50002e+06
4.50003e+06
4.50004e+06
4.50005e+06
4.50006e+06
4.50006e+06
4.49997e+06
4.49999e+06
4.5e+06
4.50001e+06
4.50002e+06
4.50003e+06
4.50004e+06
4.50004e+06
4.50004e+06
4.50005e+06
4.50005e+06
4.50005e+06
4.50004e+06
4.50004e+06
4.50004e+06
4.50004e+06
4.50003e+06
4.50003e+06
4.50003e+06
4.50002e+06
4.50002e+06
4.50002e+06
4.50002e+06
4.50001e+06
4.50001e+06
4.50001e+06
4.50001e+06
4.50001e+06
4.50001e+06
4.50001e+06
4.50001e+06
4.50001e+06
4.50001e+06
4.50001e+06
4.50001e+06
4.50002e+06
4.50003e+06
4.50004e+06
4.50005e+06
4.50005e+06
4.50006e+06
4.49998e+06
4.49999e+06
4.5e+06
4.50001e+06
4.50002e+06
4.50003e+06
4.50003e+06
4.50004e+06
4.50004e+06
4.50004e+06
4.50004e+06
4.50004e+06
4.50004e+06
4.50004e+06
4.50003e+06
4.50003e+06
4.50003e+06
4.50003e+06
4.50002e+06
4.50002e+06
4.50002e+06
4.50002e+06
4.50001e+06
4.50001e+06
4.50001e+06
4.50001e+06
4.50001e+06
4.50001e+06
4.50001e+06
4.50001e+06
4.50001e+06
4.50001e+06
4.50001e+06
4.50001e+06
4.50001e+06
4.50002e+06
4.50002e+06
4.50003e+06
4.50004e+06
4.50005e+06
4.50005e+06
4.49998e+06
4.49999e+06
4.5e+06
4.50001e+06
4.50002e+06
4.50002e+06
4.50003e+06
4.50003e+06
4.50003e+06
4.50003e+06
4.50004e+06
4.50003e+06
4.50003e+06
4.50003e+06
4.50003e+06
4.50003e+06
4.50003e+06
4.50002e+06
4.50002e+06
4.50002e+06
4.50002e+06
4.50001e+06
4.50001e+06
4.50001e+06
4.50001e+06
4.50001e+06
4.50001e+06
4.50001e+06
4.50001e+06
4.5e+06
4.5e+06
4.5e+06
4.50001e+06
4.50001e+06
4.50001e+06
4.50001e+06
4.50002e+06
4.50003e+06
4.50004e+06
4.50004e+06
4.50005e+06
4.49999e+06
4.49999e+06
4.5e+06
4.50001e+06
4.50002e+06
4.50002e+06
4.50002e+06
4.50003e+06
4.50003e+06
4.50003e+06
4.50003e+06
4.50003e+06
4.50003e+06
4.50003e+06
4.50003e+06
4.50002e+06
4.50002e+06
4.50002e+06
4.50002e+06
4.50002e+06
4.50001e+06
4.50001e+06
4.50001e+06
4.50001e+06
4.50001e+06
4.50001e+06
4.50001e+06
4.50001e+06
4.5e+06
4.5e+06
4.5e+06
4.5e+06
4.5e+06
4.50001e+06
4.50001e+06
4.50001e+06
4.50002e+06
4.50003e+06
4.50003e+06
4.50004e+06
4.50004e+06
4.49999e+06
4.5e+06
4.5e+06
4.50001e+06
4.50001e+06
4.50002e+06
4.50002e+06
4.50002e+06
4.50002e+06
4.50003e+06
4.50003e+06
4.50003e+06
4.50002e+06
4.50002e+06
4.50002e+06
4.50002e+06
4.50002e+06
4.50002e+06
4.50002e+06
4.50001e+06
4.50001e+06
4.50001e+06
4.50001e+06
4.50001e+06
4.50001e+06
4.50001e+06
4.50001e+06
4.5e+06
4.5e+06
4.5e+06
4.5e+06
4.5e+06
4.5e+06
4.50001e+06
4.50001e+06
4.50001e+06
4.50002e+06
4.50002e+06
4.50003e+06
4.50004e+06
4.50004e+06
4.49999e+06
4.5e+06
4.5e+06
4.50001e+06
4.50001e+06
4.50001e+06
4.50002e+06
4.50002e+06
4.50002e+06
4.50002e+06
4.50002e+06
4.50002e+06
4.50002e+06
4.50002e+06
4.50002e+06
4.50002e+06
4.50002e+06
4.50001e+06
4.50001e+06
4.50001e+06
4.50001e+06
4.50001e+06
4.50001e+06
4.50001e+06
4.50001e+06
4.50001e+06
4.5e+06
4.5e+06
4.5e+06
4.5e+06
4.5e+06
4.5e+06
4.5e+06
4.5e+06
4.50001e+06
4.50001e+06
4.50001e+06
4.50002e+06
4.50003e+06
4.50003e+06
4.50003e+06
4.49999e+06
4.5e+06
4.5e+06
4.50001e+06
4.50001e+06
4.50001e+06
4.50001e+06
4.50002e+06
4.50002e+06
4.50002e+06
4.50002e+06
4.50002e+06
4.50002e+06
4.50002e+06
4.50001e+06
4.50001e+06
4.50001e+06
4.50001e+06
4.50001e+06
4.50001e+06
4.50001e+06
4.50001e+06
4.50001e+06
4.50001e+06
4.5e+06
4.5e+06
4.5e+06
4.5e+06
4.5e+06
4.5e+06
4.5e+06
4.5e+06
4.5e+06
4.5e+06
4.50001e+06
4.50001e+06
4.50001e+06
4.50002e+06
4.50002e+06
4.50003e+06
4.50003e+06
4.49999e+06
4.5e+06
4.5e+06
4.5e+06
4.50001e+06
4.50001e+06
4.50001e+06
4.50001e+06
4.50001e+06
4.50001e+06
4.50001e+06
4.50001e+06
4.50001e+06
4.50001e+06
4.50001e+06
4.50001e+06
4.50001e+06
4.50001e+06
4.50001e+06
4.50001e+06
4.50001e+06
4.50001e+06
4.5e+06
4.5e+06
4.5e+06
4.5e+06
4.5e+06
4.5e+06
4.5e+06
4.5e+06
4.5e+06
4.5e+06
4.5e+06
4.5e+06
4.5e+06
4.50001e+06
4.50001e+06
4.50001e+06
4.50002e+06
4.50002e+06
4.50002e+06
4.5e+06
4.5e+06
4.5e+06
4.5e+06
4.50001e+06
4.50001e+06
4.50001e+06
4.50001e+06
4.50001e+06
4.50001e+06
4.50001e+06
4.50001e+06
4.50001e+06
4.50001e+06
4.50001e+06
4.50001e+06
4.50001e+06
4.50001e+06
4.50001e+06
4.50001e+06
4.5e+06
4.5e+06
4.5e+06
4.5e+06
4.5e+06
4.5e+06
4.5e+06
4.5e+06
4.5e+06
4.5e+06
4.5e+06
4.5e+06
4.5e+06
4.5e+06
4.5e+06
4.5e+06
4.50001e+06
4.50001e+06
4.50001e+06
4.50002e+06
4.50002e+06
4.5e+06
4.5e+06
4.5e+06
4.5e+06
4.5e+06
4.5e+06
4.50001e+06
4.50001e+06
4.50001e+06
4.50001e+06
4.50001e+06
4.50001e+06
4.50001e+06
4.50001e+06
4.50001e+06
4.50001e+06
4.5e+06
4.5e+06
4.5e+06
4.5e+06
4.5e+06
4.5e+06
4.5e+06
4.5e+06
4.5e+06
4.5e+06
4.5e+06
4.5e+06
4.5e+06
4.5e+06
4.5e+06
4.5e+06
4.5e+06
4.5e+06
4.5e+06
4.5e+06
4.50001e+06
4.50001e+06
4.50001e+06
4.50001e+06
4.50001e+06
4.5e+06
4.5e+06
4.5e+06
4.5e+06
4.5e+06
4.5e+06
4.5e+06
4.5e+06
4.5e+06
4.5e+06
4.5e+06
4.5e+06
4.5e+06
4.5e+06
4.5e+06
4.5e+06
4.5e+06
4.5e+06
4.5e+06
4.5e+06
4.5e+06
4.5e+06
4.5e+06
4.5e+06
4.5e+06
4.5e+06
4.5e+06
4.5e+06
4.5e+06
4.5e+06
4.5e+06
4.5e+06
4.5e+06
4.5e+06
4.5e+06
4.5e+06
4.5e+06
4.50001e+06
4.50001e+06
4.50001e+06
4.50001e+06
4.5e+06
4.5e+06
4.5e+06
4.5e+06
4.5e+06
4.5e+06
4.5e+06
4.5e+06
4.5e+06
4.5e+06
4.5e+06
4.5e+06
4.5e+06
4.5e+06
4.5e+06
4.5e+06
4.5e+06
4.5e+06
4.5e+06
4.5e+06
4.5e+06
4.5e+06
4.5e+06
4.5e+06
4.5e+06
4.5e+06
4.5e+06
4.5e+06
4.5e+06
4.5e+06
4.5e+06
4.5e+06
4.5e+06
4.5e+06
4.5e+06
4.5e+06
4.5e+06
4.5e+06
4.5e+06
4.5e+06
4.5e+06
4.49521e+06
4.4973e+06
4.49865e+06
4.49952e+06
4.50008e+06
4.50042e+06
4.50062e+06
4.50073e+06
4.50077e+06
4.50077e+06
4.50074e+06
4.50069e+06
4.50064e+06
4.50058e+06
4.50051e+06
4.50046e+06
4.5004e+06
4.50035e+06
4.5003e+06
4.50026e+06
4.50022e+06
4.50019e+06
4.50016e+06
4.50014e+06
4.50012e+06
4.5001e+06
4.50009e+06
4.50008e+06
4.50007e+06
4.50006e+06
4.50006e+06
4.50006e+06
4.50006e+06
4.50006e+06
4.50006e+06
4.50007e+06
4.50007e+06
4.50008e+06
4.50008e+06
4.50008e+06
4.50009e+06
4.50009e+06
4.50009e+06
4.49553e+06
4.49747e+06
4.49873e+06
4.49955e+06
4.50008e+06
4.50041e+06
4.50061e+06
4.50071e+06
4.50075e+06
4.50075e+06
4.50072e+06
4.50068e+06
4.50062e+06
4.50057e+06
4.50051e+06
4.50045e+06
4.50039e+06
4.50034e+06
4.5003e+06
4.50026e+06
4.50022e+06
4.50019e+06
4.50016e+06
4.50014e+06
4.50012e+06
4.5001e+06
4.50009e+06
4.50008e+06
4.50007e+06
4.50006e+06
4.50006e+06
4.50006e+06
4.50006e+06
4.50006e+06
4.50006e+06
4.50007e+06
4.50007e+06
4.50008e+06
4.50008e+06
4.50008e+06
4.50009e+06
4.50009e+06
4.50009e+06
4.49584e+06
4.4976e+06
4.49878e+06
4.49956e+06
4.50007e+06
4.50039e+06
4.50058e+06
4.50068e+06
4.50072e+06
4.50073e+06
4.5007e+06
4.50066e+06
4.50061e+06
4.50055e+06
4.5005e+06
4.50044e+06
4.50039e+06
4.50034e+06
4.50029e+06
4.50025e+06
4.50022e+06
4.50019e+06
4.50016e+06
4.50014e+06
4.50012e+06
4.5001e+06
4.50009e+06
4.50008e+06
4.50007e+06
4.50006e+06
4.50006e+06
4.50006e+06
4.50006e+06
4.50006e+06
4.50007e+06
4.50007e+06
4.50007e+06
4.50008e+06
4.50008e+06
4.50008e+06
4.50009e+06
4.50009e+06
4.50009e+06
4.49627e+06
4.49781e+06
4.49886e+06
4.49958e+06
4.50005e+06
4.50036e+06
4.50054e+06
4.50065e+06
4.50069e+06
4.50069e+06
4.50067e+06
4.50063e+06
4.50059e+06
4.50053e+06
4.50048e+06
4.50043e+06
4.50038e+06
4.50033e+06
4.50029e+06
4.50025e+06
4.50021e+06
4.50018e+06
4.50016e+06
4.50013e+06
4.50012e+06
4.5001e+06
4.50009e+06
4.50008e+06
4.50007e+06
4.50006e+06
4.50006e+06
4.50006e+06
4.50006e+06
4.50006e+06
4.50007e+06
4.50007e+06
4.50007e+06
4.50008e+06
4.50008e+06
4.50009e+06
4.50009e+06
4.50009e+06
4.50009e+06
4.49668e+06
4.49801e+06
4.49894e+06
4.49959e+06
4.50003e+06
4.50032e+06
4.5005e+06
4.5006e+06
4.50065e+06
4.50065e+06
4.50064e+06
4.5006e+06
4.50056e+06
4.50051e+06
4.50046e+06
4.50041e+06
4.50036e+06
4.50032e+06
4.50028e+06
4.50024e+06
4.50021e+06
4.50018e+06
4.50015e+06
4.50013e+06
4.50011e+06
4.5001e+06
4.50009e+06
4.50008e+06
4.50007e+06
4.50006e+06
4.50006e+06
4.50006e+06
4.50006e+06
4.50006e+06
4.50007e+06
4.50007e+06
4.50008e+06
4.50008e+06
4.50008e+06
4.50009e+06
4.50009e+06
4.50009e+06
4.50009e+06
4.49709e+06
4.49822e+06
4.49903e+06
4.49961e+06
4.50001e+06
4.50028e+06
4.50045e+06
4.50055e+06
4.5006e+06
4.50061e+06
4.50059e+06
4.50057e+06
4.50053e+06
4.50048e+06
4.50044e+06
4.50039e+06
4.50034e+06
4.5003e+06
4.50026e+06
4.50023e+06
4.5002e+06
4.50017e+06
4.50015e+06
4.50013e+06
4.50011e+06
4.50009e+06
4.50008e+06
4.50007e+06
4.50007e+06
4.50006e+06
4.50006e+06
4.50006e+06
4.50006e+06
4.50006e+06
4.50007e+06
4.50007e+06
4.50008e+06
4.50008e+06
4.50008e+06
4.50009e+06
4.50009e+06
4.50009e+06
4.50009e+06
4.49747e+06
4.49841e+06
4.49912e+06
4.49963e+06
4.49999e+06
4.50024e+06
4.5004e+06
4.50049e+06
4.50054e+06
4.50056e+06
4.50055e+06
4.50053e+06
4.50049e+06
4.50045e+06
4.50041e+06
4.50037e+06
4.50032e+06
4.50029e+06
4.50025e+06
4.50022e+06
4.50019e+06
4.50016e+06
4.50014e+06
4.50012e+06
4.5001e+06
4.50009e+06
4.50008e+06
4.50007e+06
4.50006e+06
4.50006e+06
4.50006e+06
4.50006e+06
4.50006e+06
4.50006e+06
4.50007e+06
4.50007e+06
4.50008e+06
4.50008e+06
4.50008e+06
4.50009e+06
4.50009e+06
4.50009e+06
4.50009e+06
4.49781e+06
4.4986e+06
4.4992e+06
4.49965e+06
4.49997e+06
4.5002e+06
4.50035e+06
4.50044e+06
4.50049e+06
4.50051e+06
4.50051e+06
4.50049e+06
4.50046e+06
4.50042e+06
4.50038e+06
4.50034e+06
4.5003e+06
4.50027e+06
4.50023e+06
4.5002e+06
4.50018e+06
4.50015e+06
4.50013e+06
4.50011e+06
4.5001e+06
4.50008e+06
4.50007e+06
4.50007e+06
4.50006e+06
4.50006e+06
4.50005e+06
4.50005e+06
4.50006e+06
4.50006e+06
4.50006e+06
4.50007e+06
4.50007e+06
4.50008e+06
4.50008e+06
4.50009e+06
4.50009e+06
4.50009e+06
4.50009e+06
4.49811e+06
4.49877e+06
4.49928e+06
4.49967e+06
4.49996e+06
4.50016e+06
4.5003e+06
4.50039e+06
4.50044e+06
4.50046e+06
4.50046e+06
4.50044e+06
4.50042e+06
4.50039e+06
4.50035e+06
4.50032e+06
4.50028e+06
4.50025e+06
4.50022e+06
4.50019e+06
4.50017e+06
4.50014e+06
4.50012e+06
4.50011e+06
4.50009e+06
4.50008e+06
4.50007e+06
4.50006e+06
4.50006e+06
4.50005e+06
4.50005e+06
4.50005e+06
4.50005e+06
4.50006e+06
4.50006e+06
4.50007e+06
4.50007e+06
4.50008e+06
4.50008e+06
4.50009e+06
4.50009e+06
4.50009e+06
4.50009e+06
4.49838e+06
4.49893e+06
4.49936e+06
4.4997e+06
4.49995e+06
4.50013e+06
4.50026e+06
4.50035e+06
4.50039e+06
4.50042e+06
4.50042e+06
4.50041e+06
4.50038e+06
4.50036e+06
4.50033e+06
4.50029e+06
4.50026e+06
4.50023e+06
4.5002e+06
4.50018e+06
4.50015e+06
4.50013e+06
4.50012e+06
4.5001e+06
4.50009e+06
4.50007e+06
4.50006e+06
4.50006e+06
4.50005e+06
4.50005e+06
4.50005e+06
4.50005e+06
4.50005e+06
4.50005e+06
4.50006e+06
4.50006e+06
4.50007e+06
4.50008e+06
4.50008e+06
4.50009e+06
4.50009e+06
4.50009e+06
4.50009e+06
4.49943e+06
4.49972e+06
4.49995e+06
4.50011e+06
4.50023e+06
4.5003e+06
4.50035e+06
4.50037e+06
4.50038e+06
4.50037e+06
4.50035e+06
4.50033e+06
4.5003e+06
4.50027e+06
4.50024e+06
4.50022e+06
4.50019e+06
4.50017e+06
4.50014e+06
4.50012e+06
4.50011e+06
4.50009e+06
4.50008e+06
4.50007e+06
4.50006e+06
4.50005e+06
4.50005e+06
4.50004e+06
4.50004e+06
4.50004e+06
4.50005e+06
4.50005e+06
4.50005e+06
4.50006e+06
4.50007e+06
4.50008e+06
4.50008e+06
4.50009e+06
4.50009e+06
4.50009e+06
4.50009e+06
4.4995e+06
4.49975e+06
4.49994e+06
4.50009e+06
4.50019e+06
4.50027e+06
4.50031e+06
4.50033e+06
4.50034e+06
4.50033e+06
4.50032e+06
4.5003e+06
4.50027e+06
4.50025e+06
4.50022e+06
4.5002e+06
4.50018e+06
4.50015e+06
4.50013e+06
4.50012e+06
4.5001e+06
4.50009e+06
4.50007e+06
4.50006e+06
4.50006e+06
4.50005e+06
4.50004e+06
4.50004e+06
4.50004e+06
4.50004e+06
4.50004e+06
4.50005e+06
4.50005e+06
4.50006e+06
4.50007e+06
4.50007e+06
4.50008e+06
4.50009e+06
4.50009e+06
4.50009e+06
4.50009e+06
4.49956e+06
4.49978e+06
4.49994e+06
4.50007e+06
4.50017e+06
4.50023e+06
4.50027e+06
4.5003e+06
4.5003e+06
4.5003e+06
4.50029e+06
4.50027e+06
4.50025e+06
4.50023e+06
4.50021e+06
4.50018e+06
4.50016e+06
4.50014e+06
4.50012e+06
4.50011e+06
4.50009e+06
4.50008e+06
4.50007e+06
4.50006e+06
4.50005e+06
4.50004e+06
4.50004e+06
4.50004e+06
4.50004e+06
4.50004e+06
4.50004e+06
4.50004e+06
4.50005e+06
4.50005e+06
4.50006e+06
4.50007e+06
4.50008e+06
4.50009e+06
4.50009e+06
4.50009e+06
4.50009e+06
4.49962e+06
4.4998e+06
4.49995e+06
4.50006e+06
4.50014e+06
4.5002e+06
4.50024e+06
4.50026e+06
4.50027e+06
4.50027e+06
4.50026e+06
4.50025e+06
4.50023e+06
4.50021e+06
4.50019e+06
4.50017e+06
4.50015e+06
4.50013e+06
4.50011e+06
4.5001e+06
4.50009e+06
4.50007e+06
4.50006e+06
4.50005e+06
4.50005e+06
4.50004e+06
4.50004e+06
4.50003e+06
4.50003e+06
4.50003e+06
4.50003e+06
4.50004e+06
4.50004e+06
4.50005e+06
4.50006e+06
4.50007e+06
4.50008e+06
4.50008e+06
4.50009e+06
4.50009e+06
4.50009e+06
4.49967e+06
4.49982e+06
4.49995e+06
4.50005e+06
4.50012e+06
4.50018e+06
4.50021e+06
4.50023e+06
4.50024e+06
4.50024e+06
4.50023e+06
4.50022e+06
4.50021e+06
4.50019e+06
4.50017e+06
4.50015e+06
4.50014e+06
4.50012e+06
4.50011e+06
4.50009e+06
4.50008e+06
4.50007e+06
4.50006e+06
4.50005e+06
4.50004e+06
4.50004e+06
4.50003e+06
4.50003e+06
4.50003e+06
4.50003e+06
4.50003e+06
4.50003e+06
4.50004e+06
4.50005e+06
4.50006e+06
4.50007e+06
4.50008e+06
4.50008e+06
4.50009e+06
4.50009e+06
4.50009e+06
4.49971e+06
4.49985e+06
4.49996e+06
4.50004e+06
4.50011e+06
4.50016e+06
4.50019e+06
4.50021e+06
4.50022e+06
4.50022e+06
4.50021e+06
4.5002e+06
4.50019e+06
4.50017e+06
4.50016e+06
4.50014e+06
4.50013e+06
4.50011e+06
4.5001e+06
4.50008e+06
4.50007e+06
4.50006e+06
4.50005e+06
4.50005e+06
4.50004e+06
4.50003e+06
4.50003e+06
4.50003e+06
4.50003e+06
4.50003e+06
4.50003e+06
4.50003e+06
4.50003e+06
4.50004e+06
4.50005e+06
4.50006e+06
4.50007e+06
4.50008e+06
4.50009e+06
4.50009e+06
4.50009e+06
4.49975e+06
4.49987e+06
4.49996e+06
4.50004e+06
4.50009e+06
4.50014e+06
4.50017e+06
4.50018e+06
4.50019e+06
4.50019e+06
4.50019e+06
4.50018e+06
4.50017e+06
4.50016e+06
4.50014e+06
4.50013e+06
4.50011e+06
4.5001e+06
4.50009e+06
4.50008e+06
4.50007e+06
4.50006e+06
4.50005e+06
4.50004e+06
4.50004e+06
4.50003e+06
4.50003e+06
4.50003e+06
4.50002e+06
4.50002e+06
4.50002e+06
4.50003e+06
4.50003e+06
4.50004e+06
4.50005e+06
4.50006e+06
4.50007e+06
4.50008e+06
4.50009e+06
4.50009e+06
4.50009e+06
4.49979e+06
4.49989e+06
4.49997e+06
4.50003e+06
4.50008e+06
4.50012e+06
4.50015e+06
4.50016e+06
4.50017e+06
4.50017e+06
4.50017e+06
4.50016e+06
4.50015e+06
4.50014e+06
4.50013e+06
4.50012e+06
4.5001e+06
4.50009e+06
4.50008e+06
4.50007e+06
4.50006e+06
4.50005e+06
4.50005e+06
4.50004e+06
4.50003e+06
4.50003e+06
4.50003e+06
4.50002e+06
4.50002e+06
4.50002e+06
4.50002e+06
4.50002e+06
4.50003e+06
4.50003e+06
4.50004e+06
4.50005e+06
4.50007e+06
4.50008e+06
4.50008e+06
4.50009e+06
4.50009e+06
4.49982e+06
4.4999e+06
4.49997e+06
4.50003e+06
4.50007e+06
4.50011e+06
4.50013e+06
4.50014e+06
4.50015e+06
4.50015e+06
4.50015e+06
4.50015e+06
4.50014e+06
4.50013e+06
4.50012e+06
4.50011e+06
4.5001e+06
4.50008e+06
4.50007e+06
4.50007e+06
4.50006e+06
4.50005e+06
4.50004e+06
4.50004e+06
4.50003e+06
4.50003e+06
4.50002e+06
4.50002e+06
4.50002e+06
4.50002e+06
4.50002e+06
4.50002e+06
4.50002e+06
4.50003e+06
4.50004e+06
4.50005e+06
4.50006e+06
4.50007e+06
4.50008e+06
4.50009e+06
4.50009e+06
4.49985e+06
4.49992e+06
4.49998e+06
4.50003e+06
4.50006e+06
4.50009e+06
4.50011e+06
4.50013e+06
4.50014e+06
4.50014e+06
4.50014e+06
4.50013e+06
4.50012e+06
4.50012e+06
4.50011e+06
4.5001e+06
4.50009e+06
4.50008e+06
4.50007e+06
4.50006e+06
4.50005e+06
4.50004e+06
4.50004e+06
4.50003e+06
4.50003e+06
4.50002e+06
4.50002e+06
4.50002e+06
4.50002e+06
4.50002e+06
4.50002e+06
4.50002e+06
4.50002e+06
4.50003e+06
4.50004e+06
4.50005e+06
4.50006e+06
4.50007e+06
4.50008e+06
4.50008e+06
4.50009e+06
4.49987e+06
4.49993e+06
4.49998e+06
4.50002e+06
4.50006e+06
4.50008e+06
4.5001e+06
4.50011e+06
4.50012e+06
4.50012e+06
4.50012e+06
4.50012e+06
4.50011e+06
4.5001e+06
4.5001e+06
4.50009e+06
4.50008e+06
4.50007e+06
4.50006e+06
4.50005e+06
4.50005e+06
4.50004e+06
4.50004e+06
4.50003e+06
4.50003e+06
4.50002e+06
4.50002e+06
4.50002e+06
4.50002e+06
4.50002e+06
4.50002e+06
4.50002e+06
4.50002e+06
4.50002e+06
4.50003e+06
4.50004e+06
4.50005e+06
4.50007e+06
4.50008e+06
4.50008e+06
4.50008e+06
4.49989e+06
4.49994e+06
4.49999e+06
4.50002e+06
4.50005e+06
4.50007e+06
4.50009e+06
4.5001e+06
4.50011e+06
4.50011e+06
4.50011e+06
4.50011e+06
4.5001e+06
4.50009e+06
4.50009e+06
4.50008e+06
4.50007e+06
4.50006e+06
4.50006e+06
4.50005e+06
4.50004e+06
4.50004e+06
4.50003e+06
4.50003e+06
4.50002e+06
4.50002e+06
4.50002e+06
4.50002e+06
4.50001e+06
4.50001e+06
4.50001e+06
4.50001e+06
4.50002e+06
4.50002e+06
4.50003e+06
4.50004e+06
4.50005e+06
4.50006e+06
4.50007e+06
4.50008e+06
4.50008e+06
4.49991e+06
4.49995e+06
4.49999e+06
4.50002e+06
4.50005e+06
4.50007e+06
4.50008e+06
4.50009e+06
4.50009e+06
4.5001e+06
4.5001e+06
4.50009e+06
4.50009e+06
4.50008e+06
4.50008e+06
4.50007e+06
4.50006e+06
4.50006e+06
4.50005e+06
4.50005e+06
4.50004e+06
4.50003e+06
4.50003e+06
4.50003e+06
4.50002e+06
4.50002e+06
4.50002e+06
4.50001e+06
4.50001e+06
4.50001e+06
4.50001e+06
4.50001e+06
4.50002e+06
4.50002e+06
4.50003e+06
4.50003e+06
4.50005e+06
4.50006e+06
4.50007e+06
4.50008e+06
4.50008e+06
4.49993e+06
4.49996e+06
4.49999e+06
4.50002e+06
4.50004e+06
4.50006e+06
4.50007e+06
4.50008e+06
4.50008e+06
4.50009e+06
4.50009e+06
4.50008e+06
4.50008e+06
4.50008e+06
4.50007e+06
4.50006e+06
4.50006e+06
4.50005e+06
4.50005e+06
4.50004e+06
4.50004e+06
4.50003e+06
4.50003e+06
4.50002e+06
4.50002e+06
4.50002e+06
4.50002e+06
4.50001e+06
4.50001e+06
4.50001e+06
4.50001e+06
4.50001e+06
4.50001e+06
4.50002e+06
4.50002e+06
4.50003e+06
4.50004e+06
4.50005e+06
4.50007e+06
4.50007e+06
4.50008e+06
4.49994e+06
4.49997e+06
4.5e+06
4.50002e+06
4.50004e+06
4.50005e+06
4.50006e+06
4.50007e+06
4.50007e+06
4.50008e+06
4.50008e+06
4.50007e+06
4.50007e+06
4.50007e+06
4.50006e+06
4.50006e+06
4.50005e+06
4.50005e+06
4.50004e+06
4.50004e+06
4.50003e+06
4.50003e+06
4.50002e+06
4.50002e+06
4.50002e+06
4.50002e+06
4.50001e+06
4.50001e+06
4.50001e+06
4.50001e+06
4.50001e+06
4.50001e+06
4.50001e+06
4.50002e+06
4.50002e+06
4.50003e+06
4.50004e+06
4.50005e+06
4.50006e+06
4.50007e+06
4.50007e+06
4.49995e+06
4.49997e+06
4.5e+06
4.50002e+06
4.50003e+06
4.50005e+06
4.50006e+06
4.50006e+06
4.50007e+06
4.50007e+06
4.50007e+06
4.50007e+06
4.50006e+06
4.50006e+06
4.50006e+06
4.50005e+06
4.50005e+06
4.50004e+06
4.50004e+06
4.50003e+06
4.50003e+06
4.50003e+06
4.50002e+06
4.50002e+06
4.50002e+06
4.50001e+06
4.50001e+06
4.50001e+06
4.50001e+06
4.50001e+06
4.50001e+06
4.50001e+06
4.50001e+06
4.50001e+06
4.50002e+06
4.50003e+06
4.50004e+06
4.50005e+06
4.50006e+06
4.50007e+06
4.50007e+06
4.49996e+06
4.49998e+06
4.5e+06
4.50002e+06
4.50003e+06
4.50004e+06
4.50005e+06
4.50005e+06
4.50006e+06
4.50006e+06
4.50006e+06
4.50006e+06
4.50006e+06
4.50005e+06
4.50005e+06
4.50005e+06
4.50004e+06
4.50004e+06
4.50003e+06
4.50003e+06
4.50003e+06
4.50002e+06
4.50002e+06
4.50002e+06
4.50002e+06
4.50001e+06
4.50001e+06
4.50001e+06
4.50001e+06
4.50001e+06
4.50001e+06
4.50001e+06
4.50001e+06
4.50001e+06
4.50002e+06
4.50002e+06
4.50003e+06
4.50004e+06
4.50005e+06
4.50006e+06
4.50006e+06
4.49997e+06
4.49998e+06
4.5e+06
4.50001e+06
4.50003e+06
4.50004e+06
4.50004e+06
4.50005e+06
4.50005e+06
4.50005e+06
4.50005e+06
4.50005e+06
4.50005e+06
4.50005e+06
4.50004e+06
4.50004e+06
4.50004e+06
4.50003e+06
4.50003e+06
4.50003e+06
4.50002e+06
4.50002e+06
4.50002e+06
4.50002e+06
4.50001e+06
4.50001e+06
4.50001e+06
4.50001e+06
4.50001e+06
4.50001e+06
4.50001e+06
4.50001e+06
4.50001e+06
4.50001e+06
4.50001e+06
4.50002e+06
4.50003e+06
4.50004e+06
4.50005e+06
4.50006e+06
4.50006e+06
4.49997e+06
4.49999e+06
4.5e+06
4.50001e+06
4.50002e+06
4.50003e+06
4.50004e+06
4.50004e+06
4.50004e+06
4.50005e+06
4.50005e+06
4.50005e+06
4.50004e+06
4.50004e+06
4.50004e+06
4.50004e+06
4.50003e+06
4.50003e+06
4.50003e+06
4.50002e+06
4.50002e+06
4.50002e+06
4.50002e+06
4.50001e+06
4.50001e+06
4.50001e+06
4.50001e+06
4.50001e+06
4.50001e+06
4.50001e+06
4.50001e+06
4.50001e+06
4.50001e+06
4.50001e+06
4.50001e+06
4.50002e+06
4.50003e+06
4.50004e+06
4.50005e+06
4.50005e+06
4.50006e+06
4.49998e+06
4.49999e+06
4.5e+06
4.50001e+06
4.50002e+06
4.50003e+06
4.50003e+06
4.50004e+06
4.50004e+06
4.50004e+06
4.50004e+06
4.50004e+06
4.50004e+06
4.50004e+06
4.50003e+06
4.50003e+06
4.50003e+06
4.50003e+06
4.50002e+06
4.50002e+06
4.50002e+06
4.50002e+06
4.50001e+06
4.50001e+06
4.50001e+06
4.50001e+06
4.50001e+06
4.50001e+06
4.50001e+06
4.50001e+06
4.50001e+06
4.50001e+06
4.50001e+06
4.50001e+06
4.50001e+06
4.50002e+06
4.50002e+06
4.50003e+06
4.50004e+06
4.50005e+06
4.50005e+06
4.49998e+06
4.49999e+06
4.5e+06
4.50001e+06
4.50002e+06
4.50002e+06
4.50003e+06
4.50003e+06
4.50003e+06
4.50003e+06
4.50004e+06
4.50003e+06
4.50003e+06
4.50003e+06
4.50003e+06
4.50003e+06
4.50003e+06
4.50002e+06
4.50002e+06
4.50002e+06
4.50002e+06
4.50001e+06
4.50001e+06
4.50001e+06
4.50001e+06
4.50001e+06
4.50001e+06
4.50001e+06
4.50001e+06
4.5e+06
4.5e+06
4.5e+06
4.50001e+06
4.50001e+06
4.50001e+06
4.50001e+06
4.50002e+06
4.50003e+06
4.50004e+06
4.50004e+06
4.50005e+06
4.49999e+06
4.49999e+06
4.5e+06
4.50001e+06
4.50002e+06
4.50002e+06
4.50002e+06
4.50003e+06
4.50003e+06
4.50003e+06
4.50003e+06
4.50003e+06
4.50003e+06
4.50003e+06
4.50003e+06
4.50002e+06
4.50002e+06
4.50002e+06
4.50002e+06
4.50002e+06
4.50001e+06
4.50001e+06
4.50001e+06
4.50001e+06
4.50001e+06
4.50001e+06
4.50001e+06
4.50001e+06
4.5e+06
4.5e+06
4.5e+06
4.5e+06
4.5e+06
4.50001e+06
4.50001e+06
4.50001e+06
4.50002e+06
4.50003e+06
4.50003e+06
4.50004e+06
4.50004e+06
4.49999e+06
4.5e+06
4.5e+06
4.50001e+06
4.50001e+06
4.50002e+06
4.50002e+06
4.50002e+06
4.50002e+06
4.50003e+06
4.50003e+06
4.50003e+06
4.50002e+06
4.50002e+06
4.50002e+06
4.50002e+06
4.50002e+06
4.50002e+06
4.50002e+06
4.50001e+06
4.50001e+06
4.50001e+06
4.50001e+06
4.50001e+06
4.50001e+06
4.50001e+06
4.50001e+06
4.5e+06
4.5e+06
4.5e+06
4.5e+06
4.5e+06
4.5e+06
4.50001e+06
4.50001e+06
4.50001e+06
4.50002e+06
4.50002e+06
4.50003e+06
4.50004e+06
4.50004e+06
4.49999e+06
4.5e+06
4.5e+06
4.50001e+06
4.50001e+06
4.50001e+06
4.50002e+06
4.50002e+06
4.50002e+06
4.50002e+06
4.50002e+06
4.50002e+06
4.50002e+06
4.50002e+06
4.50002e+06
4.50002e+06
4.50002e+06
4.50001e+06
4.50001e+06
4.50001e+06
4.50001e+06
4.50001e+06
4.50001e+06
4.50001e+06
4.50001e+06
4.50001e+06
4.5e+06
4.5e+06
4.5e+06
4.5e+06
4.5e+06
4.5e+06
4.5e+06
4.5e+06
4.50001e+06
4.50001e+06
4.50001e+06
4.50002e+06
4.50003e+06
4.50003e+06
4.50003e+06
4.49999e+06
4.5e+06
4.5e+06
4.50001e+06
4.50001e+06
4.50001e+06
4.50001e+06
4.50002e+06
4.50002e+06
4.50002e+06
4.50002e+06
4.50002e+06
4.50002e+06
4.50002e+06
4.50001e+06
4.50001e+06
4.50001e+06
4.50001e+06
4.50001e+06
4.50001e+06
4.50001e+06
4.50001e+06
4.50001e+06
4.50001e+06
4.5e+06
4.5e+06
4.5e+06
4.5e+06
4.5e+06
4.5e+06
4.5e+06
4.5e+06
4.5e+06
4.5e+06
4.50001e+06
4.50001e+06
4.50001e+06
4.50002e+06
4.50002e+06
4.50003e+06
4.50003e+06
4.49999e+06
4.5e+06
4.5e+06
4.5e+06
4.50001e+06
4.50001e+06
4.50001e+06
4.50001e+06
4.50001e+06
4.50001e+06
4.50001e+06
4.50001e+06
4.50001e+06
4.50001e+06
4.50001e+06
4.50001e+06
4.50001e+06
4.50001e+06
4.50001e+06
4.50001e+06
4.50001e+06
4.50001e+06
4.5e+06
4.5e+06
4.5e+06
4.5e+06
4.5e+06
4.5e+06
4.5e+06
4.5e+06
4.5e+06
4.5e+06
4.5e+06
4.5e+06
4.5e+06
4.50001e+06
4.50001e+06
4.50001e+06
4.50002e+06
4.50002e+06
4.50002e+06
4.5e+06
4.5e+06
4.5e+06
4.5e+06
4.50001e+06
4.50001e+06
4.50001e+06
4.50001e+06
4.50001e+06
4.50001e+06
4.50001e+06
4.50001e+06
4.50001e+06
4.50001e+06
4.50001e+06
4.50001e+06
4.50001e+06
4.50001e+06
4.50001e+06
4.50001e+06
4.5e+06
4.5e+06
4.5e+06
4.5e+06
4.5e+06
4.5e+06
4.5e+06
4.5e+06
4.5e+06
4.5e+06
4.5e+06
4.5e+06
4.5e+06
4.5e+06
4.5e+06
4.5e+06
4.50001e+06
4.50001e+06
4.50001e+06
4.50002e+06
4.50002e+06
4.5e+06
4.5e+06
4.5e+06
4.5e+06
4.5e+06
4.5e+06
4.50001e+06
4.50001e+06
4.50001e+06
4.50001e+06
4.50001e+06
4.50001e+06
4.50001e+06
4.50001e+06
4.50001e+06
4.50001e+06
4.5e+06
4.5e+06
4.5e+06
4.5e+06
4.5e+06
4.5e+06
4.5e+06
4.5e+06
4.5e+06
4.5e+06
4.5e+06
4.5e+06
4.5e+06
4.5e+06
4.5e+06
4.5e+06
4.5e+06
4.5e+06
4.5e+06
4.5e+06
4.50001e+06
4.50001e+06
4.50001e+06
4.50001e+06
4.50001e+06
4.5e+06
4.5e+06
4.5e+06
4.5e+06
4.5e+06
4.5e+06
4.5e+06
4.5e+06
4.5e+06
4.5e+06
4.5e+06
4.5e+06
4.5e+06
4.5e+06
4.5e+06
4.5e+06
4.5e+06
4.5e+06
4.5e+06
4.5e+06
4.5e+06
4.5e+06
4.5e+06
4.5e+06
4.5e+06
4.5e+06
4.5e+06
4.5e+06
4.5e+06
4.5e+06
4.5e+06
4.5e+06
4.5e+06
4.5e+06
4.5e+06
4.5e+06
4.5e+06
4.50001e+06
4.50001e+06
4.50001e+06
4.50001e+06
4.5e+06
4.5e+06
4.5e+06
4.5e+06
4.5e+06
4.5e+06
4.5e+06
4.5e+06
4.5e+06
4.5e+06
4.5e+06
4.5e+06
4.5e+06
4.5e+06
4.5e+06
4.5e+06
4.5e+06
4.5e+06
4.5e+06
4.5e+06
4.5e+06
4.5e+06
4.5e+06
4.5e+06
4.5e+06
4.5e+06
4.5e+06
4.5e+06
4.5e+06
4.5e+06
4.5e+06
4.5e+06
4.5e+06
4.5e+06
4.5e+06
4.5e+06
4.5e+06
4.5e+06
4.5e+06
4.5e+06
4.5e+06
)
;

boundaryField
{
    inlet
    {
        type            fixedValue;
        value           uniform 4.5e+06;
    }
    outlet
    {
        type            fixedValue;
        value           nonuniform List<scalar> 0();
    }
    walls
    {
        type            fixedFluxPressure;
        gradient        uniform 0;
        value           nonuniform List<scalar> 
166
(
4.50009e+06
4.50009e+06
4.50009e+06
4.50009e+06
4.50009e+06
4.50009e+06
4.50009e+06
4.50009e+06
4.50009e+06
4.50009e+06
4.50009e+06
4.50009e+06
4.50009e+06
4.50009e+06
4.50009e+06
4.50009e+06
4.50009e+06
4.50009e+06
4.50009e+06
4.50009e+06
4.50008e+06
4.50008e+06
4.50008e+06
4.50008e+06
4.50007e+06
4.50007e+06
4.50006e+06
4.50006e+06
4.50006e+06
4.50005e+06
4.50005e+06
4.50004e+06
4.50004e+06
4.50003e+06
4.50003e+06
4.50002e+06
4.50002e+06
4.50001e+06
4.50001e+06
4.5e+06
4.50009e+06
4.50009e+06
4.50009e+06
4.50009e+06
4.50009e+06
4.50009e+06
4.50009e+06
4.50009e+06
4.50009e+06
4.50009e+06
4.50009e+06
4.50009e+06
4.50009e+06
4.50009e+06
4.50009e+06
4.50009e+06
4.50009e+06
4.50009e+06
4.50009e+06
4.50009e+06
4.50008e+06
4.50008e+06
4.50008e+06
4.50008e+06
4.50007e+06
4.50007e+06
4.50006e+06
4.50006e+06
4.50006e+06
4.50005e+06
4.50005e+06
4.50004e+06
4.50004e+06
4.50003e+06
4.50003e+06
4.50002e+06
4.50002e+06
4.50001e+06
4.50001e+06
4.5e+06
4.49521e+06
4.4973e+06
4.49865e+06
4.49952e+06
4.50008e+06
4.50042e+06
4.50062e+06
4.50073e+06
4.50077e+06
4.50077e+06
4.50074e+06
4.50069e+06
4.50064e+06
4.50058e+06
4.50051e+06
4.50046e+06
4.5004e+06
4.50035e+06
4.5003e+06
4.50026e+06
4.50022e+06
4.50019e+06
4.50016e+06
4.50014e+06
4.50012e+06
4.5001e+06
4.50009e+06
4.50008e+06
4.50007e+06
4.50006e+06
4.50006e+06
4.50006e+06
4.50006e+06
4.50006e+06
4.50006e+06
4.50007e+06
4.50007e+06
4.50008e+06
4.50008e+06
4.50008e+06
4.50009e+06
4.50009e+06
4.50009e+06
4.49521e+06
4.4973e+06
4.49865e+06
4.49952e+06
4.50008e+06
4.50042e+06
4.50062e+06
4.50073e+06
4.50077e+06
4.50077e+06
4.50074e+06
4.50069e+06
4.50064e+06
4.50058e+06
4.50051e+06
4.50046e+06
4.5004e+06
4.50035e+06
4.5003e+06
4.50026e+06
4.50022e+06
4.50019e+06
4.50016e+06
4.50014e+06
4.50012e+06
4.5001e+06
4.50009e+06
4.50008e+06
4.50007e+06
4.50006e+06
4.50006e+06
4.50006e+06
4.50006e+06
4.50006e+06
4.50006e+06
4.50007e+06
4.50007e+06
4.50008e+06
4.50008e+06
4.50008e+06
4.50009e+06
4.50009e+06
4.50009e+06
)
;
    }
    side1
    {
        type            cyclic;
    }
    side2
    {
        type            cyclic;
    }
    procBoundary2to1
    {
        type            processor;
        value           nonuniform List<scalar> 
84
(
4.49193e+06
4.49257e+06
4.49322e+06
4.49406e+06
4.49483e+06
4.49558e+06
4.49623e+06
4.4968e+06
4.49729e+06
4.49771e+06
4.49861e+06
4.49907e+06
4.49907e+06
4.49919e+06
4.4993e+06
4.4994e+06
4.49948e+06
4.49956e+06
4.49962e+06
4.49968e+06
4.49973e+06
4.49977e+06
4.4998e+06
4.49983e+06
4.49986e+06
4.49988e+06
4.4999e+06
4.49992e+06
4.49993e+06
4.49994e+06
4.49995e+06
4.49996e+06
4.49997e+06
4.49998e+06
4.49998e+06
4.49998e+06
4.49999e+06
4.49999e+06
4.49999e+06
4.5e+06
4.5e+06
4.5e+06
4.49193e+06
4.49257e+06
4.49322e+06
4.49406e+06
4.49483e+06
4.49558e+06
4.49623e+06
4.4968e+06
4.49729e+06
4.49771e+06
4.49861e+06
4.49907e+06
4.49907e+06
4.49919e+06
4.4993e+06
4.4994e+06
4.49948e+06
4.49956e+06
4.49962e+06
4.49968e+06
4.49973e+06
4.49977e+06
4.4998e+06
4.49983e+06
4.49986e+06
4.49988e+06
4.4999e+06
4.49992e+06
4.49993e+06
4.49994e+06
4.49995e+06
4.49996e+06
4.49997e+06
4.49998e+06
4.49998e+06
4.49998e+06
4.49999e+06
4.49999e+06
4.49999e+06
4.5e+06
4.5e+06
4.5e+06
)
;
    }
}


// ************************************************************************* //
