/*--------------------------------*- C++ -*----------------------------------*\
| =========                 |                                                 |
| \\      /  F ield         | OpenFOAM: The Open Source CFD Toolbox           |
|  \\    /   O peration     | Version:  v2012                                 |
|   \\  /    A nd           | Website:  www.openfoam.com                      |
|    \\/     M anipulation  |                                                 |
\*---------------------------------------------------------------------------*/
FoamFile
{
    version     2.0;
    format      ascii;
    class       volScalarField;
    location    "0.85";
    object      p_rgh;
}
// * * * * * * * * * * * * * * * * * * * * * * * * * * * * * * * * * * * * * //

dimensions      [1 -1 -2 0 0 0 0];


internalField   nonuniform List<scalar> 
2619
(
3.10001e+06
3.10001e+06
3.10001e+06
3.10001e+06
3.10001e+06
3.10001e+06
3.10001e+06
3.10001e+06
3.10001e+06
3.10001e+06
3.10001e+06
3.10001e+06
3.10001e+06
3.10001e+06
3.10001e+06
3.10001e+06
3.10002e+06
3.10001e+06
3.10001e+06
3.10001e+06
3.10001e+06
3.10001e+06
3.10001e+06
3.10001e+06
3.10001e+06
3.10001e+06
3.10001e+06
3.10001e+06
3.10001e+06
3.10001e+06
3.10001e+06
3.10001e+06
3.10001e+06
3.10001e+06
3.10002e+06
3.10001e+06
3.10001e+06
3.10001e+06
3.10001e+06
3.10001e+06
3.10001e+06
3.10001e+06
3.10001e+06
3.10001e+06
3.10001e+06
3.10001e+06
3.10001e+06
3.10001e+06
3.10001e+06
3.10001e+06
3.10001e+06
3.10001e+06
3.10001e+06
3.10002e+06
3.10001e+06
3.10002e+06
3.10001e+06
3.10001e+06
3.10001e+06
3.10001e+06
3.10001e+06
3.10001e+06
3.10001e+06
3.10001e+06
3.10001e+06
3.10001e+06
3.10001e+06
3.10001e+06
3.10001e+06
3.10001e+06
3.10001e+06
3.10001e+06
3.10002e+06
3.10001e+06
3.10002e+06
3.10001e+06
3.10002e+06
3.10001e+06
3.10001e+06
3.10001e+06
3.10001e+06
3.10001e+06
3.10001e+06
3.10001e+06
3.10001e+06
3.10001e+06
3.10001e+06
3.10001e+06
3.10001e+06
3.10001e+06
3.10001e+06
3.10002e+06
3.10001e+06
3.10002e+06
3.10001e+06
3.10002e+06
3.10001e+06
3.10002e+06
3.10001e+06
3.10001e+06
3.10001e+06
3.10001e+06
3.10001e+06
3.10001e+06
3.10001e+06
3.10001e+06
3.10001e+06
3.10001e+06
3.10001e+06
3.10001e+06
3.10002e+06
3.10001e+06
3.10002e+06
3.10001e+06
3.10002e+06
3.10001e+06
3.10002e+06
3.10001e+06
3.10002e+06
3.10001e+06
3.10001e+06
3.10001e+06
3.10001e+06
3.10001e+06
3.10001e+06
3.10001e+06
3.10001e+06
3.10001e+06
3.10001e+06
3.10003e+06
3.10001e+06
3.10002e+06
3.10001e+06
3.10002e+06
3.10002e+06
3.10002e+06
3.10001e+06
3.10002e+06
3.10002e+06
3.10002e+06
3.10001e+06
3.10001e+06
3.10001e+06
3.10001e+06
3.10001e+06
3.10001e+06
3.10001e+06
3.10001e+06
3.10003e+06
3.10001e+06
3.10002e+06
3.10002e+06
3.10002e+06
3.10002e+06
3.10002e+06
3.10002e+06
3.10002e+06
3.10002e+06
3.10002e+06
3.10002e+06
3.10002e+06
3.10001e+06
3.10001e+06
3.10001e+06
3.10001e+06
3.10001e+06
3.10001e+06
3.10003e+06
3.10001e+06
3.10002e+06
3.10002e+06
3.10002e+06
3.10002e+06
3.10002e+06
3.10002e+06
3.10002e+06
3.10002e+06
3.10002e+06
3.10002e+06
3.10002e+06
3.10002e+06
3.10001e+06
3.10001e+06
3.10001e+06
3.10001e+06
3.10001e+06
3.10003e+06
3.10002e+06
3.10003e+06
3.10002e+06
3.10002e+06
3.10002e+06
3.10002e+06
3.10002e+06
3.10002e+06
3.10002e+06
3.10002e+06
3.10002e+06
3.10002e+06
3.10002e+06
3.10002e+06
3.10002e+06
3.10001e+06
3.10001e+06
3.10001e+06
3.10004e+06
3.10002e+06
3.10003e+06
3.10002e+06
3.10002e+06
3.10002e+06
3.10002e+06
3.10002e+06
3.10002e+06
3.10002e+06
3.10002e+06
3.10002e+06
3.10002e+06
3.10002e+06
3.10002e+06
3.10002e+06
3.10002e+06
3.10001e+06
3.10001e+06
3.10001e+06
3.10001e+06
3.10001e+06
3.10001e+06
3.10004e+06
3.10002e+06
3.10003e+06
3.10002e+06
3.10003e+06
3.10002e+06
3.10002e+06
3.10002e+06
3.10002e+06
3.10002e+06
3.10002e+06
3.10002e+06
3.10002e+06
3.10002e+06
3.10002e+06
3.10002e+06
3.10002e+06
3.10002e+06
3.10001e+06
3.10001e+06
3.10001e+06
3.10001e+06
3.10001e+06
3.10004e+06
3.10002e+06
3.10003e+06
3.10002e+06
3.10003e+06
3.10002e+06
3.10003e+06
3.10002e+06
3.10003e+06
3.10002e+06
3.10002e+06
3.10002e+06
3.10002e+06
3.10002e+06
3.10002e+06
3.10002e+06
3.10002e+06
3.10002e+06
3.10002e+06
3.10001e+06
3.10001e+06
3.10001e+06
3.10001e+06
3.10005e+06
3.10002e+06
3.10004e+06
3.10003e+06
3.10003e+06
3.10003e+06
3.10003e+06
3.10003e+06
3.10003e+06
3.10003e+06
3.10003e+06
3.10002e+06
3.10002e+06
3.10002e+06
3.10002e+06
3.10002e+06
3.10002e+06
3.10002e+06
3.10002e+06
3.10002e+06
3.10001e+06
3.10001e+06
3.10001e+06
3.10005e+06
3.10002e+06
3.10004e+06
3.10003e+06
3.10003e+06
3.10003e+06
3.10003e+06
3.10003e+06
3.10003e+06
3.10003e+06
3.10003e+06
3.10003e+06
3.10002e+06
3.10002e+06
3.10002e+06
3.10002e+06
3.10002e+06
3.10002e+06
3.10002e+06
3.10002e+06
3.10001e+06
3.10001e+06
3.10001e+06
3.10005e+06
3.10003e+06
3.10004e+06
3.10003e+06
3.10004e+06
3.10003e+06
3.10003e+06
3.10003e+06
3.10003e+06
3.10003e+06
3.10003e+06
3.10003e+06
3.10003e+06
3.10003e+06
3.10002e+06
3.10002e+06
3.10002e+06
3.10002e+06
3.10002e+06
3.10002e+06
3.10002e+06
3.10001e+06
3.10001e+06
3.10006e+06
3.10003e+06
3.10005e+06
3.10003e+06
3.10004e+06
3.10003e+06
3.10004e+06
3.10003e+06
3.10003e+06
3.10003e+06
3.10003e+06
3.10003e+06
3.10003e+06
3.10003e+06
3.10003e+06
3.10002e+06
3.10002e+06
3.10002e+06
3.10002e+06
3.10002e+06
3.10002e+06
3.10002e+06
3.10001e+06
3.10007e+06
3.10003e+06
3.10005e+06
3.10004e+06
3.10004e+06
3.10004e+06
3.10004e+06
3.10004e+06
3.10004e+06
3.10004e+06
3.10003e+06
3.10003e+06
3.10003e+06
3.10003e+06
3.10003e+06
3.10003e+06
3.10002e+06
3.10002e+06
3.10002e+06
3.10002e+06
3.10002e+06
3.10002e+06
3.10001e+06
3.10007e+06
3.10004e+06
3.10006e+06
3.10004e+06
3.10005e+06
3.10004e+06
3.10004e+06
3.10004e+06
3.10004e+06
3.10004e+06
3.10004e+06
3.10003e+06
3.10003e+06
3.10003e+06
3.10003e+06
3.10003e+06
3.10003e+06
3.10002e+06
3.10002e+06
3.10002e+06
3.10002e+06
3.10002e+06
3.10001e+06
3.10008e+06
3.10004e+06
3.10006e+06
3.10005e+06
3.10005e+06
3.10004e+06
3.10005e+06
3.10004e+06
3.10004e+06
3.10004e+06
3.10004e+06
3.10004e+06
3.10004e+06
3.10003e+06
3.10003e+06
3.10003e+06
3.10003e+06
3.10003e+06
3.10002e+06
3.10002e+06
3.10002e+06
3.10002e+06
3.10002e+06
3.10008e+06
3.10004e+06
3.10007e+06
3.10005e+06
3.10006e+06
3.10005e+06
3.10005e+06
3.10004e+06
3.10005e+06
3.10004e+06
3.10004e+06
3.10004e+06
3.10004e+06
3.10004e+06
3.10003e+06
3.10003e+06
3.10003e+06
3.10003e+06
3.10002e+06
3.10002e+06
3.10002e+06
3.10002e+06
3.10002e+06
3.1001e+06
3.10005e+06
3.10008e+06
3.10006e+06
3.10007e+06
3.10006e+06
3.10006e+06
3.10005e+06
3.10005e+06
3.10005e+06
3.10005e+06
3.10004e+06
3.10004e+06
3.10004e+06
3.10004e+06
3.10003e+06
3.10003e+06
3.10003e+06
3.10003e+06
3.10002e+06
3.10002e+06
3.10002e+06
3.10002e+06
3.1001e+06
3.10005e+06
3.10008e+06
3.10006e+06
3.10007e+06
3.10006e+06
3.10006e+06
3.10006e+06
3.10006e+06
3.10005e+06
3.10005e+06
3.10005e+06
3.10004e+06
3.10004e+06
3.10004e+06
3.10004e+06
3.10003e+06
3.10003e+06
3.10003e+06
3.10003e+06
3.10002e+06
3.10002e+06
3.10002e+06
3.10012e+06
3.10006e+06
3.10009e+06
3.10007e+06
3.10008e+06
3.10007e+06
3.10007e+06
3.10006e+06
3.10006e+06
3.10006e+06
3.10006e+06
3.10005e+06
3.10005e+06
3.10005e+06
3.10004e+06
3.10004e+06
3.10004e+06
3.10003e+06
3.10003e+06
3.10003e+06
3.10002e+06
3.10002e+06
3.10002e+06
3.10012e+06
3.10006e+06
3.10009e+06
3.10006e+06
3.10008e+06
3.10007e+06
3.10007e+06
3.10007e+06
3.10007e+06
3.10006e+06
3.10006e+06
3.10006e+06
3.10005e+06
3.10005e+06
3.10005e+06
3.10004e+06
3.10004e+06
3.10003e+06
3.10003e+06
3.10003e+06
3.10002e+06
3.10002e+06
3.10002e+06
3.10014e+06
3.10007e+06
3.10011e+06
3.10008e+06
3.1001e+06
3.10008e+06
3.10009e+06
3.10008e+06
3.10008e+06
3.10007e+06
3.10007e+06
3.10006e+06
3.10006e+06
3.10005e+06
3.10005e+06
3.10005e+06
3.10004e+06
3.10004e+06
3.10003e+06
3.10003e+06
3.10003e+06
3.10002e+06
3.10002e+06
3.10015e+06
3.10007e+06
3.10011e+06
3.10008e+06
3.1001e+06
3.10008e+06
3.10009e+06
3.10008e+06
3.10008e+06
3.10007e+06
3.10007e+06
3.10006e+06
3.10006e+06
3.10006e+06
3.10005e+06
3.10005e+06
3.10004e+06
3.10004e+06
3.10003e+06
3.10003e+06
3.10003e+06
3.10002e+06
3.10002e+06
3.10019e+06
3.10009e+06
3.10014e+06
3.10011e+06
3.10013e+06
3.10011e+06
3.10011e+06
3.1001e+06
3.1001e+06
3.10009e+06
3.10008e+06
3.10008e+06
3.10007e+06
3.10006e+06
3.10006e+06
3.10005e+06
3.10005e+06
3.10004e+06
3.10004e+06
3.10003e+06
3.10003e+06
3.10002e+06
3.10002e+06
3.10018e+06
3.10008e+06
3.10014e+06
3.10009e+06
3.10012e+06
3.10009e+06
3.1001e+06
3.10009e+06
3.10009e+06
3.10008e+06
3.10008e+06
3.10008e+06
3.10007e+06
3.10007e+06
3.10006e+06
3.10005e+06
3.10005e+06
3.10004e+06
3.10004e+06
3.10003e+06
3.10003e+06
3.10002e+06
3.10002e+06
3.10024e+06
3.10013e+06
3.10019e+06
3.10014e+06
3.10016e+06
3.10013e+06
3.10014e+06
3.10012e+06
3.10012e+06
3.10011e+06
3.1001e+06
3.10009e+06
3.10008e+06
3.10008e+06
3.10007e+06
3.10006e+06
3.10005e+06
3.10005e+06
3.10004e+06
3.10003e+06
3.10003e+06
3.10002e+06
3.10002e+06
3.10022e+06
3.10009e+06
3.10017e+06
3.10011e+06
3.10014e+06
3.10011e+06
3.10012e+06
3.10011e+06
3.10011e+06
3.1001e+06
3.1001e+06
3.10009e+06
3.10008e+06
3.10008e+06
3.10007e+06
3.10006e+06
3.10005e+06
3.10005e+06
3.10004e+06
3.10003e+06
3.10003e+06
3.10002e+06
3.10002e+06
3.10033e+06
3.10018e+06
3.10026e+06
3.10019e+06
3.10022e+06
3.10018e+06
3.10019e+06
3.10016e+06
3.10016e+06
3.10014e+06
3.10013e+06
3.10011e+06
3.1001e+06
3.10009e+06
3.10008e+06
3.10007e+06
3.10006e+06
3.10005e+06
3.10004e+06
3.10003e+06
3.10003e+06
3.10002e+06
3.10002e+06
3.10028e+06
3.10011e+06
3.1002e+06
3.10013e+06
3.10017e+06
3.10013e+06
3.10014e+06
3.10012e+06
3.10013e+06
3.10012e+06
3.10011e+06
3.1001e+06
3.1001e+06
3.10009e+06
3.10008e+06
3.10007e+06
3.10006e+06
3.10005e+06
3.10004e+06
3.10003e+06
3.10003e+06
3.10002e+06
3.10002e+06
3.10046e+06
3.10025e+06
3.10036e+06
3.10027e+06
3.1003e+06
3.10025e+06
3.10025e+06
3.10022e+06
3.10021e+06
3.10018e+06
3.10017e+06
3.10014e+06
3.10013e+06
3.10011e+06
3.10009e+06
3.10008e+06
3.10007e+06
3.10005e+06
3.10004e+06
3.10003e+06
3.10003e+06
3.10002e+06
3.10001e+06
3.10035e+06
3.10011e+06
3.10024e+06
3.10014e+06
3.1002e+06
3.10014e+06
3.10017e+06
3.10014e+06
3.10015e+06
3.10013e+06
3.10013e+06
3.10012e+06
3.10011e+06
3.1001e+06
3.10009e+06
3.10007e+06
3.10006e+06
3.10005e+06
3.10004e+06
3.10003e+06
3.10002e+06
3.10002e+06
3.10001e+06
3.10066e+06
3.10038e+06
3.10053e+06
3.10039e+06
3.10044e+06
3.10036e+06
3.10036e+06
3.1003e+06
3.10029e+06
3.10025e+06
3.10022e+06
3.10018e+06
3.10016e+06
3.10013e+06
3.10011e+06
3.10009e+06
3.10007e+06
3.10006e+06
3.10004e+06
3.10003e+06
3.10002e+06
3.10002e+06
3.10001e+06
3.10044e+06
3.1001e+06
3.10029e+06
3.10015e+06
3.10022e+06
3.10015e+06
3.10019e+06
3.10015e+06
3.10016e+06
3.10014e+06
3.10014e+06
3.10012e+06
3.10012e+06
3.1001e+06
3.10009e+06
3.10007e+06
3.10006e+06
3.10005e+06
3.10004e+06
3.10003e+06
3.10002e+06
3.10001e+06
3.1e+06
3.101e+06
3.10059e+06
3.1008e+06
3.1006e+06
3.10067e+06
3.10053e+06
3.10054e+06
3.10044e+06
3.10041e+06
3.10034e+06
3.1003e+06
3.10024e+06
3.1002e+06
3.10016e+06
3.10013e+06
3.1001e+06
3.10008e+06
3.10005e+06
3.10004e+06
3.10003e+06
3.10002e+06
3.10001e+06
3.1e+06
3.10055e+06
3.10006e+06
3.10033e+06
3.10012e+06
3.10024e+06
3.10013e+06
3.10019e+06
3.10013e+06
3.10017e+06
3.10013e+06
3.10014e+06
3.10012e+06
3.10011e+06
3.1001e+06
3.10008e+06
3.10007e+06
3.10005e+06
3.10004e+06
3.10003e+06
3.10002e+06
3.10001e+06
3.1e+06
3.09999e+06
3.10159e+06
3.10096e+06
3.10128e+06
3.10095e+06
3.10105e+06
3.10083e+06
3.10083e+06
3.10066e+06
3.10061e+06
3.10048e+06
3.10042e+06
3.10032e+06
3.10026e+06
3.10019e+06
3.10015e+06
3.1001e+06
3.10007e+06
3.10005e+06
3.10003e+06
3.10001e+06
3.1e+06
3.09999e+06
3.09999e+06
3.10071e+06
3.09994e+06
3.10037e+06
3.10002e+06
3.10023e+06
3.10004e+06
3.10017e+06
3.10006e+06
3.10013e+06
3.10008e+06
3.10011e+06
3.10008e+06
3.10009e+06
3.10007e+06
3.10006e+06
3.10004e+06
3.10003e+06
3.10002e+06
3.10001e+06
3.1e+06
3.09999e+06
3.09998e+06
3.09998e+06
3.10266e+06
3.10163e+06
3.10214e+06
3.10158e+06
3.10173e+06
3.10133e+06
3.10133e+06
3.10101e+06
3.10094e+06
3.10069e+06
3.1006e+06
3.10043e+06
3.10034e+06
3.10023e+06
3.10017e+06
3.1001e+06
3.10006e+06
3.10003e+06
3.10001e+06
3.09999e+06
3.09998e+06
3.09997e+06
3.09997e+06
3.10094e+06
3.09967e+06
3.10039e+06
3.09978e+06
3.10016e+06
3.09981e+06
3.10006e+06
3.09987e+06
3.10003e+06
3.09993e+06
3.10002e+06
3.09998e+06
3.10002e+06
3.09999e+06
3.10001e+06
3.09999e+06
3.09999e+06
3.09998e+06
3.09997e+06
3.09997e+06
3.09996e+06
3.09996e+06
3.09996e+06
3.1047e+06
3.10291e+06
3.10377e+06
3.10271e+06
3.103e+06
3.10218e+06
3.10221e+06
3.10156e+06
3.10147e+06
3.101e+06
3.10086e+06
3.10055e+06
3.10043e+06
3.10025e+06
3.10017e+06
3.10008e+06
3.10003e+06
3.09999e+06
3.09997e+06
3.09996e+06
3.09995e+06
3.09995e+06
3.09995e+06
3.10138e+06
3.09907e+06
3.10039e+06
3.0992e+06
3.09998e+06
3.09925e+06
3.09982e+06
3.09939e+06
3.09979e+06
3.09957e+06
3.09982e+06
3.09973e+06
3.09987e+06
3.09984e+06
3.0999e+06
3.09989e+06
3.09991e+06
3.09991e+06
3.09992e+06
3.09992e+06
3.09992e+06
3.09993e+06
3.09993e+06
3.10887e+06
3.10543e+06
3.10706e+06
3.10484e+06
3.10545e+06
3.10362e+06
3.1038e+06
3.10238e+06
3.10232e+06
3.10136e+06
3.10122e+06
3.10066e+06
3.10052e+06
3.10023e+06
3.10015e+06
3.10002e+06
3.09998e+06
3.09993e+06
3.09992e+06
3.09991e+06
3.09991e+06
3.09991e+06
3.09992e+06
3.10242e+06
3.09784e+06
3.10046e+06
3.09788e+06
3.09963e+06
3.09786e+06
3.09931e+06
3.09824e+06
3.09929e+06
3.09878e+06
3.09942e+06
3.09925e+06
3.09958e+06
3.09955e+06
3.09971e+06
3.09972e+06
3.09979e+06
3.09981e+06
3.09984e+06
3.09986e+06
3.09988e+06
3.09989e+06
3.0999e+06
3.11796e+06
3.11087e+06
3.11417e+06
3.10906e+06
3.11051e+06
3.1059e+06
3.10666e+06
3.10332e+06
3.10361e+06
3.10161e+06
3.10163e+06
3.10061e+06
3.10055e+06
3.10011e+06
3.10006e+06
3.0999e+06
3.09988e+06
3.09984e+06
3.09985e+06
3.09985e+06
3.09986e+06
3.09988e+06
3.09989e+06
3.10517e+06
3.09561e+06
3.10103e+06
3.09491e+06
3.09906e+06
3.0942e+06
3.09832e+06
3.09551e+06
3.09837e+06
3.09715e+06
3.09874e+06
3.09837e+06
3.09914e+06
3.09911e+06
3.09944e+06
3.09949e+06
3.09964e+06
3.09969e+06
3.09975e+06
3.09979e+06
3.09983e+06
3.09985e+06
3.09987e+06
3.13886e+06
3.12419e+06
3.13084e+06
3.11847e+06
3.12197e+06
3.10847e+06
3.11147e+06
3.1033e+06
3.10505e+06
3.10104e+06
3.10178e+06
3.10011e+06
3.10036e+06
3.09977e+06
3.09986e+06
3.0997e+06
3.09974e+06
3.09973e+06
3.09977e+06
3.09979e+06
3.09982e+06
3.09984e+06
3.09987e+06
3.11255e+06
3.09384e+06
3.10415e+06
3.08887e+06
3.09836e+06
3.08261e+06
3.09652e+06
3.08912e+06
3.09701e+06
3.09427e+06
3.09787e+06
3.09716e+06
3.09863e+06
3.09859e+06
3.09917e+06
3.09926e+06
3.09949e+06
3.09958e+06
3.09968e+06
3.09973e+06
3.09979e+06
3.09982e+06
3.09985e+06
3.18715e+06
3.16237e+06
3.17367e+06
3.1458e+06
3.15368e+06
3.10326e+06
3.11604e+06
3.09787e+06
3.10463e+06
3.09809e+06
3.10083e+06
3.09873e+06
3.09971e+06
3.09916e+06
3.09952e+06
3.09944e+06
3.09958e+06
3.09962e+06
3.09969e+06
3.09974e+06
3.09978e+06
3.09982e+06
3.09985e+06
3.1361e+06
3.1096e+06
3.1222e+06
3.08462e+06
3.09698e+06
3.03189e+06
3.09324e+06
3.07786e+06
3.09635e+06
3.09146e+06
3.09758e+06
3.09646e+06
3.09849e+06
3.0984e+06
3.09909e+06
3.09919e+06
3.09945e+06
3.09954e+06
3.09965e+06
3.09972e+06
3.09977e+06
3.09981e+06
3.09985e+06
3.28925e+06
3.27611e+06
3.28636e+06
3.27293e+06
3.27977e+06
3.23856e+06
3.2352e+06
3.23845e+06
3.22961e+06
3.23192e+06
3.3994e+06
3.39219e+06
3.42774e+06
3.40219e+06
3.45609e+06
3.35423e+06
3.38542e+06
3.38393e+06
3.34933e+06
3.34188e+06
3.4146e+06
3.38237e+06
3.5418e+06
3.40765e+06
4.00066e+06
3.76383e+06
4.00163e+06
4.00162e+06
4.00125e+06
3.93764e+06
3.93347e+06
3.92787e+06
3.95574e+06
3.97131e+06
3.98641e+06
3.98642e+06
3.98684e+06
3.9887e+06
3.99422e+06
3.99489e+06
4.00211e+06
3.99511e+06
3.99603e+06
3.99992e+06
3.99993e+06
4.00217e+06
4.00086e+06
4.00073e+06
4.00099e+06
4.00151e+06
4.0022e+06
4.00293e+06
4.00229e+06
4.01914e+06
4.00223e+06
4.00222e+06
4.02991e+06
4.01486e+06
4.01786e+06
4.01666e+06
4.00241e+06
4.11247e+06
4.05919e+06
4.08091e+06
4.06318e+06
4.00241e+06
4.00248e+06
4.01237e+06
4.00223e+06
4.00227e+06
4.03674e+06
4.1668e+06
4.0023e+06
4.00232e+06
4.00227e+06
4.00242e+06
4.46207e+06
4.00245e+06
4.00266e+06
4.00237e+06
4.00302e+06
4.00953e+06
4.00304e+06
4.00336e+06
4.00259e+06
4.41637e+06
4.0036e+06
4.00516e+06
4.00324e+06
4.003e+06
6.11411e+06
6.14995e+06
6.30194e+06
6.24873e+06
5.67503e+06
6.12265e+06
6.11677e+06
6.07792e+06
6.07114e+06
5.9811e+06
6.06206e+06
6.05582e+06
6.05812e+06
6.05533e+06
6.05872e+06
6.06266e+06
6.06221e+06
6.0585e+06
6.05858e+06
6.05295e+06
6.05422e+06
6.05371e+06
6.05436e+06
6.05406e+06
6.05493e+06
3.10002e+06
3.10001e+06
3.10001e+06
3.10001e+06
3.10001e+06
3.10001e+06
3.10001e+06
3.10001e+06
3.10001e+06
3.10001e+06
3.10001e+06
3.10001e+06
3.10001e+06
3.10001e+06
3.10001e+06
3.10001e+06
3.10001e+06
3.10002e+06
3.10001e+06
3.10001e+06
3.10001e+06
3.10001e+06
3.10001e+06
3.10001e+06
3.10001e+06
3.10001e+06
3.10001e+06
3.10001e+06
3.10001e+06
3.10001e+06
3.10001e+06
3.10001e+06
3.10001e+06
3.10001e+06
3.10001e+06
3.10002e+06
3.10001e+06
3.10001e+06
3.10001e+06
3.10001e+06
3.10001e+06
3.10001e+06
3.10001e+06
3.10001e+06
3.10001e+06
3.10001e+06
3.10001e+06
3.10001e+06
3.10001e+06
3.10001e+06
3.10001e+06
3.10001e+06
3.10001e+06
3.10001e+06
3.10002e+06
3.10001e+06
3.10002e+06
3.10001e+06
3.10001e+06
3.10001e+06
3.10001e+06
3.10001e+06
3.10001e+06
3.10001e+06
3.10001e+06
3.10001e+06
3.10001e+06
3.10001e+06
3.10001e+06
3.10001e+06
3.10001e+06
3.10001e+06
3.10001e+06
3.10002e+06
3.10001e+06
3.10002e+06
3.10001e+06
3.10002e+06
3.10001e+06
3.10001e+06
3.10001e+06
3.10001e+06
3.10001e+06
3.10001e+06
3.10001e+06
3.10001e+06
3.10001e+06
3.10001e+06
3.10001e+06
3.10001e+06
3.10001e+06
3.10001e+06
3.10002e+06
3.10001e+06
3.10002e+06
3.10001e+06
3.10002e+06
3.10001e+06
3.10002e+06
3.10001e+06
3.10001e+06
3.10001e+06
3.10001e+06
3.10001e+06
3.10001e+06
3.10001e+06
3.10001e+06
3.10001e+06
3.10001e+06
3.10001e+06
3.10001e+06
3.10002e+06
3.10001e+06
3.10002e+06
3.10001e+06
3.10002e+06
3.10001e+06
3.10002e+06
3.10001e+06
3.10002e+06
3.10001e+06
3.10001e+06
3.10001e+06
3.10001e+06
3.10001e+06
3.10001e+06
3.10001e+06
3.10001e+06
3.10001e+06
3.10001e+06
3.10003e+06
3.10001e+06
3.10002e+06
3.10001e+06
3.10002e+06
3.10002e+06
3.10002e+06
3.10001e+06
3.10002e+06
3.10002e+06
3.10002e+06
3.10001e+06
3.10001e+06
3.10001e+06
3.10001e+06
3.10001e+06
3.10001e+06
3.10001e+06
3.10001e+06
3.10003e+06
3.10001e+06
3.10002e+06
3.10002e+06
3.10002e+06
3.10002e+06
3.10002e+06
3.10002e+06
3.10002e+06
3.10002e+06
3.10002e+06
3.10002e+06
3.10002e+06
3.10001e+06
3.10001e+06
3.10001e+06
3.10001e+06
3.10001e+06
3.10001e+06
3.10003e+06
3.10001e+06
3.10002e+06
3.10002e+06
3.10002e+06
3.10002e+06
3.10002e+06
3.10002e+06
3.10002e+06
3.10002e+06
3.10002e+06
3.10002e+06
3.10002e+06
3.10002e+06
3.10001e+06
3.10001e+06
3.10001e+06
3.10001e+06
3.10001e+06
3.10003e+06
3.10002e+06
3.10003e+06
3.10002e+06
3.10002e+06
3.10002e+06
3.10002e+06
3.10002e+06
3.10002e+06
3.10002e+06
3.10002e+06
3.10002e+06
3.10002e+06
3.10002e+06
3.10002e+06
3.10002e+06
3.10001e+06
3.10001e+06
3.10001e+06
3.10004e+06
3.10002e+06
3.10003e+06
3.10002e+06
3.10002e+06
3.10002e+06
3.10002e+06
3.10002e+06
3.10002e+06
3.10002e+06
3.10002e+06
3.10002e+06
3.10002e+06
3.10002e+06
3.10002e+06
3.10002e+06
3.10002e+06
3.10001e+06
3.10001e+06
3.10001e+06
3.10001e+06
3.10001e+06
3.10001e+06
3.10004e+06
3.10002e+06
3.10003e+06
3.10002e+06
3.10003e+06
3.10002e+06
3.10002e+06
3.10002e+06
3.10002e+06
3.10002e+06
3.10002e+06
3.10002e+06
3.10002e+06
3.10002e+06
3.10002e+06
3.10002e+06
3.10002e+06
3.10002e+06
3.10001e+06
3.10001e+06
3.10001e+06
3.10001e+06
3.10001e+06
3.10004e+06
3.10002e+06
3.10003e+06
3.10002e+06
3.10003e+06
3.10002e+06
3.10003e+06
3.10002e+06
3.10003e+06
3.10002e+06
3.10002e+06
3.10002e+06
3.10002e+06
3.10002e+06
3.10002e+06
3.10002e+06
3.10002e+06
3.10002e+06
3.10002e+06
3.10001e+06
3.10001e+06
3.10001e+06
3.10001e+06
3.10005e+06
3.10002e+06
3.10004e+06
3.10003e+06
3.10003e+06
3.10003e+06
3.10003e+06
3.10003e+06
3.10003e+06
3.10003e+06
3.10003e+06
3.10002e+06
3.10002e+06
3.10002e+06
3.10002e+06
3.10002e+06
3.10002e+06
3.10002e+06
3.10002e+06
3.10002e+06
3.10001e+06
3.10001e+06
3.10001e+06
3.10005e+06
3.10002e+06
3.10004e+06
3.10003e+06
3.10003e+06
3.10003e+06
3.10003e+06
3.10003e+06
3.10003e+06
3.10003e+06
3.10003e+06
3.10003e+06
3.10002e+06
3.10002e+06
3.10002e+06
3.10002e+06
3.10002e+06
3.10002e+06
3.10002e+06
3.10002e+06
3.10001e+06
3.10001e+06
3.10001e+06
3.10005e+06
3.10003e+06
3.10004e+06
3.10003e+06
3.10004e+06
3.10003e+06
3.10003e+06
3.10003e+06
3.10003e+06
3.10003e+06
3.10003e+06
3.10003e+06
3.10003e+06
3.10003e+06
3.10002e+06
3.10002e+06
3.10002e+06
3.10002e+06
3.10002e+06
3.10002e+06
3.10002e+06
3.10001e+06
3.10001e+06
3.10006e+06
3.10003e+06
3.10005e+06
3.10003e+06
3.10004e+06
3.10003e+06
3.10004e+06
3.10003e+06
3.10003e+06
3.10003e+06
3.10003e+06
3.10003e+06
3.10003e+06
3.10003e+06
3.10003e+06
3.10002e+06
3.10002e+06
3.10002e+06
3.10002e+06
3.10002e+06
3.10002e+06
3.10002e+06
3.10001e+06
3.10007e+06
3.10003e+06
3.10005e+06
3.10004e+06
3.10004e+06
3.10004e+06
3.10004e+06
3.10004e+06
3.10004e+06
3.10004e+06
3.10003e+06
3.10003e+06
3.10003e+06
3.10003e+06
3.10003e+06
3.10003e+06
3.10002e+06
3.10002e+06
3.10002e+06
3.10002e+06
3.10002e+06
3.10002e+06
3.10001e+06
3.10007e+06
3.10004e+06
3.10006e+06
3.10004e+06
3.10005e+06
3.10004e+06
3.10004e+06
3.10004e+06
3.10004e+06
3.10004e+06
3.10004e+06
3.10003e+06
3.10003e+06
3.10003e+06
3.10003e+06
3.10003e+06
3.10003e+06
3.10002e+06
3.10002e+06
3.10002e+06
3.10002e+06
3.10002e+06
3.10001e+06
3.10008e+06
3.10004e+06
3.10006e+06
3.10005e+06
3.10005e+06
3.10004e+06
3.10005e+06
3.10004e+06
3.10004e+06
3.10004e+06
3.10004e+06
3.10004e+06
3.10004e+06
3.10003e+06
3.10003e+06
3.10003e+06
3.10003e+06
3.10003e+06
3.10002e+06
3.10002e+06
3.10002e+06
3.10002e+06
3.10002e+06
3.10008e+06
3.10004e+06
3.10007e+06
3.10005e+06
3.10006e+06
3.10005e+06
3.10005e+06
3.10004e+06
3.10005e+06
3.10004e+06
3.10004e+06
3.10004e+06
3.10004e+06
3.10004e+06
3.10003e+06
3.10003e+06
3.10003e+06
3.10003e+06
3.10002e+06
3.10002e+06
3.10002e+06
3.10002e+06
3.10002e+06
3.1001e+06
3.10005e+06
3.10008e+06
3.10006e+06
3.10007e+06
3.10006e+06
3.10006e+06
3.10005e+06
3.10005e+06
3.10005e+06
3.10005e+06
3.10004e+06
3.10004e+06
3.10004e+06
3.10004e+06
3.10003e+06
3.10003e+06
3.10003e+06
3.10003e+06
3.10002e+06
3.10002e+06
3.10002e+06
3.10002e+06
3.1001e+06
3.10005e+06
3.10008e+06
3.10006e+06
3.10007e+06
3.10006e+06
3.10006e+06
3.10006e+06
3.10006e+06
3.10005e+06
3.10005e+06
3.10005e+06
3.10004e+06
3.10004e+06
3.10004e+06
3.10004e+06
3.10003e+06
3.10003e+06
3.10003e+06
3.10003e+06
3.10002e+06
3.10002e+06
3.10002e+06
3.10012e+06
3.10006e+06
3.10009e+06
3.10007e+06
3.10008e+06
3.10007e+06
3.10007e+06
3.10006e+06
3.10006e+06
3.10006e+06
3.10006e+06
3.10005e+06
3.10005e+06
3.10005e+06
3.10004e+06
3.10004e+06
3.10004e+06
3.10003e+06
3.10003e+06
3.10003e+06
3.10002e+06
3.10002e+06
3.10002e+06
3.10012e+06
3.10006e+06
3.10009e+06
3.10006e+06
3.10008e+06
3.10007e+06
3.10007e+06
3.10007e+06
3.10007e+06
3.10006e+06
3.10006e+06
3.10006e+06
3.10005e+06
3.10005e+06
3.10005e+06
3.10004e+06
3.10004e+06
3.10003e+06
3.10003e+06
3.10003e+06
3.10002e+06
3.10002e+06
3.10002e+06
3.10014e+06
3.10007e+06
3.10011e+06
3.10008e+06
3.1001e+06
3.10008e+06
3.10009e+06
3.10008e+06
3.10008e+06
3.10007e+06
3.10007e+06
3.10006e+06
3.10006e+06
3.10005e+06
3.10005e+06
3.10005e+06
3.10004e+06
3.10004e+06
3.10003e+06
3.10003e+06
3.10003e+06
3.10002e+06
3.10002e+06
3.10015e+06
3.10007e+06
3.10011e+06
3.10008e+06
3.1001e+06
3.10008e+06
3.10009e+06
3.10008e+06
3.10008e+06
3.10007e+06
3.10007e+06
3.10006e+06
3.10006e+06
3.10006e+06
3.10005e+06
3.10005e+06
3.10004e+06
3.10004e+06
3.10003e+06
3.10003e+06
3.10003e+06
3.10002e+06
3.10002e+06
3.10019e+06
3.10009e+06
3.10014e+06
3.10011e+06
3.10013e+06
3.10011e+06
3.10011e+06
3.1001e+06
3.1001e+06
3.10009e+06
3.10008e+06
3.10008e+06
3.10007e+06
3.10006e+06
3.10006e+06
3.10005e+06
3.10005e+06
3.10004e+06
3.10004e+06
3.10003e+06
3.10003e+06
3.10002e+06
3.10002e+06
3.10018e+06
3.10008e+06
3.10014e+06
3.10009e+06
3.10012e+06
3.10009e+06
3.1001e+06
3.10009e+06
3.10009e+06
3.10008e+06
3.10008e+06
3.10008e+06
3.10007e+06
3.10007e+06
3.10006e+06
3.10005e+06
3.10005e+06
3.10004e+06
3.10004e+06
3.10003e+06
3.10003e+06
3.10002e+06
3.10002e+06
3.10024e+06
3.10013e+06
3.10019e+06
3.10014e+06
3.10016e+06
3.10013e+06
3.10014e+06
3.10012e+06
3.10012e+06
3.10011e+06
3.1001e+06
3.10009e+06
3.10008e+06
3.10008e+06
3.10007e+06
3.10006e+06
3.10005e+06
3.10005e+06
3.10004e+06
3.10003e+06
3.10003e+06
3.10002e+06
3.10002e+06
3.10022e+06
3.10009e+06
3.10017e+06
3.10011e+06
3.10014e+06
3.10011e+06
3.10012e+06
3.10011e+06
3.10011e+06
3.1001e+06
3.1001e+06
3.10009e+06
3.10008e+06
3.10008e+06
3.10007e+06
3.10006e+06
3.10005e+06
3.10005e+06
3.10004e+06
3.10003e+06
3.10003e+06
3.10002e+06
3.10002e+06
3.10033e+06
3.10018e+06
3.10026e+06
3.10019e+06
3.10022e+06
3.10018e+06
3.10019e+06
3.10016e+06
3.10016e+06
3.10014e+06
3.10013e+06
3.10011e+06
3.1001e+06
3.10009e+06
3.10008e+06
3.10007e+06
3.10006e+06
3.10005e+06
3.10004e+06
3.10003e+06
3.10003e+06
3.10002e+06
3.10002e+06
3.10028e+06
3.10011e+06
3.1002e+06
3.10013e+06
3.10017e+06
3.10013e+06
3.10014e+06
3.10012e+06
3.10013e+06
3.10012e+06
3.10011e+06
3.1001e+06
3.1001e+06
3.10009e+06
3.10008e+06
3.10007e+06
3.10006e+06
3.10005e+06
3.10004e+06
3.10003e+06
3.10003e+06
3.10002e+06
3.10002e+06
3.10046e+06
3.10025e+06
3.10036e+06
3.10027e+06
3.1003e+06
3.10025e+06
3.10025e+06
3.10022e+06
3.10021e+06
3.10018e+06
3.10017e+06
3.10014e+06
3.10013e+06
3.10011e+06
3.10009e+06
3.10008e+06
3.10007e+06
3.10005e+06
3.10004e+06
3.10003e+06
3.10003e+06
3.10002e+06
3.10001e+06
3.10035e+06
3.10011e+06
3.10024e+06
3.10014e+06
3.1002e+06
3.10014e+06
3.10017e+06
3.10014e+06
3.10015e+06
3.10013e+06
3.10013e+06
3.10012e+06
3.10011e+06
3.1001e+06
3.10009e+06
3.10007e+06
3.10006e+06
3.10005e+06
3.10004e+06
3.10003e+06
3.10002e+06
3.10002e+06
3.10001e+06
3.10066e+06
3.10038e+06
3.10053e+06
3.10039e+06
3.10044e+06
3.10036e+06
3.10036e+06
3.1003e+06
3.10029e+06
3.10025e+06
3.10022e+06
3.10018e+06
3.10016e+06
3.10013e+06
3.10011e+06
3.10009e+06
3.10007e+06
3.10006e+06
3.10004e+06
3.10003e+06
3.10002e+06
3.10002e+06
3.10001e+06
3.10044e+06
3.1001e+06
3.10029e+06
3.10015e+06
3.10022e+06
3.10015e+06
3.10019e+06
3.10015e+06
3.10016e+06
3.10014e+06
3.10014e+06
3.10012e+06
3.10012e+06
3.1001e+06
3.10009e+06
3.10007e+06
3.10006e+06
3.10005e+06
3.10004e+06
3.10003e+06
3.10002e+06
3.10001e+06
3.1e+06
3.101e+06
3.10059e+06
3.1008e+06
3.1006e+06
3.10067e+06
3.10053e+06
3.10054e+06
3.10044e+06
3.10041e+06
3.10034e+06
3.1003e+06
3.10024e+06
3.1002e+06
3.10016e+06
3.10013e+06
3.1001e+06
3.10008e+06
3.10005e+06
3.10004e+06
3.10003e+06
3.10002e+06
3.10001e+06
3.1e+06
3.10055e+06
3.10006e+06
3.10033e+06
3.10012e+06
3.10024e+06
3.10013e+06
3.10019e+06
3.10013e+06
3.10017e+06
3.10013e+06
3.10014e+06
3.10012e+06
3.10011e+06
3.1001e+06
3.10008e+06
3.10007e+06
3.10005e+06
3.10004e+06
3.10003e+06
3.10002e+06
3.10001e+06
3.1e+06
3.09999e+06
3.10159e+06
3.10096e+06
3.10128e+06
3.10095e+06
3.10105e+06
3.10083e+06
3.10083e+06
3.10066e+06
3.10061e+06
3.10048e+06
3.10042e+06
3.10032e+06
3.10026e+06
3.10019e+06
3.10015e+06
3.1001e+06
3.10007e+06
3.10005e+06
3.10003e+06
3.10001e+06
3.1e+06
3.09999e+06
3.09999e+06
3.10071e+06
3.09994e+06
3.10037e+06
3.10002e+06
3.10023e+06
3.10004e+06
3.10017e+06
3.10006e+06
3.10013e+06
3.10008e+06
3.10011e+06
3.10008e+06
3.10009e+06
3.10007e+06
3.10006e+06
3.10004e+06
3.10003e+06
3.10002e+06
3.10001e+06
3.1e+06
3.09999e+06
3.09998e+06
3.09998e+06
3.10266e+06
3.10163e+06
3.10214e+06
3.10158e+06
3.10173e+06
3.10133e+06
3.10133e+06
3.10101e+06
3.10094e+06
3.10069e+06
3.1006e+06
3.10043e+06
3.10034e+06
3.10023e+06
3.10017e+06
3.1001e+06
3.10006e+06
3.10003e+06
3.10001e+06
3.09999e+06
3.09998e+06
3.09997e+06
3.09997e+06
3.10094e+06
3.09967e+06
3.10039e+06
3.09978e+06
3.10016e+06
3.09981e+06
3.10006e+06
3.09987e+06
3.10003e+06
3.09993e+06
3.10002e+06
3.09998e+06
3.10002e+06
3.09999e+06
3.10001e+06
3.09999e+06
3.09999e+06
3.09998e+06
3.09997e+06
3.09997e+06
3.09996e+06
3.09996e+06
3.09996e+06
3.1047e+06
3.10291e+06
3.10377e+06
3.10271e+06
3.103e+06
3.10218e+06
3.10221e+06
3.10156e+06
3.10147e+06
3.101e+06
3.10086e+06
3.10055e+06
3.10043e+06
3.10025e+06
3.10017e+06
3.10008e+06
3.10003e+06
3.09999e+06
3.09997e+06
3.09996e+06
3.09995e+06
3.09995e+06
3.09995e+06
3.10138e+06
3.09907e+06
3.10039e+06
3.0992e+06
3.09998e+06
3.09925e+06
3.09982e+06
3.09939e+06
3.09979e+06
3.09957e+06
3.09982e+06
3.09973e+06
3.09987e+06
3.09984e+06
3.0999e+06
3.09989e+06
3.09991e+06
3.09991e+06
3.09992e+06
3.09992e+06
3.09992e+06
3.09993e+06
3.09993e+06
3.10887e+06
3.10543e+06
3.10706e+06
3.10484e+06
3.10545e+06
3.10362e+06
3.1038e+06
3.10238e+06
3.10232e+06
3.10136e+06
3.10122e+06
3.10066e+06
3.10052e+06
3.10023e+06
3.10015e+06
3.10002e+06
3.09998e+06
3.09993e+06
3.09992e+06
3.09991e+06
3.09991e+06
3.09991e+06
3.09992e+06
3.10242e+06
3.09784e+06
3.10046e+06
3.09788e+06
3.09963e+06
3.09786e+06
3.09931e+06
3.09824e+06
3.09929e+06
3.09878e+06
3.09942e+06
3.09925e+06
3.09958e+06
3.09955e+06
3.09971e+06
3.09972e+06
3.09979e+06
3.09981e+06
3.09984e+06
3.09986e+06
3.09988e+06
3.09989e+06
3.0999e+06
3.11796e+06
3.11087e+06
3.11417e+06
3.10906e+06
3.11051e+06
3.1059e+06
3.10666e+06
3.10332e+06
3.10361e+06
3.10161e+06
3.10163e+06
3.10061e+06
3.10055e+06
3.10011e+06
3.10006e+06
3.0999e+06
3.09988e+06
3.09984e+06
3.09985e+06
3.09985e+06
3.09986e+06
3.09988e+06
3.09989e+06
3.10517e+06
3.09561e+06
3.10103e+06
3.09491e+06
3.09906e+06
3.0942e+06
3.09832e+06
3.09551e+06
3.09837e+06
3.09715e+06
3.09874e+06
3.09837e+06
3.09914e+06
3.09911e+06
3.09944e+06
3.09949e+06
3.09964e+06
3.09969e+06
3.09975e+06
3.09979e+06
3.09983e+06
3.09985e+06
3.09987e+06
3.13886e+06
3.12419e+06
3.13084e+06
3.11847e+06
3.12197e+06
3.10847e+06
3.11147e+06
3.1033e+06
3.10505e+06
3.10104e+06
3.10178e+06
3.10011e+06
3.10036e+06
3.09977e+06
3.09986e+06
3.0997e+06
3.09974e+06
3.09973e+06
3.09977e+06
3.09979e+06
3.09982e+06
3.09984e+06
3.09987e+06
3.11255e+06
3.09384e+06
3.10415e+06
3.08887e+06
3.09836e+06
3.08261e+06
3.09652e+06
3.08912e+06
3.09701e+06
3.09427e+06
3.09787e+06
3.09716e+06
3.09863e+06
3.09859e+06
3.09917e+06
3.09926e+06
3.09949e+06
3.09958e+06
3.09968e+06
3.09973e+06
3.09979e+06
3.09982e+06
3.09985e+06
3.18715e+06
3.16237e+06
3.17367e+06
3.1458e+06
3.15368e+06
3.10326e+06
3.11604e+06
3.09787e+06
3.10463e+06
3.09809e+06
3.10083e+06
3.09873e+06
3.09971e+06
3.09916e+06
3.09952e+06
3.09944e+06
3.09958e+06
3.09962e+06
3.09969e+06
3.09974e+06
3.09978e+06
3.09982e+06
3.09985e+06
3.1361e+06
3.1096e+06
3.1222e+06
3.08462e+06
3.09698e+06
3.03189e+06
3.09324e+06
3.07786e+06
3.09635e+06
3.09146e+06
3.09758e+06
3.09646e+06
3.09849e+06
3.0984e+06
3.09909e+06
3.09919e+06
3.09945e+06
3.09954e+06
3.09965e+06
3.09972e+06
3.09977e+06
3.09981e+06
3.09985e+06
3.28925e+06
3.27611e+06
3.28636e+06
3.27293e+06
3.27977e+06
3.23856e+06
3.2352e+06
3.23845e+06
3.22961e+06
3.23192e+06
3.3994e+06
3.39219e+06
3.42774e+06
3.40219e+06
3.45609e+06
3.35423e+06
3.38542e+06
3.38393e+06
3.34933e+06
3.34188e+06
3.4146e+06
3.38237e+06
3.5418e+06
3.40765e+06
4.00066e+06
3.76383e+06
4.00163e+06
4.00162e+06
4.00125e+06
3.93764e+06
3.93347e+06
3.92787e+06
3.95574e+06
3.97131e+06
3.98641e+06
3.98642e+06
3.98684e+06
3.9887e+06
3.99422e+06
3.99489e+06
4.00211e+06
3.99511e+06
3.99603e+06
3.99992e+06
3.99993e+06
4.00217e+06
4.00086e+06
4.00073e+06
4.00099e+06
4.00151e+06
4.0022e+06
4.00293e+06
4.00229e+06
4.01914e+06
4.00223e+06
4.0022e+06
4.02991e+06
4.01486e+06
4.01786e+06
4.01666e+06
4.00244e+06
4.11247e+06
4.05919e+06
4.08091e+06
4.06318e+06
4.00378e+06
4.00248e+06
4.01231e+06
4.00223e+06
4.00227e+06
4.03674e+06
4.1668e+06
4.0023e+06
4.00232e+06
4.00227e+06
4.00242e+06
4.46207e+06
4.00245e+06
4.00266e+06
4.00237e+06
4.00302e+06
4.00954e+06
4.00304e+06
4.00336e+06
4.00259e+06
4.41637e+06
4.0036e+06
4.00516e+06
4.00324e+06
4.003e+06
6.11411e+06
6.15002e+06
6.30194e+06
6.24873e+06
5.67504e+06
6.12265e+06
6.11677e+06
6.07792e+06
6.07114e+06
5.9811e+06
6.06206e+06
6.05582e+06
6.05812e+06
6.05533e+06
6.05872e+06
6.06266e+06
6.06221e+06
6.0585e+06
6.05858e+06
6.05295e+06
6.05422e+06
6.05371e+06
6.05436e+06
6.05406e+06
6.05493e+06
)
;

boundaryField
{
    inlet
    {
        type            fixedValue;
        value           nonuniform List<scalar> 0();
    }
    outlet
    {
        type            fixedValue;
        value           nonuniform List<scalar> 0();
    }
    walls
    {
        type            fixedFluxPressure;
        gradient        uniform 0;
        value           nonuniform List<scalar> 
82
(
3.03189e+06
3.09324e+06
3.07786e+06
3.09635e+06
3.09146e+06
3.09758e+06
3.09646e+06
3.09849e+06
3.0984e+06
3.09909e+06
3.09919e+06
3.09945e+06
3.09954e+06
3.09965e+06
3.09972e+06
3.09977e+06
3.09981e+06
3.09985e+06
3.27977e+06
3.23192e+06
3.45609e+06
3.34188e+06
4.00066e+06
3.93764e+06
3.98641e+06
3.99489e+06
3.99993e+06
4.00151e+06
4.00223e+06
4.01666e+06
4.06318e+06
4.00227e+06
4.00227e+06
4.00237e+06
4.00259e+06
4.003e+06
5.67503e+06
5.9811e+06
6.05872e+06
6.05295e+06
6.05493e+06
3.03189e+06
3.09324e+06
3.07786e+06
3.09635e+06
3.09146e+06
3.09758e+06
3.09646e+06
3.09849e+06
3.0984e+06
3.09909e+06
3.09919e+06
3.09945e+06
3.09954e+06
3.09965e+06
3.09972e+06
3.09977e+06
3.09981e+06
3.09985e+06
3.27977e+06
3.23192e+06
3.45609e+06
3.34188e+06
4.00066e+06
3.93764e+06
3.98641e+06
3.99489e+06
3.99993e+06
4.00151e+06
4.00223e+06
4.01666e+06
4.06318e+06
4.00227e+06
4.00227e+06
4.00237e+06
4.00259e+06
4.003e+06
5.67504e+06
5.9811e+06
6.05872e+06
6.05295e+06
6.05493e+06
)
;
    }
    side1
    {
        type            cyclic;
    }
    side2
    {
        type            cyclic;
    }
    procBoundary3to0
    {
        type            processor;
        value           nonuniform List<scalar> 
70
(
3.10001e+06
3.10001e+06
3.10001e+06
3.10001e+06
3.10001e+06
3.10001e+06
3.10001e+06
3.10001e+06
3.10001e+06
3.10001e+06
3.10001e+06
3.10001e+06
3.10001e+06
3.10001e+06
3.10001e+06
3.10001e+06
3.10002e+06
3.10002e+06
3.10002e+06
3.10001e+06
3.10001e+06
3.10001e+06
3.10001e+06
3.10001e+06
3.10001e+06
3.10001e+06
3.10001e+06
3.10001e+06
3.10001e+06
3.10001e+06
3.10001e+06
3.10001e+06
3.10001e+06
3.10001e+06
3.10001e+06
3.10001e+06
3.10002e+06
3.10001e+06
3.10001e+06
3.10001e+06
3.10001e+06
3.10001e+06
3.10001e+06
3.10001e+06
3.10001e+06
3.10001e+06
3.10001e+06
3.10001e+06
3.10001e+06
3.10001e+06
3.10001e+06
3.10001e+06
3.10001e+06
3.10001e+06
3.10001e+06
3.10001e+06
3.10001e+06
3.10001e+06
3.10001e+06
3.10001e+06
3.10001e+06
3.10001e+06
3.10001e+06
3.10001e+06
3.10001e+06
3.10001e+06
3.10001e+06
3.10001e+06
3.10001e+06
3.10001e+06
)
;
    }
    procBoundary3to0throughside1
    {
        type            processorCyclic;
        value           uniform 3.10002e+06;
    }
    procBoundary3to1
    {
        type            processor;
        value           nonuniform List<scalar> 
72
(
3.10001e+06
3.10001e+06
3.10001e+06
3.10001e+06
3.10001e+06
3.10001e+06
3.10002e+06
3.10002e+06
3.10002e+06
3.10002e+06
3.10002e+06
3.10002e+06
3.10001e+06
3.10001e+06
3.10001e+06
3.10001e+06
3.10001e+06
3.10001e+06
3.1e+06
3.1e+06
3.1e+06
3.09999e+06
3.09998e+06
3.09998e+06
3.09997e+06
3.09996e+06
3.09995e+06
3.09994e+06
3.09993e+06
3.09991e+06
3.0999e+06
3.09989e+06
3.09989e+06
3.09988e+06
3.09987e+06
3.09987e+06
3.10001e+06
3.10001e+06
3.10001e+06
3.10001e+06
3.10001e+06
3.10001e+06
3.10002e+06
3.10002e+06
3.10002e+06
3.10002e+06
3.10002e+06
3.10002e+06
3.10001e+06
3.10001e+06
3.10001e+06
3.10001e+06
3.10001e+06
3.10001e+06
3.1e+06
3.1e+06
3.1e+06
3.09999e+06
3.09998e+06
3.09998e+06
3.09997e+06
3.09996e+06
3.09995e+06
3.09994e+06
3.09993e+06
3.09991e+06
3.0999e+06
3.09989e+06
3.09989e+06
3.09988e+06
3.09987e+06
3.09987e+06
)
;
    }
    procBoundary3to2
    {
        type            processor;
        value           nonuniform List<scalar> 
14
(
3.10001e+06
3.10001e+06
3.10001e+06
3.10001e+06
3.10001e+06
3.10001e+06
3.10001e+06
3.10001e+06
3.10001e+06
3.10001e+06
3.10001e+06
3.10001e+06
3.10001e+06
3.10001e+06
)
;
    }
    procBoundary3to4
    {
        type            processor;
        value           nonuniform List<scalar> 10(6.05636e+06 6.05653e+06 6.05595e+06 6.05605e+06 6.05548e+06 6.05636e+06 6.05653e+06 6.05595e+06 6.05605e+06 6.05548e+06);
    }
}


// ************************************************************************* //
