/*--------------------------------*- C++ -*----------------------------------*\
| =========                 |                                                 |
| \\      /  F ield         | OpenFOAM: The Open Source CFD Toolbox           |
|  \\    /   O peration     | Version:  v2012                                 |
|   \\  /    A nd           | Website:  www.openfoam.com                      |
|    \\/     M anipulation  |                                                 |
\*---------------------------------------------------------------------------*/
FoamFile
{
    version     2.0;
    format      ascii;
    class       volScalarField;
    location    "0.25";
    object      p_rgh;
}
// * * * * * * * * * * * * * * * * * * * * * * * * * * * * * * * * * * * * * //

dimensions      [1 -1 -2 0 0 0 0];


internalField   nonuniform List<scalar> 
2625
(
3.1042e+06
3.10041e+06
3.09955e+06
3.09969e+06
3.10008e+06
3.10013e+06
3.10016e+06
3.10017e+06
3.10017e+06
3.10013e+06
3.10004e+06
3.1e+06
3.1e+06
3.1e+06
3.1e+06
3.09999e+06
3.09999e+06
3.09999e+06
3.09999e+06
3.09999e+06
3.09999e+06
3.09999e+06
3.09999e+06
3.1e+06
3.1e+06
3.1e+06
3.1e+06
3.1e+06
3.1e+06
3.1e+06
3.1e+06
3.1e+06
3.1e+06
3.1e+06
3.1e+06
3.1e+06
3.1122e+06
3.10637e+06
3.1015e+06
3.10039e+06
3.10052e+06
3.10037e+06
3.1004e+06
3.10038e+06
3.10036e+06
3.10029e+06
3.10016e+06
3.10009e+06
3.10005e+06
3.10003e+06
3.10002e+06
3.10002e+06
3.10001e+06
3.10001e+06
3.10001e+06
3.10001e+06
3.1e+06
3.1e+06
3.1e+06
3.1e+06
3.1e+06
3.1e+06
3.1e+06
3.1e+06
3.1e+06
3.1e+06
3.1e+06
3.1e+06
3.1e+06
3.1e+06
3.1e+06
3.1e+06
3.10758e+06
3.10763e+06
3.10846e+06
3.10593e+06
3.10124e+06
3.09999e+06
3.10038e+06
3.10036e+06
3.10034e+06
3.10029e+06
3.10024e+06
3.10017e+06
3.10008e+06
3.10003e+06
3.10002e+06
3.10002e+06
3.10001e+06
3.10001e+06
3.10001e+06
3.1e+06
3.1e+06
3.1e+06
3.1e+06
3.1e+06
3.1e+06
3.1e+06
3.1e+06
3.1e+06
3.1e+06
3.1e+06
3.1e+06
3.1e+06
3.1e+06
3.1e+06
3.1e+06
3.1e+06
3.10852e+06
3.1079e+06
3.10928e+06
3.10656e+06
3.10142e+06
3.10005e+06
3.10045e+06
3.10038e+06
3.10035e+06
3.1003e+06
3.10028e+06
3.10021e+06
3.10011e+06
3.10005e+06
3.10003e+06
3.10002e+06
3.10002e+06
3.10001e+06
3.10001e+06
3.10001e+06
3.10001e+06
3.10001e+06
3.10001e+06
3.1e+06
3.1e+06
3.1e+06
3.1e+06
3.1e+06
3.1e+06
3.1e+06
3.1e+06
3.1e+06
3.1e+06
3.1e+06
3.1e+06
3.1e+06
3.10811e+06
3.1075e+06
3.10854e+06
3.10578e+06
3.10063e+06
3.0994e+06
3.09993e+06
3.09996e+06
3.1002e+06
3.1002e+06
3.10025e+06
3.10021e+06
3.10011e+06
3.10005e+06
3.10003e+06
3.10002e+06
3.10002e+06
3.10001e+06
3.10001e+06
3.10001e+06
3.10001e+06
3.10001e+06
3.10001e+06
3.10001e+06
3.10001e+06
3.10001e+06
3.1e+06
3.1e+06
3.1e+06
3.1e+06
3.1e+06
3.1e+06
3.1e+06
3.1e+06
3.1e+06
3.1e+06
3.1093e+06
3.10828e+06
3.10921e+06
3.10666e+06
3.10187e+06
3.10074e+06
3.10128e+06
3.10101e+06
3.10058e+06
3.1003e+06
3.10033e+06
3.10025e+06
3.10013e+06
3.10006e+06
3.10004e+06
3.10003e+06
3.10002e+06
3.10002e+06
3.10001e+06
3.10001e+06
3.10001e+06
3.10001e+06
3.10001e+06
3.10001e+06
3.10001e+06
3.10001e+06
3.10001e+06
3.10001e+06
3.10001e+06
3.1e+06
3.1e+06
3.1e+06
3.1e+06
3.1e+06
3.1e+06
3.1e+06
3.10781e+06
3.10671e+06
3.1068e+06
3.10654e+06
3.10649e+06
3.1064e+06
3.10695e+06
3.10528e+06
3.10138e+06
3.10009e+06
3.10032e+06
3.10026e+06
3.10013e+06
3.10005e+06
3.10004e+06
3.10003e+06
3.10002e+06
3.10002e+06
3.10001e+06
3.10001e+06
3.10001e+06
3.10001e+06
3.10001e+06
3.10001e+06
3.10001e+06
3.10001e+06
3.10001e+06
3.10001e+06
3.10001e+06
3.10001e+06
3.10001e+06
3.1e+06
3.1e+06
3.1e+06
3.1e+06
3.1e+06
3.11042e+06
3.10886e+06
3.10769e+06
3.10741e+06
3.10771e+06
3.10778e+06
3.1083e+06
3.10632e+06
3.10175e+06
3.10018e+06
3.10039e+06
3.1003e+06
3.10014e+06
3.10006e+06
3.10004e+06
3.10003e+06
3.10002e+06
3.10002e+06
3.10001e+06
3.10001e+06
3.10001e+06
3.10001e+06
3.10001e+06
3.10001e+06
3.10001e+06
3.10001e+06
3.10001e+06
3.10001e+06
3.10001e+06
3.10001e+06
3.10001e+06
3.10001e+06
3.1e+06
3.1e+06
3.1e+06
3.1e+06
3.09562e+06
3.10597e+06
3.10842e+06
3.10814e+06
3.10721e+06
3.10726e+06
3.10788e+06
3.10592e+06
3.1016e+06
3.10007e+06
3.10034e+06
3.10028e+06
3.10014e+06
3.10006e+06
3.10004e+06
3.10003e+06
3.10002e+06
3.10002e+06
3.10002e+06
3.10001e+06
3.10001e+06
3.10001e+06
3.10001e+06
3.10001e+06
3.10001e+06
3.10001e+06
3.10001e+06
3.10001e+06
3.10001e+06
3.10001e+06
3.10001e+06
3.10001e+06
3.10001e+06
3.10001e+06
3.1e+06
3.1e+06
3.07184e+06
3.08773e+06
3.10228e+06
3.10615e+06
3.10644e+06
3.1072e+06
3.10786e+06
3.10585e+06
3.10153e+06
3.09997e+06
3.10025e+06
3.10022e+06
3.10011e+06
3.10004e+06
3.10003e+06
3.10002e+06
3.10002e+06
3.10002e+06
3.10002e+06
3.10001e+06
3.10001e+06
3.10001e+06
3.10001e+06
3.10001e+06
3.10001e+06
3.10001e+06
3.10001e+06
3.10001e+06
3.10001e+06
3.10001e+06
3.10001e+06
3.10001e+06
3.10001e+06
3.10001e+06
3.10001e+06
3.1e+06
3.08409e+06
3.08365e+06
3.08236e+06
3.09034e+06
3.10401e+06
3.10811e+06
3.1079e+06
3.10578e+06
3.10136e+06
3.09981e+06
3.10012e+06
3.10013e+06
3.10007e+06
3.10003e+06
3.10003e+06
3.10002e+06
3.10002e+06
3.10002e+06
3.10002e+06
3.10002e+06
3.10001e+06
3.10001e+06
3.10001e+06
3.10001e+06
3.10001e+06
3.10001e+06
3.10001e+06
3.10001e+06
3.10001e+06
3.10001e+06
3.10001e+06
3.10001e+06
3.10001e+06
3.10001e+06
3.10001e+06
3.10001e+06
3.08165e+06
3.08249e+06
3.07961e+06
3.08824e+06
3.10344e+06
3.10799e+06
3.10783e+06
3.1058e+06
3.10135e+06
3.0998e+06
3.10009e+06
3.1001e+06
3.10005e+06
3.10002e+06
3.10002e+06
3.10002e+06
3.10002e+06
3.10002e+06
3.10002e+06
3.10002e+06
3.10002e+06
3.10001e+06
3.10001e+06
3.10001e+06
3.10001e+06
3.10001e+06
3.10001e+06
3.10001e+06
3.10001e+06
3.10001e+06
3.10001e+06
3.10001e+06
3.10001e+06
3.10001e+06
3.10001e+06
3.10001e+06
3.08272e+06
3.08339e+06
3.08142e+06
3.09014e+06
3.10519e+06
3.10948e+06
3.10899e+06
3.10673e+06
3.10162e+06
3.09999e+06
3.10014e+06
3.1001e+06
3.10004e+06
3.10002e+06
3.10002e+06
3.10002e+06
3.10002e+06
3.10002e+06
3.10002e+06
3.10002e+06
3.10002e+06
3.10002e+06
3.10001e+06
3.10001e+06
3.10001e+06
3.10001e+06
3.10001e+06
3.10001e+06
3.10001e+06
3.10001e+06
3.10001e+06
3.10001e+06
3.10001e+06
3.10001e+06
3.10001e+06
3.10001e+06
3.07994e+06
3.08157e+06
3.07975e+06
3.0876e+06
3.10117e+06
3.10501e+06
3.10453e+06
3.10334e+06
3.10031e+06
3.09968e+06
3.09996e+06
3.10001e+06
3.10001e+06
3.10001e+06
3.10002e+06
3.10002e+06
3.10002e+06
3.10002e+06
3.10002e+06
3.10002e+06
3.10002e+06
3.10002e+06
3.10002e+06
3.10001e+06
3.10001e+06
3.10001e+06
3.10001e+06
3.10001e+06
3.10001e+06
3.10001e+06
3.10001e+06
3.10001e+06
3.10001e+06
3.10001e+06
3.10001e+06
3.10001e+06
3.08577e+06
3.08664e+06
3.08633e+06
3.08729e+06
3.08806e+06
3.08862e+06
3.08822e+06
3.09131e+06
3.09785e+06
3.10019e+06
3.09999e+06
3.09998e+06
3.10001e+06
3.10002e+06
3.10002e+06
3.10002e+06
3.10002e+06
3.10002e+06
3.10002e+06
3.10002e+06
3.10002e+06
3.10002e+06
3.10002e+06
3.10002e+06
3.10001e+06
3.10001e+06
3.10001e+06
3.10001e+06
3.10001e+06
3.10001e+06
3.10001e+06
3.10001e+06
3.10001e+06
3.10001e+06
3.10001e+06
3.10001e+06
3.08156e+06
3.08344e+06
3.08443e+06
3.08472e+06
3.08403e+06
3.0841e+06
3.08377e+06
3.08795e+06
3.09655e+06
3.09987e+06
3.0998e+06
3.09989e+06
3.09998e+06
3.10001e+06
3.10002e+06
3.10002e+06
3.10002e+06
3.10002e+06
3.10002e+06
3.10002e+06
3.10002e+06
3.10002e+06
3.10002e+06
3.10002e+06
3.10002e+06
3.10001e+06
3.10001e+06
3.10001e+06
3.10001e+06
3.10001e+06
3.10001e+06
3.10001e+06
3.10001e+06
3.10001e+06
3.10001e+06
3.10001e+06
3.09651e+06
3.08678e+06
3.08427e+06
3.0846e+06
3.08547e+06
3.08552e+06
3.08485e+06
3.08888e+06
3.09681e+06
3.10008e+06
3.09987e+06
3.09991e+06
3.09998e+06
3.10001e+06
3.10002e+06
3.10002e+06
3.10002e+06
3.10002e+06
3.10002e+06
3.10002e+06
3.10002e+06
3.10002e+06
3.10002e+06
3.10002e+06
3.10002e+06
3.10002e+06
3.10001e+06
3.10001e+06
3.10001e+06
3.10001e+06
3.10001e+06
3.10001e+06
3.10001e+06
3.10001e+06
3.10001e+06
3.10001e+06
3.12001e+06
3.10503e+06
3.0911e+06
3.08717e+06
3.08648e+06
3.08557e+06
3.08485e+06
3.08894e+06
3.09685e+06
3.10014e+06
3.09992e+06
3.09993e+06
3.09999e+06
3.10002e+06
3.10002e+06
3.10002e+06
3.10002e+06
3.10002e+06
3.10002e+06
3.10002e+06
3.10002e+06
3.10002e+06
3.10002e+06
3.10002e+06
3.10002e+06
3.10002e+06
3.10002e+06
3.10001e+06
3.10001e+06
3.10001e+06
3.10001e+06
3.10001e+06
3.10001e+06
3.10001e+06
3.10001e+06
3.10001e+06
3.10927e+06
3.10995e+06
3.11049e+06
3.10228e+06
3.08907e+06
3.08474e+06
3.08475e+06
3.08896e+06
3.09688e+06
3.10013e+06
3.09992e+06
3.09993e+06
3.09999e+06
3.10002e+06
3.10002e+06
3.10002e+06
3.10002e+06
3.10002e+06
3.10002e+06
3.10002e+06
3.10002e+06
3.10002e+06
3.10002e+06
3.10002e+06
3.10002e+06
3.10002e+06
3.10002e+06
3.10002e+06
3.10001e+06
3.10001e+06
3.10001e+06
3.10001e+06
3.10001e+06
3.10001e+06
3.10001e+06
3.10001e+06
3.11183e+06
3.11164e+06
3.1137e+06
3.10468e+06
3.0898e+06
3.08495e+06
3.08484e+06
3.0889e+06
3.09686e+06
3.10011e+06
3.09991e+06
3.09993e+06
3.09999e+06
3.10002e+06
3.10002e+06
3.10002e+06
3.10002e+06
3.10002e+06
3.10002e+06
3.10002e+06
3.10002e+06
3.10002e+06
3.10002e+06
3.10002e+06
3.10002e+06
3.10002e+06
3.10002e+06
3.10002e+06
3.10001e+06
3.10001e+06
3.10001e+06
3.10001e+06
3.10001e+06
3.10001e+06
3.10001e+06
3.10001e+06
3.11105e+06
3.11114e+06
3.1124e+06
3.10328e+06
3.08849e+06
3.08387e+06
3.08399e+06
3.08821e+06
3.09672e+06
3.1e+06
3.09988e+06
3.09993e+06
3.1e+06
3.10003e+06
3.10002e+06
3.10003e+06
3.10002e+06
3.10003e+06
3.10003e+06
3.10003e+06
3.10002e+06
3.10002e+06
3.10002e+06
3.10002e+06
3.10002e+06
3.10002e+06
3.10002e+06
3.10002e+06
3.10002e+06
3.10001e+06
3.10001e+06
3.10001e+06
3.10001e+06
3.10001e+06
3.10001e+06
3.10001e+06
3.1134e+06
3.11265e+06
3.11393e+06
3.10597e+06
3.09284e+06
3.08878e+06
3.08884e+06
3.09188e+06
3.09819e+06
3.10034e+06
3.10003e+06
3.1e+06
3.10002e+06
3.10003e+06
3.10002e+06
3.10003e+06
3.10003e+06
3.10003e+06
3.10003e+06
3.10003e+06
3.10003e+06
3.10002e+06
3.10002e+06
3.10002e+06
3.10002e+06
3.10002e+06
3.10002e+06
3.10002e+06
3.10002e+06
3.10002e+06
3.10001e+06
3.10001e+06
3.10001e+06
3.10001e+06
3.10001e+06
3.10001e+06
3.10771e+06
3.10763e+06
3.10775e+06
3.10656e+06
3.10557e+06
3.10482e+06
3.10481e+06
3.10351e+06
3.10073e+06
3.09992e+06
3.09999e+06
3.10001e+06
3.10001e+06
3.10002e+06
3.10002e+06
3.10002e+06
3.10003e+06
3.10003e+06
3.10003e+06
3.10003e+06
3.10003e+06
3.10003e+06
3.10002e+06
3.10002e+06
3.10002e+06
3.10002e+06
3.10002e+06
3.10002e+06
3.10002e+06
3.10002e+06
3.10002e+06
3.10001e+06
3.10001e+06
3.10001e+06
3.10001e+06
3.10001e+06
3.11074e+06
3.10982e+06
3.10945e+06
3.10935e+06
3.10996e+06
3.10974e+06
3.10962e+06
3.10715e+06
3.10219e+06
3.10028e+06
3.10016e+06
3.10009e+06
3.10003e+06
3.10002e+06
3.10002e+06
3.10003e+06
3.10003e+06
3.10003e+06
3.10003e+06
3.10003e+06
3.10003e+06
3.10003e+06
3.10003e+06
3.10002e+06
3.10002e+06
3.10002e+06
3.10002e+06
3.10002e+06
3.10002e+06
3.10002e+06
3.10002e+06
3.10002e+06
3.10001e+06
3.10001e+06
3.10001e+06
3.10001e+06
3.10566e+06
3.10869e+06
3.10938e+06
3.10912e+06
3.10879e+06
3.10861e+06
3.10878e+06
3.10643e+06
3.10204e+06
3.10014e+06
3.10011e+06
3.10008e+06
3.10003e+06
3.10002e+06
3.10002e+06
3.10003e+06
3.10003e+06
3.10004e+06
3.10004e+06
3.10003e+06
3.10003e+06
3.10003e+06
3.10003e+06
3.10003e+06
3.10002e+06
3.10002e+06
3.10002e+06
3.10002e+06
3.10002e+06
3.10002e+06
3.10002e+06
3.10002e+06
3.10002e+06
3.10001e+06
3.10001e+06
3.10001e+06
3.09704e+06
3.1021e+06
3.1066e+06
3.10791e+06
3.10824e+06
3.10862e+06
3.10877e+06
3.10633e+06
3.102e+06
3.1001e+06
3.10008e+06
3.10007e+06
3.10003e+06
3.10002e+06
3.10002e+06
3.10003e+06
3.10004e+06
3.10004e+06
3.10004e+06
3.10004e+06
3.10003e+06
3.10003e+06
3.10003e+06
3.10003e+06
3.10002e+06
3.10002e+06
3.10002e+06
3.10002e+06
3.10002e+06
3.10002e+06
3.10002e+06
3.10002e+06
3.10002e+06
3.10002e+06
3.10001e+06
3.10001e+06
3.10027e+06
3.09996e+06
3.09992e+06
3.10282e+06
3.10737e+06
3.10893e+06
3.10885e+06
3.10637e+06
3.10205e+06
3.10013e+06
3.1001e+06
3.10009e+06
3.10003e+06
3.10002e+06
3.10003e+06
3.10004e+06
3.10004e+06
3.10004e+06
3.10004e+06
3.10004e+06
3.10004e+06
3.10003e+06
3.10003e+06
3.10003e+06
3.10003e+06
3.10002e+06
3.10002e+06
3.10002e+06
3.10002e+06
3.10002e+06
3.10002e+06
3.10002e+06
3.10002e+06
3.10002e+06
3.10002e+06
3.10001e+06
3.0993e+06
3.09925e+06
3.09865e+06
3.10188e+06
3.10705e+06
3.1088e+06
3.10879e+06
3.10638e+06
3.10205e+06
3.10012e+06
3.1001e+06
3.1001e+06
3.10004e+06
3.10003e+06
3.10003e+06
3.10004e+06
3.10005e+06
3.10005e+06
3.10005e+06
3.10004e+06
3.10004e+06
3.10004e+06
3.10003e+06
3.10003e+06
3.10003e+06
3.10003e+06
3.10002e+06
3.10002e+06
3.10002e+06
3.10002e+06
3.10002e+06
3.10002e+06
3.10002e+06
3.10002e+06
3.10002e+06
3.10001e+06
3.09957e+06
3.09931e+06
3.09893e+06
3.10222e+06
3.10737e+06
3.109e+06
3.10899e+06
3.10656e+06
3.10206e+06
3.10016e+06
3.10012e+06
3.1001e+06
3.10005e+06
3.10004e+06
3.10004e+06
3.10005e+06
3.10005e+06
3.10005e+06
3.10005e+06
3.10005e+06
3.10004e+06
3.10004e+06
3.10003e+06
3.10003e+06
3.10003e+06
3.10003e+06
3.10002e+06
3.10002e+06
3.10002e+06
3.10002e+06
3.10002e+06
3.10002e+06
3.10002e+06
3.10002e+06
3.10002e+06
3.09878e+06
3.09889e+06
3.09838e+06
3.10118e+06
3.10579e+06
3.10719e+06
3.1072e+06
3.10522e+06
3.10151e+06
3.10008e+06
3.10011e+06
3.10011e+06
3.10007e+06
3.10006e+06
3.10006e+06
3.10006e+06
3.10006e+06
3.10006e+06
3.10005e+06
3.10005e+06
3.10004e+06
3.10004e+06
3.10004e+06
3.10003e+06
3.10003e+06
3.10003e+06
3.10003e+06
3.10002e+06
3.10002e+06
3.10002e+06
3.10002e+06
3.10002e+06
3.10002e+06
3.10002e+06
3.10077e+06
3.10066e+06
3.10052e+06
3.10101e+06
3.10129e+06
3.10155e+06
3.1016e+06
3.10123e+06
3.10064e+06
3.10023e+06
3.10014e+06
3.10012e+06
3.1001e+06
3.10009e+06
3.10008e+06
3.10007e+06
3.10007e+06
3.10006e+06
3.10006e+06
3.10005e+06
3.10005e+06
3.10004e+06
3.10004e+06
3.10003e+06
3.10003e+06
3.10003e+06
3.10003e+06
3.10003e+06
3.10002e+06
3.10002e+06
3.10002e+06
3.10002e+06
3.10002e+06
3.10002e+06
3.10022e+06
3.10017e+06
3.10015e+06
3.0999e+06
3.09968e+06
3.09975e+06
3.0998e+06
3.09989e+06
3.10014e+06
3.10013e+06
3.10012e+06
3.10013e+06
3.10013e+06
3.10011e+06
3.1001e+06
3.10009e+06
3.10008e+06
3.10007e+06
3.10006e+06
3.10005e+06
3.10005e+06
3.10004e+06
3.10004e+06
3.10003e+06
3.10003e+06
3.10003e+06
3.10003e+06
3.10003e+06
3.10003e+06
3.10002e+06
3.10002e+06
3.10002e+06
3.10002e+06
3.10002e+06
3.10007e+06
3.10007e+06
3.10006e+06
3.10005e+06
3.10005e+06
3.10004e+06
3.10004e+06
3.10004e+06
3.10003e+06
3.10003e+06
3.10003e+06
3.10003e+06
3.10003e+06
3.10003e+06
3.10002e+06
3.10002e+06
3.10002e+06
3.10002e+06
3.10006e+06
3.10006e+06
3.10005e+06
3.10004e+06
3.10004e+06
3.10004e+06
3.10003e+06
3.10003e+06
3.10003e+06
3.10003e+06
3.10003e+06
3.10003e+06
3.10003e+06
3.10002e+06
3.10002e+06
3.10002e+06
3.10006e+06
3.10005e+06
3.10005e+06
3.10004e+06
3.10004e+06
3.10004e+06
3.10003e+06
3.10003e+06
3.10003e+06
3.10003e+06
3.10003e+06
3.10003e+06
3.10002e+06
3.10002e+06
3.10002e+06
3.10006e+06
3.10005e+06
3.10005e+06
3.10004e+06
3.10004e+06
3.10004e+06
3.10004e+06
3.10003e+06
3.10003e+06
3.10003e+06
3.10003e+06
3.10003e+06
3.10003e+06
3.10002e+06
3.10002e+06
3.10006e+06
3.10005e+06
3.10005e+06
3.10004e+06
3.10004e+06
3.10004e+06
3.10004e+06
3.10003e+06
3.10003e+06
3.10003e+06
3.10003e+06
3.10003e+06
3.10003e+06
3.10003e+06
3.10002e+06
3.10006e+06
3.10005e+06
3.10005e+06
3.10005e+06
3.10004e+06
3.10004e+06
3.10004e+06
3.10004e+06
3.10003e+06
3.10003e+06
3.10003e+06
3.10003e+06
3.10003e+06
3.10003e+06
3.10003e+06
3.10005e+06
3.10005e+06
3.10005e+06
3.10005e+06
3.10004e+06
3.10004e+06
3.10004e+06
3.10004e+06
3.10004e+06
3.10003e+06
3.10003e+06
3.10003e+06
3.10003e+06
3.10003e+06
3.10003e+06
3.10005e+06
3.10005e+06
3.10005e+06
3.10005e+06
3.10005e+06
3.10004e+06
3.10004e+06
3.10004e+06
3.10004e+06
3.10004e+06
3.10003e+06
3.10003e+06
3.10003e+06
3.10003e+06
3.10003e+06
3.10005e+06
3.10005e+06
3.10005e+06
3.10005e+06
3.10005e+06
3.10005e+06
3.10004e+06
3.10004e+06
3.10004e+06
3.10004e+06
3.10004e+06
3.10003e+06
3.10003e+06
3.10003e+06
3.10003e+06
3.10005e+06
3.10005e+06
3.10005e+06
3.10005e+06
3.10005e+06
3.10005e+06
3.10005e+06
3.10004e+06
3.10004e+06
3.10004e+06
3.10004e+06
3.10004e+06
3.10003e+06
3.10003e+06
3.10003e+06
3.10006e+06
3.10006e+06
3.10005e+06
3.10005e+06
3.10005e+06
3.10005e+06
3.10005e+06
3.10005e+06
3.10004e+06
3.10004e+06
3.10004e+06
3.10004e+06
3.10004e+06
3.10003e+06
3.1042e+06
3.10041e+06
3.09955e+06
3.09969e+06
3.10008e+06
3.10013e+06
3.10016e+06
3.10017e+06
3.10017e+06
3.10013e+06
3.10004e+06
3.1e+06
3.1e+06
3.1e+06
3.1e+06
3.09999e+06
3.09999e+06
3.09999e+06
3.09999e+06
3.09999e+06
3.09999e+06
3.09999e+06
3.09999e+06
3.1e+06
3.1e+06
3.1e+06
3.1e+06
3.1e+06
3.1e+06
3.1e+06
3.1e+06
3.1e+06
3.1e+06
3.1e+06
3.1e+06
3.1e+06
3.1122e+06
3.10637e+06
3.1015e+06
3.10039e+06
3.10052e+06
3.10037e+06
3.1004e+06
3.10038e+06
3.10036e+06
3.10029e+06
3.10016e+06
3.10009e+06
3.10005e+06
3.10003e+06
3.10002e+06
3.10002e+06
3.10001e+06
3.10001e+06
3.10001e+06
3.10001e+06
3.1e+06
3.1e+06
3.1e+06
3.1e+06
3.1e+06
3.1e+06
3.1e+06
3.1e+06
3.1e+06
3.1e+06
3.1e+06
3.1e+06
3.1e+06
3.1e+06
3.1e+06
3.1e+06
3.10758e+06
3.10763e+06
3.10846e+06
3.10593e+06
3.10124e+06
3.09999e+06
3.10038e+06
3.10036e+06
3.10034e+06
3.10029e+06
3.10024e+06
3.10017e+06
3.10008e+06
3.10003e+06
3.10002e+06
3.10002e+06
3.10001e+06
3.10001e+06
3.10001e+06
3.1e+06
3.1e+06
3.1e+06
3.1e+06
3.1e+06
3.1e+06
3.1e+06
3.1e+06
3.1e+06
3.1e+06
3.1e+06
3.1e+06
3.1e+06
3.1e+06
3.1e+06
3.1e+06
3.1e+06
3.10852e+06
3.1079e+06
3.10928e+06
3.10656e+06
3.10142e+06
3.10005e+06
3.10045e+06
3.10039e+06
3.10035e+06
3.1003e+06
3.10028e+06
3.10021e+06
3.10011e+06
3.10005e+06
3.10003e+06
3.10002e+06
3.10002e+06
3.10001e+06
3.10001e+06
3.10001e+06
3.10001e+06
3.10001e+06
3.10001e+06
3.1e+06
3.1e+06
3.1e+06
3.1e+06
3.1e+06
3.1e+06
3.1e+06
3.1e+06
3.1e+06
3.1e+06
3.1e+06
3.1e+06
3.1e+06
3.10811e+06
3.1075e+06
3.10854e+06
3.10578e+06
3.10063e+06
3.0994e+06
3.09993e+06
3.09996e+06
3.1002e+06
3.1002e+06
3.10025e+06
3.10021e+06
3.10011e+06
3.10005e+06
3.10003e+06
3.10002e+06
3.10002e+06
3.10001e+06
3.10001e+06
3.10001e+06
3.10001e+06
3.10001e+06
3.10001e+06
3.10001e+06
3.10001e+06
3.10001e+06
3.1e+06
3.1e+06
3.1e+06
3.1e+06
3.1e+06
3.1e+06
3.1e+06
3.1e+06
3.1e+06
3.1e+06
3.1093e+06
3.10828e+06
3.10921e+06
3.10666e+06
3.10187e+06
3.10074e+06
3.10128e+06
3.10101e+06
3.10058e+06
3.1003e+06
3.10033e+06
3.10025e+06
3.10013e+06
3.10006e+06
3.10004e+06
3.10003e+06
3.10002e+06
3.10002e+06
3.10001e+06
3.10001e+06
3.10001e+06
3.10001e+06
3.10001e+06
3.10001e+06
3.10001e+06
3.10001e+06
3.10001e+06
3.10001e+06
3.10001e+06
3.1e+06
3.1e+06
3.1e+06
3.1e+06
3.1e+06
3.1e+06
3.1e+06
3.10781e+06
3.10671e+06
3.1068e+06
3.10654e+06
3.10649e+06
3.1064e+06
3.10695e+06
3.10528e+06
3.10138e+06
3.10009e+06
3.10032e+06
3.10026e+06
3.10013e+06
3.10005e+06
3.10004e+06
3.10003e+06
3.10002e+06
3.10002e+06
3.10001e+06
3.10001e+06
3.10001e+06
3.10001e+06
3.10001e+06
3.10001e+06
3.10001e+06
3.10001e+06
3.10001e+06
3.10001e+06
3.10001e+06
3.10001e+06
3.10001e+06
3.1e+06
3.1e+06
3.1e+06
3.1e+06
3.1e+06
3.11042e+06
3.10886e+06
3.10769e+06
3.10741e+06
3.10771e+06
3.10778e+06
3.1083e+06
3.10632e+06
3.10175e+06
3.10018e+06
3.10039e+06
3.1003e+06
3.10014e+06
3.10006e+06
3.10004e+06
3.10003e+06
3.10002e+06
3.10002e+06
3.10001e+06
3.10001e+06
3.10001e+06
3.10001e+06
3.10001e+06
3.10001e+06
3.10001e+06
3.10001e+06
3.10001e+06
3.10001e+06
3.10001e+06
3.10001e+06
3.10001e+06
3.10001e+06
3.1e+06
3.1e+06
3.1e+06
3.1e+06
3.09562e+06
3.10597e+06
3.10842e+06
3.10814e+06
3.10721e+06
3.10726e+06
3.10788e+06
3.10591e+06
3.10161e+06
3.10007e+06
3.10034e+06
3.10028e+06
3.10014e+06
3.10006e+06
3.10004e+06
3.10003e+06
3.10002e+06
3.10002e+06
3.10002e+06
3.10001e+06
3.10001e+06
3.10001e+06
3.10001e+06
3.10001e+06
3.10001e+06
3.10001e+06
3.10001e+06
3.10001e+06
3.10001e+06
3.10001e+06
3.10001e+06
3.10001e+06
3.10001e+06
3.10001e+06
3.1e+06
3.1e+06
3.07184e+06
3.08773e+06
3.10228e+06
3.10615e+06
3.10644e+06
3.1072e+06
3.10786e+06
3.10585e+06
3.10153e+06
3.09997e+06
3.10025e+06
3.10022e+06
3.10011e+06
3.10004e+06
3.10003e+06
3.10002e+06
3.10002e+06
3.10002e+06
3.10002e+06
3.10001e+06
3.10001e+06
3.10001e+06
3.10001e+06
3.10001e+06
3.10001e+06
3.10001e+06
3.10001e+06
3.10001e+06
3.10001e+06
3.10001e+06
3.10001e+06
3.10001e+06
3.10001e+06
3.10001e+06
3.10001e+06
3.1e+06
3.08409e+06
3.08365e+06
3.08236e+06
3.09034e+06
3.10401e+06
3.10811e+06
3.1079e+06
3.10578e+06
3.10136e+06
3.09981e+06
3.10012e+06
3.10013e+06
3.10007e+06
3.10003e+06
3.10003e+06
3.10002e+06
3.10002e+06
3.10002e+06
3.10002e+06
3.10002e+06
3.10001e+06
3.10001e+06
3.10001e+06
3.10001e+06
3.10001e+06
3.10001e+06
3.10001e+06
3.10001e+06
3.10001e+06
3.10001e+06
3.10001e+06
3.10001e+06
3.10001e+06
3.10001e+06
3.10001e+06
3.10001e+06
3.08165e+06
3.08249e+06
3.07961e+06
3.08824e+06
3.10344e+06
3.10799e+06
3.10783e+06
3.1058e+06
3.10135e+06
3.0998e+06
3.10009e+06
3.1001e+06
3.10005e+06
3.10002e+06
3.10002e+06
3.10002e+06
3.10002e+06
3.10002e+06
3.10002e+06
3.10002e+06
3.10002e+06
3.10001e+06
3.10001e+06
3.10001e+06
3.10001e+06
3.10001e+06
3.10001e+06
3.10001e+06
3.10001e+06
3.10001e+06
3.10001e+06
3.10001e+06
3.10001e+06
3.10001e+06
3.10001e+06
3.10001e+06
3.08272e+06
3.08339e+06
3.08141e+06
3.09014e+06
3.10519e+06
3.10948e+06
3.10899e+06
3.10673e+06
3.10162e+06
3.09999e+06
3.10014e+06
3.1001e+06
3.10004e+06
3.10002e+06
3.10002e+06
3.10002e+06
3.10002e+06
3.10002e+06
3.10002e+06
3.10002e+06
3.10002e+06
3.10002e+06
3.10001e+06
3.10001e+06
3.10001e+06
3.10001e+06
3.10001e+06
3.10001e+06
3.10001e+06
3.10001e+06
3.10001e+06
3.10001e+06
3.10001e+06
3.10001e+06
3.10001e+06
3.10001e+06
3.07994e+06
3.08157e+06
3.07975e+06
3.0876e+06
3.10117e+06
3.10501e+06
3.10453e+06
3.10334e+06
3.10032e+06
3.09968e+06
3.09996e+06
3.10001e+06
3.10001e+06
3.10001e+06
3.10002e+06
3.10002e+06
3.10002e+06
3.10002e+06
3.10002e+06
3.10002e+06
3.10002e+06
3.10002e+06
3.10002e+06
3.10001e+06
3.10001e+06
3.10001e+06
3.10001e+06
3.10001e+06
3.10001e+06
3.10001e+06
3.10001e+06
3.10001e+06
3.10001e+06
3.10001e+06
3.10001e+06
3.10001e+06
3.08577e+06
3.08664e+06
3.08633e+06
3.08729e+06
3.08806e+06
3.08862e+06
3.08822e+06
3.09131e+06
3.09785e+06
3.10019e+06
3.09999e+06
3.09998e+06
3.10001e+06
3.10002e+06
3.10002e+06
3.10002e+06
3.10002e+06
3.10002e+06
3.10002e+06
3.10002e+06
3.10002e+06
3.10002e+06
3.10002e+06
3.10002e+06
3.10001e+06
3.10001e+06
3.10001e+06
3.10001e+06
3.10001e+06
3.10001e+06
3.10001e+06
3.10001e+06
3.10001e+06
3.10001e+06
3.10001e+06
3.10001e+06
3.08156e+06
3.08344e+06
3.08443e+06
3.08472e+06
3.08403e+06
3.0841e+06
3.08377e+06
3.08795e+06
3.09655e+06
3.09987e+06
3.0998e+06
3.09989e+06
3.09998e+06
3.10001e+06
3.10002e+06
3.10002e+06
3.10002e+06
3.10002e+06
3.10002e+06
3.10002e+06
3.10002e+06
3.10002e+06
3.10002e+06
3.10002e+06
3.10002e+06
3.10001e+06
3.10001e+06
3.10001e+06
3.10001e+06
3.10001e+06
3.10001e+06
3.10001e+06
3.10001e+06
3.10001e+06
3.10001e+06
3.10001e+06
3.09651e+06
3.08678e+06
3.08427e+06
3.0846e+06
3.08547e+06
3.08552e+06
3.08484e+06
3.08888e+06
3.09681e+06
3.10007e+06
3.09987e+06
3.09991e+06
3.09998e+06
3.10001e+06
3.10002e+06
3.10002e+06
3.10002e+06
3.10002e+06
3.10002e+06
3.10002e+06
3.10002e+06
3.10002e+06
3.10002e+06
3.10002e+06
3.10002e+06
3.10002e+06
3.10001e+06
3.10001e+06
3.10001e+06
3.10001e+06
3.10001e+06
3.10001e+06
3.10001e+06
3.10001e+06
3.10001e+06
3.10001e+06
3.12001e+06
3.10503e+06
3.0911e+06
3.08717e+06
3.08648e+06
3.08557e+06
3.08485e+06
3.08895e+06
3.09685e+06
3.10014e+06
3.09992e+06
3.09993e+06
3.09999e+06
3.10002e+06
3.10002e+06
3.10002e+06
3.10002e+06
3.10002e+06
3.10002e+06
3.10002e+06
3.10002e+06
3.10002e+06
3.10002e+06
3.10002e+06
3.10002e+06
3.10002e+06
3.10002e+06
3.10001e+06
3.10001e+06
3.10001e+06
3.10001e+06
3.10001e+06
3.10001e+06
3.10001e+06
3.10001e+06
3.10001e+06
3.10927e+06
3.10995e+06
3.11049e+06
3.10228e+06
3.08907e+06
3.08474e+06
3.08475e+06
3.08896e+06
3.09688e+06
3.10013e+06
3.09992e+06
3.09993e+06
3.09999e+06
3.10002e+06
3.10002e+06
3.10002e+06
3.10002e+06
3.10002e+06
3.10002e+06
3.10002e+06
3.10002e+06
3.10002e+06
3.10002e+06
3.10002e+06
3.10002e+06
3.10002e+06
3.10002e+06
3.10002e+06
3.10001e+06
3.10001e+06
3.10001e+06
3.10001e+06
3.10001e+06
3.10001e+06
3.10001e+06
3.10001e+06
3.11183e+06
3.11164e+06
3.1137e+06
3.10468e+06
3.0898e+06
3.08495e+06
3.08484e+06
3.0889e+06
3.09686e+06
3.10011e+06
3.09991e+06
3.09993e+06
3.09999e+06
3.10002e+06
3.10002e+06
3.10002e+06
3.10002e+06
3.10002e+06
3.10002e+06
3.10002e+06
3.10002e+06
3.10002e+06
3.10002e+06
3.10002e+06
3.10002e+06
3.10002e+06
3.10002e+06
3.10002e+06
3.10001e+06
3.10001e+06
3.10001e+06
3.10001e+06
3.10001e+06
3.10001e+06
3.10001e+06
3.10001e+06
3.11105e+06
3.11114e+06
3.1124e+06
3.10328e+06
3.08849e+06
3.08387e+06
3.08399e+06
3.08821e+06
3.09672e+06
3.1e+06
3.09988e+06
3.09993e+06
3.1e+06
3.10003e+06
3.10002e+06
3.10003e+06
3.10002e+06
3.10003e+06
3.10003e+06
3.10003e+06
3.10002e+06
3.10002e+06
3.10002e+06
3.10002e+06
3.10002e+06
3.10002e+06
3.10002e+06
3.10002e+06
3.10002e+06
3.10001e+06
3.10001e+06
3.10001e+06
3.10001e+06
3.10001e+06
3.10001e+06
3.10001e+06
3.1134e+06
3.11265e+06
3.11393e+06
3.10597e+06
3.09284e+06
3.08878e+06
3.08885e+06
3.09188e+06
3.09819e+06
3.10034e+06
3.10003e+06
3.1e+06
3.10002e+06
3.10003e+06
3.10002e+06
3.10003e+06
3.10003e+06
3.10003e+06
3.10003e+06
3.10003e+06
3.10003e+06
3.10002e+06
3.10002e+06
3.10002e+06
3.10002e+06
3.10002e+06
3.10002e+06
3.10002e+06
3.10002e+06
3.10002e+06
3.10001e+06
3.10001e+06
3.10001e+06
3.10001e+06
3.10001e+06
3.10001e+06
3.10771e+06
3.10763e+06
3.10775e+06
3.10656e+06
3.10557e+06
3.10482e+06
3.10481e+06
3.10351e+06
3.10073e+06
3.09992e+06
3.09999e+06
3.10001e+06
3.10001e+06
3.10002e+06
3.10002e+06
3.10002e+06
3.10003e+06
3.10003e+06
3.10003e+06
3.10003e+06
3.10003e+06
3.10003e+06
3.10002e+06
3.10002e+06
3.10002e+06
3.10002e+06
3.10002e+06
3.10002e+06
3.10002e+06
3.10002e+06
3.10002e+06
3.10001e+06
3.10001e+06
3.10001e+06
3.10001e+06
3.10001e+06
3.11074e+06
3.10982e+06
3.10945e+06
3.10935e+06
3.10996e+06
3.10975e+06
3.10962e+06
3.10715e+06
3.10219e+06
3.10028e+06
3.10016e+06
3.10009e+06
3.10003e+06
3.10002e+06
3.10002e+06
3.10003e+06
3.10003e+06
3.10003e+06
3.10003e+06
3.10003e+06
3.10003e+06
3.10003e+06
3.10003e+06
3.10002e+06
3.10002e+06
3.10002e+06
3.10002e+06
3.10002e+06
3.10002e+06
3.10002e+06
3.10002e+06
3.10002e+06
3.10001e+06
3.10001e+06
3.10001e+06
3.10001e+06
3.10566e+06
3.10869e+06
3.10938e+06
3.10912e+06
3.10879e+06
3.10861e+06
3.10878e+06
3.10643e+06
3.10204e+06
3.10014e+06
3.10011e+06
3.10008e+06
3.10003e+06
3.10002e+06
3.10002e+06
3.10003e+06
3.10003e+06
3.10004e+06
3.10004e+06
3.10003e+06
3.10003e+06
3.10003e+06
3.10003e+06
3.10003e+06
3.10002e+06
3.10002e+06
3.10002e+06
3.10002e+06
3.10002e+06
3.10002e+06
3.10002e+06
3.10002e+06
3.10002e+06
3.10001e+06
3.10001e+06
3.10001e+06
3.09704e+06
3.1021e+06
3.1066e+06
3.10791e+06
3.10824e+06
3.10862e+06
3.10877e+06
3.10633e+06
3.102e+06
3.1001e+06
3.10008e+06
3.10007e+06
3.10003e+06
3.10002e+06
3.10002e+06
3.10003e+06
3.10004e+06
3.10004e+06
3.10004e+06
3.10004e+06
3.10003e+06
3.10003e+06
3.10003e+06
3.10003e+06
3.10002e+06
3.10002e+06
3.10002e+06
3.10002e+06
3.10002e+06
3.10002e+06
3.10002e+06
3.10002e+06
3.10002e+06
3.10002e+06
3.10001e+06
3.10001e+06
3.10027e+06
3.09996e+06
3.09992e+06
3.10282e+06
3.10737e+06
3.10893e+06
3.10885e+06
3.10637e+06
3.10205e+06
3.10013e+06
3.1001e+06
3.10009e+06
3.10003e+06
3.10002e+06
3.10003e+06
3.10004e+06
3.10004e+06
3.10004e+06
3.10004e+06
3.10004e+06
3.10004e+06
3.10003e+06
3.10003e+06
3.10003e+06
3.10003e+06
3.10002e+06
3.10002e+06
3.10002e+06
3.10002e+06
3.10002e+06
3.10002e+06
3.10002e+06
3.10002e+06
3.10002e+06
3.10002e+06
3.10001e+06
3.0993e+06
3.09925e+06
3.09865e+06
3.10188e+06
3.10705e+06
3.1088e+06
3.10879e+06
3.10638e+06
3.10205e+06
3.10012e+06
3.1001e+06
3.10009e+06
3.10004e+06
3.10003e+06
3.10003e+06
3.10004e+06
3.10005e+06
3.10005e+06
3.10005e+06
3.10004e+06
3.10004e+06
3.10004e+06
3.10003e+06
3.10003e+06
3.10003e+06
3.10003e+06
3.10002e+06
3.10002e+06
3.10002e+06
3.10002e+06
3.10002e+06
3.10002e+06
3.10002e+06
3.10002e+06
3.10002e+06
3.10001e+06
3.09957e+06
3.09931e+06
3.09893e+06
3.10222e+06
3.10737e+06
3.109e+06
3.10899e+06
3.10656e+06
3.10206e+06
3.10016e+06
3.10012e+06
3.1001e+06
3.10005e+06
3.10004e+06
3.10004e+06
3.10005e+06
3.10005e+06
3.10005e+06
3.10005e+06
3.10005e+06
3.10004e+06
3.10004e+06
3.10003e+06
3.10003e+06
3.10003e+06
3.10003e+06
3.10002e+06
3.10002e+06
3.10002e+06
3.10002e+06
3.10002e+06
3.10002e+06
3.10002e+06
3.10002e+06
3.10002e+06
3.09878e+06
3.09889e+06
3.09838e+06
3.10118e+06
3.10579e+06
3.10719e+06
3.1072e+06
3.10522e+06
3.10151e+06
3.10008e+06
3.10011e+06
3.10011e+06
3.10007e+06
3.10006e+06
3.10006e+06
3.10006e+06
3.10006e+06
3.10006e+06
3.10005e+06
3.10005e+06
3.10004e+06
3.10004e+06
3.10004e+06
3.10003e+06
3.10003e+06
3.10003e+06
3.10003e+06
3.10002e+06
3.10002e+06
3.10002e+06
3.10002e+06
3.10002e+06
3.10002e+06
3.10002e+06
3.10077e+06
3.10066e+06
3.10052e+06
3.10101e+06
3.10129e+06
3.10155e+06
3.1016e+06
3.10123e+06
3.10064e+06
3.10023e+06
3.10014e+06
3.10012e+06
3.1001e+06
3.10009e+06
3.10008e+06
3.10007e+06
3.10007e+06
3.10006e+06
3.10006e+06
3.10005e+06
3.10005e+06
3.10004e+06
3.10004e+06
3.10003e+06
3.10003e+06
3.10003e+06
3.10003e+06
3.10003e+06
3.10002e+06
3.10002e+06
3.10002e+06
3.10002e+06
3.10002e+06
3.10002e+06
3.10022e+06
3.10017e+06
3.10015e+06
3.0999e+06
3.09968e+06
3.09975e+06
3.0998e+06
3.09989e+06
3.10014e+06
3.10013e+06
3.10012e+06
3.10013e+06
3.10013e+06
3.10011e+06
3.1001e+06
3.10009e+06
3.10008e+06
3.10007e+06
3.10006e+06
3.10005e+06
3.10005e+06
3.10004e+06
3.10004e+06
3.10003e+06
3.10003e+06
3.10003e+06
3.10003e+06
3.10003e+06
3.10003e+06
3.10002e+06
3.10002e+06
3.10002e+06
3.10002e+06
3.10002e+06
3.10007e+06
3.10006e+06
3.10005e+06
3.10005e+06
3.10004e+06
3.10004e+06
3.10004e+06
3.10003e+06
3.10003e+06
3.10003e+06
3.10003e+06
3.10003e+06
3.10003e+06
3.10002e+06
3.10002e+06
3.10002e+06
3.10002e+06
3.10006e+06
3.10006e+06
3.10005e+06
3.10004e+06
3.10004e+06
3.10004e+06
3.10003e+06
3.10003e+06
3.10003e+06
3.10003e+06
3.10003e+06
3.10003e+06
3.10003e+06
3.10002e+06
3.10002e+06
3.10002e+06
3.10006e+06
3.10005e+06
3.10005e+06
3.10004e+06
3.10004e+06
3.10004e+06
3.10003e+06
3.10003e+06
3.10003e+06
3.10003e+06
3.10003e+06
3.10003e+06
3.10002e+06
3.10002e+06
3.10002e+06
3.10006e+06
3.10005e+06
3.10005e+06
3.10004e+06
3.10004e+06
3.10004e+06
3.10004e+06
3.10003e+06
3.10003e+06
3.10003e+06
3.10003e+06
3.10003e+06
3.10003e+06
3.10002e+06
3.10002e+06
3.10006e+06
3.10005e+06
3.10005e+06
3.10004e+06
3.10004e+06
3.10004e+06
3.10004e+06
3.10003e+06
3.10003e+06
3.10003e+06
3.10003e+06
3.10003e+06
3.10003e+06
3.10003e+06
3.10002e+06
3.10006e+06
3.10005e+06
3.10005e+06
3.10005e+06
3.10004e+06
3.10004e+06
3.10004e+06
3.10004e+06
3.10003e+06
3.10003e+06
3.10003e+06
3.10003e+06
3.10003e+06
3.10003e+06
3.10003e+06
3.10005e+06
3.10005e+06
3.10005e+06
3.10005e+06
3.10004e+06
3.10004e+06
3.10004e+06
3.10004e+06
3.10004e+06
3.10003e+06
3.10003e+06
3.10003e+06
3.10003e+06
3.10003e+06
3.10003e+06
3.10005e+06
3.10005e+06
3.10005e+06
3.10005e+06
3.10005e+06
3.10004e+06
3.10004e+06
3.10004e+06
3.10004e+06
3.10004e+06
3.10003e+06
3.10003e+06
3.10003e+06
3.10003e+06
3.10003e+06
3.10005e+06
3.10005e+06
3.10005e+06
3.10005e+06
3.10005e+06
3.10005e+06
3.10004e+06
3.10004e+06
3.10004e+06
3.10004e+06
3.10004e+06
3.10003e+06
3.10003e+06
3.10003e+06
3.10003e+06
3.10005e+06
3.10005e+06
3.10005e+06
3.10005e+06
3.10005e+06
3.10005e+06
3.10005e+06
3.10004e+06
3.10004e+06
3.10004e+06
3.10004e+06
3.10004e+06
3.10003e+06
3.10003e+06
3.10003e+06
3.10006e+06
3.10006e+06
3.10005e+06
3.10005e+06
3.10005e+06
3.10005e+06
3.10005e+06
3.10005e+06
3.10004e+06
3.10004e+06
3.10004e+06
3.10004e+06
3.10004e+06
3.10003e+06
)
;

boundaryField
{
    inlet
    {
        type            fixedValue;
        value           nonuniform List<scalar> 0();
    }
    outlet
    {
        type            fixedValue;
        value           uniform 3.1e+06;
    }
    walls
    {
        type            fixedFluxPressure;
        gradient        nonuniform List<scalar> 0();
        value           nonuniform List<scalar> 0();
    }
    side1
    {
        type            cyclic;
    }
    side2
    {
        type            cyclic;
    }
    procBoundary0to2
    {
        type            processor;
        value           nonuniform List<scalar> 
112
(
3.1e+06
3.1e+06
3.1e+06
3.1e+06
3.1e+06
3.1e+06
3.1e+06
3.1e+06
3.1e+06
3.1e+06
3.1e+06
3.10001e+06
3.10001e+06
3.10001e+06
3.10001e+06
3.10001e+06
3.10001e+06
3.10001e+06
3.10001e+06
3.10001e+06
3.10001e+06
3.10001e+06
3.10001e+06
3.10001e+06
3.10001e+06
3.10001e+06
3.10001e+06
3.10001e+06
3.10002e+06
3.10002e+06
3.10002e+06
3.10002e+06
3.10002e+06
3.10002e+06
3.10002e+06
3.10002e+06
3.10002e+06
3.10002e+06
3.10002e+06
3.10002e+06
3.10003e+06
3.10003e+06
3.10003e+06
3.10003e+06
3.10003e+06
3.10006e+06
3.10005e+06
3.10005e+06
3.10005e+06
3.10005e+06
3.10004e+06
3.10004e+06
3.10004e+06
3.10004e+06
3.10003e+06
3.10003e+06
3.1e+06
3.1e+06
3.1e+06
3.1e+06
3.1e+06
3.1e+06
3.1e+06
3.1e+06
3.1e+06
3.1e+06
3.1e+06
3.10001e+06
3.10001e+06
3.10001e+06
3.10001e+06
3.10001e+06
3.10001e+06
3.10001e+06
3.10001e+06
3.10001e+06
3.10001e+06
3.10001e+06
3.10001e+06
3.10001e+06
3.10001e+06
3.10001e+06
3.10001e+06
3.10001e+06
3.10002e+06
3.10002e+06
3.10002e+06
3.10002e+06
3.10002e+06
3.10002e+06
3.10002e+06
3.10002e+06
3.10002e+06
3.10002e+06
3.10002e+06
3.10002e+06
3.10003e+06
3.10003e+06
3.10003e+06
3.10003e+06
3.10003e+06
3.10006e+06
3.10005e+06
3.10005e+06
3.10005e+06
3.10005e+06
3.10004e+06
3.10004e+06
3.10004e+06
3.10004e+06
3.10003e+06
3.10003e+06
)
;
    }
    procBoundary0to3
    {
        type            processor;
        value           nonuniform List<scalar> 
70
(
3.10019e+06
3.10017e+06
3.10004e+06
3.10013e+06
3.10007e+06
3.10015e+06
3.10017e+06
3.10022e+06
3.1002e+06
3.10017e+06
3.10016e+06
3.10015e+06
3.10013e+06
3.10011e+06
3.10009e+06
3.10008e+06
3.10019e+06
3.10041e+06
3.10007e+06
3.10008e+06
3.10007e+06
3.10007e+06
3.10006e+06
3.10006e+06
3.10006e+06
3.10006e+06
3.10006e+06
3.10006e+06
3.10006e+06
3.10006e+06
3.10006e+06
3.10006e+06
3.10006e+06
3.10006e+06
3.10006e+06
3.10006e+06
3.10007e+06
3.10019e+06
3.10017e+06
3.10004e+06
3.10013e+06
3.10007e+06
3.10015e+06
3.10017e+06
3.10022e+06
3.1002e+06
3.10017e+06
3.10016e+06
3.10015e+06
3.10013e+06
3.10011e+06
3.10009e+06
3.10008e+06
3.10008e+06
3.10007e+06
3.10007e+06
3.10006e+06
3.10006e+06
3.10006e+06
3.10006e+06
3.10006e+06
3.10006e+06
3.10006e+06
3.10006e+06
3.10006e+06
3.10006e+06
3.10006e+06
3.10006e+06
3.10006e+06
3.10006e+06
)
;
    }
    procBoundary0to3throughside2
    {
        type            processorCyclic;
        value           uniform 3.10007e+06;
    }
}


// ************************************************************************* //
