/*--------------------------------*- C++ -*----------------------------------*\
| =========                 |                                                 |
| \\      /  F ield         | OpenFOAM: The Open Source CFD Toolbox           |
|  \\    /   O peration     | Version:  v2012                                 |
|   \\  /    A nd           | Website:  www.openfoam.com                      |
|    \\/     M anipulation  |                                                 |
\*---------------------------------------------------------------------------*/
FoamFile
{
    version     2.0;
    format      ascii;
    class       labelList;
    note        "nPoints:4126  nCells:2650  nFaces:9337  nInternalFaces:6449";
    location    "constant/polyMesh";
    object      neighbour;
}
// * * * * * * * * * * * * * * * * * * * * * * * * * * * * * * * * * * * * * //


6449
(
1
5
1325
2
6
1326
3
7
1327
4
8
1328
9
1329
6
10
1330
7
11
1331
8
12
1332
9
13
1333
14
1334
11
15
1335
12
16
1336
13
17
1337
14
18
1338
19
1339
16
20
1340
17
21
1341
18
22
1342
19
23
1343
24
1344
21
25
1345
22
26
1346
23
27
1347
24
28
1348
29
1349
26
30
1350
27
31
1351
28
32
1352
29
33
1353
34
1354
31
35
1355
32
36
1356
33
37
1357
34
38
1358
39
1359
36
40
1360
37
41
1361
38
42
1362
39
43
1363
44
1364
41
45
1365
42
46
1366
43
47
1367
44
48
1368
49
1369
46
50
1370
47
51
1371
48
52
1372
49
53
1373
54
1374
51
55
1375
52
56
1376
53
57
1377
54
58
1378
59
1379
56
60
1380
57
61
1381
58
62
1382
59
63
1383
64
1384
61
65
1385
62
66
1386
63
67
1387
64
68
1388
69
1389
66
70
1390
67
71
1391
68
72
1392
69
73
1393
74
1394
71
75
1395
72
76
1396
73
77
1397
74
78
1398
79
1399
76
80
1400
77
81
1401
78
82
1402
79
83
1403
84
1404
81
85
1405
82
86
1406
83
87
1407
84
88
1408
89
1409
86
116
1410
87
117
1411
88
118
1412
89
119
1413
90
120
1414
91
121
1415
92
122
1416
93
123
1417
94
124
1418
95
125
1419
96
126
1420
97
127
1421
98
128
1422
99
129
1423
100
130
1424
101
131
1425
102
132
1426
103
133
1427
104
134
1428
105
135
1429
106
136
1430
107
137
1431
108
138
1432
109
139
1433
110
140
1434
111
141
1435
112
142
1436
113
143
1437
114
144
1438
115
145
1439
146
1440
117
147
1441
118
148
1442
119
149
1443
120
150
1444
121
151
1445
122
152
1446
123
153
1447
124
154
1448
125
155
1449
126
156
1450
127
157
1451
128
158
1452
129
159
1453
130
160
1454
131
161
1455
132
162
1456
133
163
1457
134
164
1458
135
165
1459
136
166
1460
137
167
1461
138
168
1462
139
169
1463
140
170
1464
141
171
1465
142
172
1466
143
173
1467
144
174
1468
145
175
1469
146
176
1470
177
1471
148
178
1472
149
179
1473
150
180
1474
151
181
1475
152
182
1476
153
183
1477
154
184
1478
155
185
1479
156
186
1480
157
187
1481
158
188
1482
159
189
1483
160
190
1484
161
191
1485
162
192
1486
163
193
1487
164
194
1488
165
195
1489
166
196
1490
167
197
1491
168
198
1492
169
199
1493
170
200
1494
171
201
1495
172
202
1496
173
203
1497
174
204
1498
175
205
1499
176
206
1500
177
207
1501
208
1502
179
209
1503
180
210
1504
181
211
1505
182
212
1506
183
213
1507
184
214
1508
185
215
1509
186
216
1510
187
217
1511
188
218
1512
189
219
1513
190
220
1514
191
221
1515
192
222
1516
193
223
1517
194
224
1518
195
225
1519
196
226
1520
197
227
1521
198
228
1522
199
229
1523
200
230
1524
201
231
1525
202
232
1526
203
233
1527
204
234
1528
205
235
1529
206
236
1530
207
237
1531
208
238
1532
239
1533
210
240
1534
211
241
1535
212
242
1536
213
243
1537
214
244
1538
215
245
1539
216
246
1540
217
247
1541
218
248
1542
219
249
1543
220
250
1544
221
251
1545
222
252
1546
223
253
1547
224
254
1548
225
255
1549
226
256
1550
227
257
1551
228
258
1552
229
259
1553
230
260
1554
231
261
1555
232
262
1556
233
263
1557
234
264
1558
235
265
1559
236
266
1560
237
267
1561
238
268
1562
239
269
1563
270
1564
241
271
1565
242
272
1566
243
273
1567
244
274
1568
245
275
1569
246
276
1570
247
277
1571
248
278
1572
249
279
1573
250
280
1574
251
281
1575
252
282
1576
253
283
1577
254
284
1578
255
285
1579
256
286
1580
257
287
1581
258
288
1582
259
289
1583
260
290
1584
261
291
1585
262
292
1586
263
293
1587
264
294
1588
265
295
1589
266
296
1590
267
297
1591
268
298
1592
269
299
1593
270
300
1594
301
1595
272
302
1596
273
303
1597
274
304
1598
275
305
1599
276
306
1600
277
307
1601
278
308
1602
279
309
1603
280
310
1604
281
311
1605
282
312
1606
283
313
1607
284
314
1608
285
315
1609
286
316
1610
287
317
1611
288
318
1612
289
319
1613
290
320
1614
291
321
1615
292
322
1616
293
323
1617
294
324
1618
295
325
1619
296
326
1620
297
327
1621
298
328
1622
299
329
1623
300
330
1624
301
331
1625
332
1626
303
333
1627
304
334
1628
305
335
1629
306
336
1630
307
337
1631
308
338
1632
309
339
1633
310
340
1634
311
341
1635
312
342
1636
313
343
1637
314
344
1638
315
345
1639
316
346
1640
317
347
1641
318
348
1642
319
349
1643
320
350
1644
321
351
1645
322
352
1646
323
353
1647
324
354
1648
325
355
1649
326
356
1650
327
357
1651
328
358
1652
329
359
1653
330
360
1654
331
361
1655
332
362
1656
363
1657
334
364
1658
335
365
1659
336
366
1660
337
367
1661
338
368
1662
339
369
1663
340
370
1664
341
371
1665
342
372
1666
343
373
1667
344
374
1668
345
375
1669
346
376
1670
347
377
1671
348
378
1672
349
379
1673
350
380
1674
351
381
1675
352
382
1676
353
383
1677
354
384
1678
355
385
1679
356
386
1680
357
387
1681
358
388
1682
359
389
1683
360
390
1684
361
391
1685
362
392
1686
363
393
1687
394
1688
365
395
1689
366
396
1690
367
397
1691
368
398
1692
369
399
1693
370
400
1694
371
401
1695
372
402
1696
373
403
1697
374
404
1698
375
405
1699
376
406
1700
377
407
1701
378
408
1702
379
409
1703
380
410
1704
381
411
1705
382
412
1706
383
413
1707
384
414
1708
385
415
1709
386
416
1710
387
417
1711
388
418
1712
389
419
1713
390
420
1714
391
421
1715
392
422
1716
393
423
1717
394
424
1718
425
1719
396
426
1720
397
427
1721
398
428
1722
399
429
1723
400
430
1724
401
431
1725
402
432
1726
403
433
1727
404
434
1728
405
435
1729
406
436
1730
407
437
1731
408
438
1732
409
439
1733
410
440
1734
411
441
1735
412
442
1736
413
443
1737
414
444
1738
415
445
1739
416
446
1740
417
447
1741
418
448
1742
419
449
1743
420
450
1744
421
451
1745
422
452
1746
423
453
1747
424
454
1748
425
455
1749
456
1750
427
457
1751
428
458
1752
429
459
1753
430
460
1754
431
461
1755
432
462
1756
433
463
1757
434
464
1758
435
465
1759
436
466
1760
437
467
1761
438
468
1762
439
469
1763
440
470
1764
441
471
1765
442
472
1766
443
473
1767
444
474
1768
445
475
1769
446
476
1770
447
477
1771
448
478
1772
449
479
1773
450
480
1774
451
481
1775
452
482
1776
453
483
1777
454
484
1778
455
485
1779
456
486
1780
487
1781
458
488
1782
459
489
1783
460
490
1784
461
491
1785
462
492
1786
463
493
1787
464
494
1788
465
495
1789
466
496
1790
467
497
1791
468
498
1792
469
499
1793
470
500
1794
471
501
1795
472
502
1796
473
503
1797
474
504
1798
475
505
1799
476
506
1800
477
507
1801
478
508
1802
479
509
1803
480
510
1804
481
511
1805
482
512
1806
483
513
1807
484
514
1808
485
515
1809
486
516
1810
487
517
1811
518
1812
489
519
1813
490
520
1814
491
521
1815
492
522
1816
493
523
1817
494
524
1818
495
525
1819
496
526
1820
497
527
1821
498
528
1822
499
529
1823
500
530
1824
501
531
1825
502
532
1826
503
533
1827
504
534
1828
505
535
1829
506
536
1830
507
537
1831
508
538
1832
509
539
1833
510
540
1834
511
541
1835
512
542
1836
513
543
1837
514
544
1838
515
545
1839
516
546
1840
517
547
1841
518
548
1842
549
1843
520
550
1844
521
551
1845
522
552
1846
523
553
1847
524
554
1848
525
555
1849
526
556
1850
527
557
1851
528
558
1852
529
559
1853
530
560
1854
531
561
1855
532
562
1856
533
563
1857
534
564
1858
535
565
1859
536
566
1860
537
567
1861
538
568
1862
539
569
1863
540
570
1864
541
571
1865
542
572
1866
543
573
1867
544
574
1868
545
575
1869
546
576
1870
547
577
1871
548
578
1872
549
579
1873
580
1874
551
581
1875
552
582
1876
553
583
1877
554
584
1878
555
585
1879
556
586
1880
557
587
1881
558
588
1882
559
589
1883
560
590
1884
561
591
1885
562
592
1886
563
593
1887
564
594
1888
565
595
1889
566
596
1890
567
597
1891
568
598
1892
569
599
1893
570
600
1894
571
601
1895
572
602
1896
573
603
1897
574
604
1898
575
605
1899
576
606
1900
577
607
1901
578
608
1902
579
609
1903
580
610
1904
611
1905
582
612
1906
583
613
1907
584
614
1908
585
615
1909
586
616
1910
587
617
1911
588
618
1912
589
619
1913
590
620
1914
591
621
1915
592
622
1916
593
623
1917
594
624
1918
595
625
1919
596
626
1920
597
627
1921
598
628
1922
599
629
1923
600
630
1924
601
631
1925
602
632
1926
603
633
1927
604
634
1928
605
635
1929
606
636
1930
607
637
1931
608
638
1932
609
639
1933
610
640
1934
611
641
1935
642
1936
613
643
1937
614
644
1938
615
645
1939
616
646
1940
617
647
1941
618
648
1942
619
649
1943
620
650
1944
621
651
1945
622
652
1946
623
653
1947
624
654
1948
625
655
1949
626
656
1950
627
657
1951
628
658
1952
629
659
1953
630
660
1954
631
661
1955
632
662
1956
633
663
1957
634
664
1958
635
665
1959
636
666
1960
637
667
1961
638
668
1962
639
669
1963
640
670
1964
641
671
1965
642
672
1966
673
1967
644
674
1968
645
675
1969
646
676
1970
647
677
1971
648
678
1972
649
679
1973
650
680
1974
651
681
1975
652
682
1976
653
683
1977
654
684
1978
655
685
1979
656
686
1980
657
687
1981
658
688
1982
659
689
1983
660
690
1984
661
691
1985
662
692
1986
663
693
1987
664
694
1988
665
695
1989
666
696
1990
667
697
1991
668
698
1992
669
699
1993
670
700
1994
671
701
1995
672
702
1996
673
703
1997
704
1998
675
705
1999
676
706
2000
677
707
2001
678
708
2002
679
709
2003
680
710
2004
681
711
2005
682
712
2006
683
713
2007
684
714
2008
685
715
2009
686
716
2010
687
717
2011
688
718
2012
689
719
2013
690
720
2014
691
721
2015
692
722
2016
693
723
2017
694
724
2018
695
725
2019
696
726
2020
697
727
2021
698
728
2022
699
729
2023
700
730
2024
701
731
2025
702
732
2026
703
733
2027
704
734
2028
735
2029
706
736
2030
707
737
2031
708
738
2032
709
739
2033
710
740
2034
711
741
2035
712
742
2036
713
743
2037
714
744
2038
715
745
2039
716
746
2040
717
747
2041
718
748
2042
719
749
2043
720
750
2044
721
751
2045
722
752
2046
723
753
2047
724
754
2048
725
755
2049
726
756
2050
727
757
2051
728
758
2052
729
759
2053
730
760
2054
731
761
2055
732
762
2056
733
763
2057
734
764
2058
735
765
2059
766
2060
737
767
2061
738
768
2062
739
769
2063
740
770
2064
741
771
2065
742
772
2066
743
773
2067
744
774
2068
745
775
2069
746
776
2070
747
777
2071
748
778
2072
749
779
2073
750
780
2074
751
781
2075
752
782
2076
753
783
2077
754
784
2078
755
785
2079
756
786
2080
757
787
2081
758
788
2082
759
789
2083
760
790
2084
761
791
2085
762
792
2086
763
793
2087
764
794
2088
765
795
2089
766
796
2090
797
2091
768
798
2092
769
799
2093
770
800
2094
771
801
2095
772
802
2096
773
803
2097
774
804
2098
775
805
2099
776
806
2100
777
807
2101
778
808
2102
779
809
2103
780
810
2104
781
811
2105
782
812
2106
783
813
2107
784
814
2108
785
815
2109
786
816
2110
787
817
2111
788
818
2112
789
819
2113
790
820
2114
791
821
2115
792
822
2116
793
823
2117
794
824
2118
795
825
2119
796
826
2120
797
827
2121
828
2122
799
829
2123
800
830
2124
801
831
2125
802
832
2126
803
833
2127
804
834
2128
805
835
2129
806
836
2130
807
837
2131
808
838
2132
809
839
2133
810
840
2134
811
841
2135
812
842
2136
813
843
2137
814
844
2138
815
845
2139
816
846
2140
817
847
2141
818
848
2142
819
849
2143
820
850
2144
821
851
2145
822
852
2146
823
853
2147
824
854
2148
825
855
2149
826
856
2150
827
857
2151
828
858
2152
859
2153
830
860
2154
831
861
2155
832
862
2156
833
863
2157
834
864
2158
835
865
2159
836
866
2160
837
867
2161
838
868
2162
839
869
2163
840
870
2164
841
871
2165
842
872
2166
843
873
2167
844
874
2168
845
875
2169
846
876
2170
847
877
2171
848
878
2172
849
879
2173
850
880
2174
851
881
2175
852
882
2176
853
883
2177
854
884
2178
855
885
2179
856
886
2180
857
887
2181
858
888
2182
859
889
2183
890
2184
861
891
2185
862
892
2186
863
893
2187
864
894
2188
865
895
2189
866
896
2190
867
897
2191
868
898
2192
869
899
2193
870
900
2194
871
901
2195
872
902
2196
873
903
2197
874
904
2198
875
905
2199
876
906
2200
877
907
2201
878
908
2202
879
909
2203
880
910
2204
881
911
2205
882
912
2206
883
913
2207
884
914
2208
885
915
2209
886
916
2210
887
917
2211
888
918
2212
889
919
2213
890
920
2214
921
2215
892
922
2216
893
923
2217
894
924
2218
895
925
2219
896
926
2220
897
927
2221
898
928
2222
899
929
2223
900
930
2224
901
931
2225
902
932
2226
903
933
2227
904
934
2228
905
935
2229
906
936
2230
907
937
2231
908
938
2232
909
939
2233
910
940
2234
911
941
2235
912
942
2236
913
943
2237
914
944
2238
915
945
2239
916
946
2240
917
947
2241
918
948
2242
919
949
2243
920
950
2244
921
951
2245
952
2246
923
953
2247
924
954
2248
925
955
2249
926
956
2250
927
957
2251
928
958
2252
929
959
2253
930
960
2254
931
961
2255
932
962
2256
933
963
2257
934
964
2258
935
965
2259
936
966
2260
937
967
2261
938
968
2262
939
969
2263
940
970
2264
941
971
2265
942
972
2266
943
973
2267
944
974
2268
945
975
2269
946
976
2270
947
977
2271
948
978
2272
949
979
2273
950
980
2274
951
981
2275
952
982
2276
983
2277
954
984
2278
955
985
2279
956
986
2280
957
987
2281
958
988
2282
959
989
2283
960
990
2284
961
991
2285
962
992
2286
963
993
2287
964
994
2288
965
995
2289
966
996
2290
967
997
2291
968
998
2292
969
999
2293
970
1000
2294
971
1001
2295
972
1002
2296
973
1003
2297
974
1004
2298
975
1005
2299
976
1006
2300
977
1007
2301
978
1008
2302
979
1009
2303
980
1010
2304
981
1011
2305
982
1012
2306
983
1013
2307
1014
2308
985
1015
2309
986
1016
2310
987
1017
2311
988
1018
2312
989
1019
2313
990
1020
2314
991
1021
2315
992
1022
2316
993
1023
2317
994
1024
2318
995
1025
2319
996
1026
2320
997
1027
2321
998
1028
2322
999
1029
2323
1000
1030
2324
1001
1031
2325
1002
1032
2326
1003
1033
2327
1004
1034
2328
1005
1035
2329
1006
1036
2330
1007
1037
2331
1008
1038
2332
1009
1039
2333
1010
1040
2334
1011
1041
2335
1012
1042
2336
1013
1043
2337
1014
1044
2338
1045
2339
1016
1046
2340
1017
1047
2341
1018
1048
2342
1019
1049
2343
1020
1050
2344
1021
1051
2345
1022
1052
2346
1023
1053
2347
1024
1054
2348
1025
1055
2349
1026
1056
2350
1027
1057
2351
1028
1058
2352
1029
1059
2353
1030
1060
2354
1031
1061
2355
1032
1062
2356
1033
1063
2357
1034
1064
2358
1035
1065
2359
1036
1066
2360
1037
1067
2361
1038
1068
2362
1039
1069
2363
1040
1070
2364
1041
1071
2365
1042
1072
2366
1043
1073
2367
1044
1074
2368
1045
1075
2369
1076
2370
1047
1077
2371
1048
1078
2372
1049
1079
2373
1050
1080
2374
1051
1081
2375
1052
1082
2376
1053
1083
2377
1054
1084
2378
1055
1085
2379
1056
1086
2380
1057
1087
2381
1058
1088
2382
1059
1089
2383
1060
1090
2384
1061
1091
2385
1062
1092
2386
1063
1093
2387
1064
1094
2388
1065
1095
2389
1066
1096
2390
1067
1097
2391
1068
1098
2392
1069
1099
2393
1070
1100
2394
1071
1101
2395
1072
1102
2396
1073
1103
2397
1074
1104
2398
1075
1105
2399
1076
1106
2400
1107
2401
1078
1108
2402
1079
1109
2403
1080
1110
2404
1081
1111
2405
1082
1112
2406
1083
1113
2407
1084
1114
2408
1085
1115
2409
1086
1116
2410
1087
1117
2411
1088
1118
2412
1089
1119
2413
1090
1120
2414
1091
1121
2415
1092
1122
2416
1093
1123
2417
1094
1124
2418
1095
1125
2419
1096
1126
2420
1097
1127
2421
1098
1128
2422
1099
1129
2423
1100
1130
2424
1101
1131
2425
1102
1132
2426
1103
1133
2427
1104
1134
2428
1105
1135
2429
1106
1136
2430
1107
1137
2431
1138
2432
1109
1139
2433
1110
1140
2434
1111
1141
2435
1112
1142
2436
1113
1143
2437
1114
1144
2438
1115
1145
2439
1116
1146
2440
1117
1147
2441
1118
1148
2442
1119
1149
2443
1120
1150
2444
1121
1151
2445
1122
1152
2446
1123
1153
2447
1124
1154
2448
1125
1155
2449
1126
1156
2450
1127
1157
2451
1128
1158
2452
1129
1159
2453
1130
1160
2454
1131
1161
2455
1132
1162
2456
1133
1163
2457
1134
1164
2458
1135
1165
2459
1136
1166
2460
1137
1167
2461
1138
1168
2462
1169
2463
1140
1170
2464
1141
1171
2465
1142
1172
2466
1143
1173
2467
1144
1174
2468
1145
1175
2469
1146
1176
2470
1147
1177
2471
1148
1178
2472
1149
1179
2473
1150
1180
2474
1151
1181
2475
1152
1182
2476
1153
1183
2477
1154
1184
2478
1155
1185
2479
1156
1186
2480
1157
1187
2481
1158
1188
2482
1159
1189
2483
1160
1190
2484
1161
1191
2485
1162
1192
2486
1163
1193
2487
1164
1194
2488
1165
1195
2489
1166
1196
2490
1167
1197
2491
1168
1198
2492
1169
1199
2493
1200
2494
1171
1201
2495
1172
1202
2496
1173
1203
2497
1174
1204
2498
1175
1205
2499
1176
1206
2500
1177
1207
2501
1178
1208
2502
1179
1209
2503
1180
1210
2504
1181
1211
2505
1182
1212
2506
1183
1213
2507
1184
1214
2508
1185
1215
2509
1186
1216
2510
1187
1217
2511
1188
1218
2512
1189
1219
2513
1190
1220
2514
1191
1221
2515
1192
1222
2516
1193
1223
2517
1194
1224
2518
1195
1225
2519
1196
1226
2520
1197
1227
2521
1198
1228
2522
1199
1229
2523
1200
1230
2524
1231
2525
1202
1232
2526
1203
1233
2527
1204
1234
2528
1205
1235
2529
1206
1236
2530
1207
1237
2531
1208
1238
2532
1209
1239
2533
1210
1240
2534
1211
1241
2535
1212
1242
2536
1213
1243
2537
1214
1244
2538
1215
1245
2539
1216
1246
2540
1217
1247
2541
1218
1248
2542
1219
1249
2543
1220
1250
2544
1221
1251
2545
1222
1252
2546
1223
1253
2547
1224
1254
2548
1225
1255
2549
1226
1256
2550
1227
1257
2551
1228
1258
2552
1229
1259
2553
1230
1260
2554
1231
1261
2555
1262
2556
1233
1263
2557
1234
1264
2558
1235
1265
2559
1236
1266
2560
1237
1267
2561
1238
1268
2562
1239
1269
2563
1240
1270
2564
1241
1271
2565
1242
1272
2566
1243
1273
2567
1244
1274
2568
1245
1275
2569
1246
1276
2570
1247
1277
2571
1248
1278
2572
1249
1279
2573
1250
1280
2574
1251
1281
2575
1252
1282
2576
1253
1283
2577
1254
1284
2578
1255
1285
2579
1256
1286
2580
1257
1287
2581
1258
1288
2582
1259
1289
2583
1260
1290
2584
1261
1291
2585
1262
1292
2586
1293
2587
1264
1294
2588
1265
1295
2589
1266
1296
2590
1267
1297
2591
1268
1298
2592
1269
1299
2593
1270
1300
2594
1271
1301
2595
1272
1302
2596
1273
1303
2597
1274
1304
2598
1275
1305
2599
1276
1306
2600
1277
1307
2601
1278
1308
2602
1279
1309
2603
1280
1310
2604
1281
1311
2605
1282
1312
2606
1283
1313
2607
1284
1314
2608
1285
1315
2609
1286
1316
2610
1287
1317
2611
1288
1318
2612
1289
1319
2613
1290
1320
2614
1291
1321
2615
1292
1322
2616
1293
1323
2617
1324
2618
1295
2619
1296
2620
1297
2621
1298
2622
1299
2623
1300
2624
1301
2625
1302
2626
1303
2627
1304
2628
1305
2629
1306
2630
1307
2631
1308
2632
1309
2633
1310
2634
1311
2635
1312
2636
1313
2637
1314
2638
1315
2639
1316
2640
1317
2641
1318
2642
1319
2643
1320
2644
1321
2645
1322
2646
1323
2647
1324
2648
2649
1326
1330
1327
1331
1328
1332
1329
1333
1334
1331
1335
1332
1336
1333
1337
1334
1338
1339
1336
1340
1337
1341
1338
1342
1339
1343
1344
1341
1345
1342
1346
1343
1347
1344
1348
1349
1346
1350
1347
1351
1348
1352
1349
1353
1354
1351
1355
1352
1356
1353
1357
1354
1358
1359
1356
1360
1357
1361
1358
1362
1359
1363
1364
1361
1365
1362
1366
1363
1367
1364
1368
1369
1366
1370
1367
1371
1368
1372
1369
1373
1374
1371
1375
1372
1376
1373
1377
1374
1378
1379
1376
1380
1377
1381
1378
1382
1379
1383
1384
1381
1385
1382
1386
1383
1387
1384
1388
1389
1386
1390
1387
1391
1388
1392
1389
1393
1394
1391
1395
1392
1396
1393
1397
1394
1398
1399
1396
1400
1397
1401
1398
1402
1399
1403
1404
1401
1405
1402
1406
1403
1407
1404
1408
1409
1406
1410
1407
1411
1408
1412
1409
1413
1414
1411
1441
1412
1442
1413
1443
1414
1444
1415
1445
1416
1446
1417
1447
1418
1448
1419
1449
1420
1450
1421
1451
1422
1452
1423
1453
1424
1454
1425
1455
1426
1456
1427
1457
1428
1458
1429
1459
1430
1460
1431
1461
1432
1462
1433
1463
1434
1464
1435
1465
1436
1466
1437
1467
1438
1468
1439
1469
1440
1470
1471
1442
1472
1443
1473
1444
1474
1445
1475
1446
1476
1447
1477
1448
1478
1449
1479
1450
1480
1451
1481
1452
1482
1453
1483
1454
1484
1455
1485
1456
1486
1457
1487
1458
1488
1459
1489
1460
1490
1461
1491
1462
1492
1463
1493
1464
1494
1465
1495
1466
1496
1467
1497
1468
1498
1469
1499
1470
1500
1471
1501
1502
1473
1503
1474
1504
1475
1505
1476
1506
1477
1507
1478
1508
1479
1509
1480
1510
1481
1511
1482
1512
1483
1513
1484
1514
1485
1515
1486
1516
1487
1517
1488
1518
1489
1519
1490
1520
1491
1521
1492
1522
1493
1523
1494
1524
1495
1525
1496
1526
1497
1527
1498
1528
1499
1529
1500
1530
1501
1531
1502
1532
1533
1504
1534
1505
1535
1506
1536
1507
1537
1508
1538
1509
1539
1510
1540
1511
1541
1512
1542
1513
1543
1514
1544
1515
1545
1516
1546
1517
1547
1518
1548
1519
1549
1520
1550
1521
1551
1522
1552
1523
1553
1524
1554
1525
1555
1526
1556
1527
1557
1528
1558
1529
1559
1530
1560
1531
1561
1532
1562
1533
1563
1564
1535
1565
1536
1566
1537
1567
1538
1568
1539
1569
1540
1570
1541
1571
1542
1572
1543
1573
1544
1574
1545
1575
1546
1576
1547
1577
1548
1578
1549
1579
1550
1580
1551
1581
1552
1582
1553
1583
1554
1584
1555
1585
1556
1586
1557
1587
1558
1588
1559
1589
1560
1590
1561
1591
1562
1592
1563
1593
1564
1594
1595
1566
1596
1567
1597
1568
1598
1569
1599
1570
1600
1571
1601
1572
1602
1573
1603
1574
1604
1575
1605
1576
1606
1577
1607
1578
1608
1579
1609
1580
1610
1581
1611
1582
1612
1583
1613
1584
1614
1585
1615
1586
1616
1587
1617
1588
1618
1589
1619
1590
1620
1591
1621
1592
1622
1593
1623
1594
1624
1595
1625
1626
1597
1627
1598
1628
1599
1629
1600
1630
1601
1631
1602
1632
1603
1633
1604
1634
1605
1635
1606
1636
1607
1637
1608
1638
1609
1639
1610
1640
1611
1641
1612
1642
1613
1643
1614
1644
1615
1645
1616
1646
1617
1647
1618
1648
1619
1649
1620
1650
1621
1651
1622
1652
1623
1653
1624
1654
1625
1655
1626
1656
1657
1628
1658
1629
1659
1630
1660
1631
1661
1632
1662
1633
1663
1634
1664
1635
1665
1636
1666
1637
1667
1638
1668
1639
1669
1640
1670
1641
1671
1642
1672
1643
1673
1644
1674
1645
1675
1646
1676
1647
1677
1648
1678
1649
1679
1650
1680
1651
1681
1652
1682
1653
1683
1654
1684
1655
1685
1656
1686
1657
1687
1688
1659
1689
1660
1690
1661
1691
1662
1692
1663
1693
1664
1694
1665
1695
1666
1696
1667
1697
1668
1698
1669
1699
1670
1700
1671
1701
1672
1702
1673
1703
1674
1704
1675
1705
1676
1706
1677
1707
1678
1708
1679
1709
1680
1710
1681
1711
1682
1712
1683
1713
1684
1714
1685
1715
1686
1716
1687
1717
1688
1718
1719
1690
1720
1691
1721
1692
1722
1693
1723
1694
1724
1695
1725
1696
1726
1697
1727
1698
1728
1699
1729
1700
1730
1701
1731
1702
1732
1703
1733
1704
1734
1705
1735
1706
1736
1707
1737
1708
1738
1709
1739
1710
1740
1711
1741
1712
1742
1713
1743
1714
1744
1715
1745
1716
1746
1717
1747
1718
1748
1719
1749
1750
1721
1751
1722
1752
1723
1753
1724
1754
1725
1755
1726
1756
1727
1757
1728
1758
1729
1759
1730
1760
1731
1761
1732
1762
1733
1763
1734
1764
1735
1765
1736
1766
1737
1767
1738
1768
1739
1769
1740
1770
1741
1771
1742
1772
1743
1773
1744
1774
1745
1775
1746
1776
1747
1777
1748
1778
1749
1779
1750
1780
1781
1752
1782
1753
1783
1754
1784
1755
1785
1756
1786
1757
1787
1758
1788
1759
1789
1760
1790
1761
1791
1762
1792
1763
1793
1764
1794
1765
1795
1766
1796
1767
1797
1768
1798
1769
1799
1770
1800
1771
1801
1772
1802
1773
1803
1774
1804
1775
1805
1776
1806
1777
1807
1778
1808
1779
1809
1780
1810
1781
1811
1812
1783
1813
1784
1814
1785
1815
1786
1816
1787
1817
1788
1818
1789
1819
1790
1820
1791
1821
1792
1822
1793
1823
1794
1824
1795
1825
1796
1826
1797
1827
1798
1828
1799
1829
1800
1830
1801
1831
1802
1832
1803
1833
1804
1834
1805
1835
1806
1836
1807
1837
1808
1838
1809
1839
1810
1840
1811
1841
1812
1842
1843
1814
1844
1815
1845
1816
1846
1817
1847
1818
1848
1819
1849
1820
1850
1821
1851
1822
1852
1823
1853
1824
1854
1825
1855
1826
1856
1827
1857
1828
1858
1829
1859
1830
1860
1831
1861
1832
1862
1833
1863
1834
1864
1835
1865
1836
1866
1837
1867
1838
1868
1839
1869
1840
1870
1841
1871
1842
1872
1843
1873
1874
1845
1875
1846
1876
1847
1877
1848
1878
1849
1879
1850
1880
1851
1881
1852
1882
1853
1883
1854
1884
1855
1885
1856
1886
1857
1887
1858
1888
1859
1889
1860
1890
1861
1891
1862
1892
1863
1893
1864
1894
1865
1895
1866
1896
1867
1897
1868
1898
1869
1899
1870
1900
1871
1901
1872
1902
1873
1903
1874
1904
1905
1876
1906
1877
1907
1878
1908
1879
1909
1880
1910
1881
1911
1882
1912
1883
1913
1884
1914
1885
1915
1886
1916
1887
1917
1888
1918
1889
1919
1890
1920
1891
1921
1892
1922
1893
1923
1894
1924
1895
1925
1896
1926
1897
1927
1898
1928
1899
1929
1900
1930
1901
1931
1902
1932
1903
1933
1904
1934
1905
1935
1936
1907
1937
1908
1938
1909
1939
1910
1940
1911
1941
1912
1942
1913
1943
1914
1944
1915
1945
1916
1946
1917
1947
1918
1948
1919
1949
1920
1950
1921
1951
1922
1952
1923
1953
1924
1954
1925
1955
1926
1956
1927
1957
1928
1958
1929
1959
1930
1960
1931
1961
1932
1962
1933
1963
1934
1964
1935
1965
1936
1966
1967
1938
1968
1939
1969
1940
1970
1941
1971
1942
1972
1943
1973
1944
1974
1945
1975
1946
1976
1947
1977
1948
1978
1949
1979
1950
1980
1951
1981
1952
1982
1953
1983
1954
1984
1955
1985
1956
1986
1957
1987
1958
1988
1959
1989
1960
1990
1961
1991
1962
1992
1963
1993
1964
1994
1965
1995
1966
1996
1967
1997
1998
1969
1999
1970
2000
1971
2001
1972
2002
1973
2003
1974
2004
1975
2005
1976
2006
1977
2007
1978
2008
1979
2009
1980
2010
1981
2011
1982
2012
1983
2013
1984
2014
1985
2015
1986
2016
1987
2017
1988
2018
1989
2019
1990
2020
1991
2021
1992
2022
1993
2023
1994
2024
1995
2025
1996
2026
1997
2027
1998
2028
2029
2000
2030
2001
2031
2002
2032
2003
2033
2004
2034
2005
2035
2006
2036
2007
2037
2008
2038
2009
2039
2010
2040
2011
2041
2012
2042
2013
2043
2014
2044
2015
2045
2016
2046
2017
2047
2018
2048
2019
2049
2020
2050
2021
2051
2022
2052
2023
2053
2024
2054
2025
2055
2026
2056
2027
2057
2028
2058
2029
2059
2060
2031
2061
2032
2062
2033
2063
2034
2064
2035
2065
2036
2066
2037
2067
2038
2068
2039
2069
2040
2070
2041
2071
2042
2072
2043
2073
2044
2074
2045
2075
2046
2076
2047
2077
2048
2078
2049
2079
2050
2080
2051
2081
2052
2082
2053
2083
2054
2084
2055
2085
2056
2086
2057
2087
2058
2088
2059
2089
2060
2090
2091
2062
2092
2063
2093
2064
2094
2065
2095
2066
2096
2067
2097
2068
2098
2069
2099
2070
2100
2071
2101
2072
2102
2073
2103
2074
2104
2075
2105
2076
2106
2077
2107
2078
2108
2079
2109
2080
2110
2081
2111
2082
2112
2083
2113
2084
2114
2085
2115
2086
2116
2087
2117
2088
2118
2089
2119
2090
2120
2091
2121
2122
2093
2123
2094
2124
2095
2125
2096
2126
2097
2127
2098
2128
2099
2129
2100
2130
2101
2131
2102
2132
2103
2133
2104
2134
2105
2135
2106
2136
2107
2137
2108
2138
2109
2139
2110
2140
2111
2141
2112
2142
2113
2143
2114
2144
2115
2145
2116
2146
2117
2147
2118
2148
2119
2149
2120
2150
2121
2151
2122
2152
2153
2124
2154
2125
2155
2126
2156
2127
2157
2128
2158
2129
2159
2130
2160
2131
2161
2132
2162
2133
2163
2134
2164
2135
2165
2136
2166
2137
2167
2138
2168
2139
2169
2140
2170
2141
2171
2142
2172
2143
2173
2144
2174
2145
2175
2146
2176
2147
2177
2148
2178
2149
2179
2150
2180
2151
2181
2152
2182
2153
2183
2184
2155
2185
2156
2186
2157
2187
2158
2188
2159
2189
2160
2190
2161
2191
2162
2192
2163
2193
2164
2194
2165
2195
2166
2196
2167
2197
2168
2198
2169
2199
2170
2200
2171
2201
2172
2202
2173
2203
2174
2204
2175
2205
2176
2206
2177
2207
2178
2208
2179
2209
2180
2210
2181
2211
2182
2212
2183
2213
2184
2214
2215
2186
2216
2187
2217
2188
2218
2189
2219
2190
2220
2191
2221
2192
2222
2193
2223
2194
2224
2195
2225
2196
2226
2197
2227
2198
2228
2199
2229
2200
2230
2201
2231
2202
2232
2203
2233
2204
2234
2205
2235
2206
2236
2207
2237
2208
2238
2209
2239
2210
2240
2211
2241
2212
2242
2213
2243
2214
2244
2215
2245
2246
2217
2247
2218
2248
2219
2249
2220
2250
2221
2251
2222
2252
2223
2253
2224
2254
2225
2255
2226
2256
2227
2257
2228
2258
2229
2259
2230
2260
2231
2261
2232
2262
2233
2263
2234
2264
2235
2265
2236
2266
2237
2267
2238
2268
2239
2269
2240
2270
2241
2271
2242
2272
2243
2273
2244
2274
2245
2275
2246
2276
2277
2248
2278
2249
2279
2250
2280
2251
2281
2252
2282
2253
2283
2254
2284
2255
2285
2256
2286
2257
2287
2258
2288
2259
2289
2260
2290
2261
2291
2262
2292
2263
2293
2264
2294
2265
2295
2266
2296
2267
2297
2268
2298
2269
2299
2270
2300
2271
2301
2272
2302
2273
2303
2274
2304
2275
2305
2276
2306
2277
2307
2308
2279
2309
2280
2310
2281
2311
2282
2312
2283
2313
2284
2314
2285
2315
2286
2316
2287
2317
2288
2318
2289
2319
2290
2320
2291
2321
2292
2322
2293
2323
2294
2324
2295
2325
2296
2326
2297
2327
2298
2328
2299
2329
2300
2330
2301
2331
2302
2332
2303
2333
2304
2334
2305
2335
2306
2336
2307
2337
2308
2338
2339
2310
2340
2311
2341
2312
2342
2313
2343
2314
2344
2315
2345
2316
2346
2317
2347
2318
2348
2319
2349
2320
2350
2321
2351
2322
2352
2323
2353
2324
2354
2325
2355
2326
2356
2327
2357
2328
2358
2329
2359
2330
2360
2331
2361
2332
2362
2333
2363
2334
2364
2335
2365
2336
2366
2337
2367
2338
2368
2339
2369
2370
2341
2371
2342
2372
2343
2373
2344
2374
2345
2375
2346
2376
2347
2377
2348
2378
2349
2379
2350
2380
2351
2381
2352
2382
2353
2383
2354
2384
2355
2385
2356
2386
2357
2387
2358
2388
2359
2389
2360
2390
2361
2391
2362
2392
2363
2393
2364
2394
2365
2395
2366
2396
2367
2397
2368
2398
2369
2399
2370
2400
2401
2372
2402
2373
2403
2374
2404
2375
2405
2376
2406
2377
2407
2378
2408
2379
2409
2380
2410
2381
2411
2382
2412
2383
2413
2384
2414
2385
2415
2386
2416
2387
2417
2388
2418
2389
2419
2390
2420
2391
2421
2392
2422
2393
2423
2394
2424
2395
2425
2396
2426
2397
2427
2398
2428
2399
2429
2400
2430
2401
2431
2432
2403
2433
2404
2434
2405
2435
2406
2436
2407
2437
2408
2438
2409
2439
2410
2440
2411
2441
2412
2442
2413
2443
2414
2444
2415
2445
2416
2446
2417
2447
2418
2448
2419
2449
2420
2450
2421
2451
2422
2452
2423
2453
2424
2454
2425
2455
2426
2456
2427
2457
2428
2458
2429
2459
2430
2460
2431
2461
2432
2462
2463
2434
2464
2435
2465
2436
2466
2437
2467
2438
2468
2439
2469
2440
2470
2441
2471
2442
2472
2443
2473
2444
2474
2445
2475
2446
2476
2447
2477
2448
2478
2449
2479
2450
2480
2451
2481
2452
2482
2453
2483
2454
2484
2455
2485
2456
2486
2457
2487
2458
2488
2459
2489
2460
2490
2461
2491
2462
2492
2463
2493
2494
2465
2495
2466
2496
2467
2497
2468
2498
2469
2499
2470
2500
2471
2501
2472
2502
2473
2503
2474
2504
2475
2505
2476
2506
2477
2507
2478
2508
2479
2509
2480
2510
2481
2511
2482
2512
2483
2513
2484
2514
2485
2515
2486
2516
2487
2517
2488
2518
2489
2519
2490
2520
2491
2521
2492
2522
2493
2523
2494
2524
2525
2496
2526
2497
2527
2498
2528
2499
2529
2500
2530
2501
2531
2502
2532
2503
2533
2504
2534
2505
2535
2506
2536
2507
2537
2508
2538
2509
2539
2510
2540
2511
2541
2512
2542
2513
2543
2514
2544
2515
2545
2516
2546
2517
2547
2518
2548
2519
2549
2520
2550
2521
2551
2522
2552
2523
2553
2524
2554
2525
2555
2556
2527
2557
2528
2558
2529
2559
2530
2560
2531
2561
2532
2562
2533
2563
2534
2564
2535
2565
2536
2566
2537
2567
2538
2568
2539
2569
2540
2570
2541
2571
2542
2572
2543
2573
2544
2574
2545
2575
2546
2576
2547
2577
2548
2578
2549
2579
2550
2580
2551
2581
2552
2582
2553
2583
2554
2584
2555
2585
2556
2586
2587
2558
2588
2559
2589
2560
2590
2561
2591
2562
2592
2563
2593
2564
2594
2565
2595
2566
2596
2567
2597
2568
2598
2569
2599
2570
2600
2571
2601
2572
2602
2573
2603
2574
2604
2575
2605
2576
2606
2577
2607
2578
2608
2579
2609
2580
2610
2581
2611
2582
2612
2583
2613
2584
2614
2585
2615
2586
2616
2587
2617
2618
2589
2619
2590
2620
2591
2621
2592
2622
2593
2623
2594
2624
2595
2625
2596
2626
2597
2627
2598
2628
2599
2629
2600
2630
2601
2631
2602
2632
2603
2633
2604
2634
2605
2635
2606
2636
2607
2637
2608
2638
2609
2639
2610
2640
2611
2641
2612
2642
2613
2643
2614
2644
2615
2645
2616
2646
2617
2647
2618
2648
2649
2620
2621
2622
2623
2624
2625
2626
2627
2628
2629
2630
2631
2632
2633
2634
2635
2636
2637
2638
2639
2640
2641
2642
2643
2644
2645
2646
2647
2648
2649
)


// ************************************************************************* //
