/*--------------------------------*- C++ -*----------------------------------*\
| =========                 |                                                 |
| \\      /  F ield         | OpenFOAM: The Open Source CFD Toolbox           |
|  \\    /   O peration     | Version:  v2012                                 |
|   \\  /    A nd           | Website:  www.openfoam.com                      |
|    \\/     M anipulation  |                                                 |
\*---------------------------------------------------------------------------*/
FoamFile
{
    version     2.0;
    format      ascii;
    class       volScalarField;
    location    "0.35";
    object      p;
}
// * * * * * * * * * * * * * * * * * * * * * * * * * * * * * * * * * * * * * //

dimensions      [1 -1 -2 0 0 0 0];


internalField   nonuniform List<scalar> 
2619
(
3.10261e+06
3.10116e+06
3.1011e+06
3.10074e+06
3.10085e+06
3.10064e+06
3.10044e+06
3.10035e+06
3.10017e+06
3.10012e+06
3.10008e+06
3.1e+06
3.10004e+06
3.09998e+06
3.10002e+06
3.09999e+06
3.09939e+06
3.09935e+06
3.09922e+06
3.09945e+06
3.09949e+06
3.09967e+06
3.09972e+06
3.0998e+06
3.0999e+06
3.09997e+06
3.09998e+06
3.10006e+06
3.10001e+06
3.10007e+06
3.10002e+06
3.10005e+06
3.10002e+06
3.10003e+06
3.09946e+06
3.10041e+06
3.10001e+06
3.10034e+06
3.10023e+06
3.10031e+06
3.10016e+06
3.10015e+06
3.10008e+06
3.10007e+06
3.10002e+06
3.10004e+06
3.1e+06
3.10003e+06
3.1e+06
3.10002e+06
3.10001e+06
3.10002e+06
3.10002e+06
3.09959e+06
3.10017e+06
3.09961e+06
3.09998e+06
3.09986e+06
3.10009e+06
3.09996e+06
3.10008e+06
3.10004e+06
3.10009e+06
3.10007e+06
3.10009e+06
3.10006e+06
3.10007e+06
3.10004e+06
3.10004e+06
3.10003e+06
3.10003e+06
3.10002e+06
3.1001e+06
3.10033e+06
3.09973e+06
3.09999e+06
3.09992e+06
3.10002e+06
3.09999e+06
3.1e+06
3.1e+06
3.1e+06
3.10001e+06
3.10002e+06
3.10002e+06
3.10003e+06
3.10003e+06
3.10003e+06
3.10003e+06
3.10003e+06
3.10002e+06
3.10015e+06
3.10005e+06
3.1e+06
3.10003e+06
3.09995e+06
3.10004e+06
3.10009e+06
3.10016e+06
3.1001e+06
3.10011e+06
3.10009e+06
3.10008e+06
3.10007e+06
3.10006e+06
3.10005e+06
3.10004e+06
3.10004e+06
3.10003e+06
3.10003e+06
3.09973e+06
3.09975e+06
3.09974e+06
3.09982e+06
3.09973e+06
3.09985e+06
3.09994e+06
3.1e+06
3.1e+06
3.10001e+06
3.10003e+06
3.10002e+06
3.10005e+06
3.10003e+06
3.10004e+06
3.10003e+06
3.10004e+06
3.10003e+06
3.10003e+06
3.10029e+06
3.09977e+06
3.10017e+06
3.09989e+06
3.10002e+06
3.09999e+06
3.09995e+06
3.09999e+06
3.10007e+06
3.10011e+06
3.10009e+06
3.10006e+06
3.10007e+06
3.10004e+06
3.10005e+06
3.10004e+06
3.10004e+06
3.10003e+06
3.10003e+06
3.09911e+06
3.10083e+06
3.09943e+06
3.10054e+06
3.09943e+06
3.10008e+06
3.09969e+06
3.09992e+06
3.09998e+06
3.10005e+06
3.10006e+06
3.10004e+06
3.10006e+06
3.10004e+06
3.10005e+06
3.10004e+06
3.10004e+06
3.10004e+06
3.10004e+06
3.0997e+06
3.10083e+06
3.09974e+06
3.10061e+06
3.09964e+06
3.10023e+06
3.0998e+06
3.10004e+06
3.10003e+06
3.1001e+06
3.10008e+06
3.10005e+06
3.10007e+06
3.10003e+06
3.10005e+06
3.10004e+06
3.10004e+06
3.10004e+06
3.10004e+06
3.09949e+06
3.10064e+06
3.09953e+06
3.10047e+06
3.09947e+06
3.10009e+06
3.09971e+06
3.09995e+06
3.09999e+06
3.10006e+06
3.10007e+06
3.10004e+06
3.10007e+06
3.10004e+06
3.10006e+06
3.10004e+06
3.10005e+06
3.10004e+06
3.10004e+06
3.09966e+06
3.10079e+06
3.09976e+06
3.10064e+06
3.09967e+06
3.10026e+06
3.09981e+06
3.10004e+06
3.10004e+06
3.10009e+06
3.10008e+06
3.10004e+06
3.10007e+06
3.10003e+06
3.10006e+06
3.10004e+06
3.10005e+06
3.10004e+06
3.10004e+06
3.10004e+06
3.10004e+06
3.10003e+06
3.10003e+06
3.09939e+06
3.10043e+06
3.09953e+06
3.10037e+06
3.09944e+06
3.10005e+06
3.09965e+06
3.09993e+06
3.09996e+06
3.10005e+06
3.10006e+06
3.10003e+06
3.10007e+06
3.10003e+06
3.10006e+06
3.10004e+06
3.10005e+06
3.10004e+06
3.10004e+06
3.10004e+06
3.10004e+06
3.10004e+06
3.10003e+06
3.10027e+06
3.10032e+06
3.10016e+06
3.1004e+06
3.10001e+06
3.1004e+06
3.09986e+06
3.1001e+06
3.10006e+06
3.10014e+06
3.10009e+06
3.10004e+06
3.10007e+06
3.10003e+06
3.10006e+06
3.10004e+06
3.10005e+06
3.10004e+06
3.10004e+06
3.10004e+06
3.10004e+06
3.10004e+06
3.10004e+06
3.10038e+06
3.0999e+06
3.10004e+06
3.10006e+06
3.09979e+06
3.1001e+06
3.09968e+06
3.09995e+06
3.09997e+06
3.10009e+06
3.10006e+06
3.10004e+06
3.10007e+06
3.10004e+06
3.10006e+06
3.10004e+06
3.10005e+06
3.10004e+06
3.10005e+06
3.10004e+06
3.10004e+06
3.10004e+06
3.10004e+06
3.10048e+06
3.09991e+06
3.10033e+06
3.10014e+06
3.10015e+06
3.10026e+06
3.10003e+06
3.10026e+06
3.10006e+06
3.10017e+06
3.10009e+06
3.10008e+06
3.10008e+06
3.10004e+06
3.10006e+06
3.10004e+06
3.10005e+06
3.10004e+06
3.10005e+06
3.10004e+06
3.10004e+06
3.10004e+06
3.10004e+06
3.1006e+06
3.09915e+06
3.10057e+06
3.09975e+06
3.10014e+06
3.09998e+06
3.09999e+06
3.10011e+06
3.10002e+06
3.10013e+06
3.10007e+06
3.10008e+06
3.10007e+06
3.10004e+06
3.10006e+06
3.10004e+06
3.10005e+06
3.10005e+06
3.10005e+06
3.10004e+06
3.10004e+06
3.10004e+06
3.10004e+06
3.10059e+06
3.09922e+06
3.10053e+06
3.09983e+06
3.10022e+06
3.10007e+06
3.10006e+06
3.10016e+06
3.10005e+06
3.10016e+06
3.10007e+06
3.10008e+06
3.10007e+06
3.10004e+06
3.10006e+06
3.10004e+06
3.10005e+06
3.10005e+06
3.10005e+06
3.10004e+06
3.10004e+06
3.10004e+06
3.10004e+06
3.101e+06
3.09916e+06
3.10069e+06
3.0998e+06
3.10022e+06
3.10003e+06
3.10004e+06
3.10017e+06
3.10004e+06
3.10017e+06
3.10007e+06
3.1001e+06
3.10008e+06
3.10005e+06
3.10007e+06
3.10005e+06
3.10005e+06
3.10005e+06
3.10005e+06
3.10004e+06
3.10004e+06
3.10004e+06
3.10004e+06
3.10091e+06
3.09928e+06
3.1006e+06
3.0998e+06
3.10025e+06
3.10005e+06
3.10005e+06
3.10014e+06
3.10003e+06
3.10015e+06
3.10006e+06
3.10009e+06
3.10007e+06
3.10005e+06
3.10006e+06
3.10005e+06
3.10006e+06
3.10005e+06
3.10005e+06
3.10004e+06
3.10004e+06
3.10004e+06
3.10004e+06
3.1007e+06
3.0992e+06
3.10057e+06
3.09984e+06
3.10016e+06
3.10007e+06
3.10001e+06
3.10019e+06
3.10003e+06
3.10019e+06
3.10008e+06
3.1001e+06
3.10008e+06
3.10005e+06
3.10007e+06
3.10005e+06
3.10006e+06
3.10005e+06
3.10005e+06
3.10005e+06
3.10004e+06
3.10004e+06
3.10004e+06
3.10061e+06
3.09952e+06
3.10055e+06
3.09993e+06
3.10024e+06
3.10022e+06
3.10001e+06
3.10024e+06
3.10003e+06
3.10016e+06
3.10008e+06
3.10009e+06
3.10008e+06
3.10005e+06
3.10007e+06
3.10005e+06
3.10006e+06
3.10005e+06
3.10005e+06
3.10005e+06
3.10004e+06
3.10004e+06
3.10004e+06
3.10083e+06
3.09926e+06
3.10065e+06
3.09975e+06
3.10017e+06
3.10015e+06
3.09991e+06
3.10024e+06
3.1e+06
3.10019e+06
3.10008e+06
3.1001e+06
3.10008e+06
3.10005e+06
3.10007e+06
3.10005e+06
3.10006e+06
3.10005e+06
3.10005e+06
3.10005e+06
3.10004e+06
3.10004e+06
3.10004e+06
3.10037e+06
3.09976e+06
3.10044e+06
3.09994e+06
3.10029e+06
3.10017e+06
3.10006e+06
3.10032e+06
3.1e+06
3.10021e+06
3.10009e+06
3.1001e+06
3.10009e+06
3.10006e+06
3.10007e+06
3.10006e+06
3.10006e+06
3.10005e+06
3.10005e+06
3.10005e+06
3.10005e+06
3.10004e+06
3.10004e+06
3.10193e+06
3.09822e+06
3.10155e+06
3.09906e+06
3.1008e+06
3.0999e+06
3.10012e+06
3.10028e+06
3.1e+06
3.10024e+06
3.10008e+06
3.10011e+06
3.10009e+06
3.10006e+06
3.10007e+06
3.10006e+06
3.10006e+06
3.10006e+06
3.10005e+06
3.10005e+06
3.10005e+06
3.10004e+06
3.10004e+06
3.10129e+06
3.09845e+06
3.10114e+06
3.09912e+06
3.10066e+06
3.09983e+06
3.10013e+06
3.10025e+06
3.1e+06
3.10022e+06
3.10009e+06
3.10011e+06
3.1001e+06
3.10007e+06
3.10008e+06
3.10007e+06
3.10007e+06
3.10006e+06
3.10006e+06
3.10005e+06
3.10005e+06
3.10004e+06
3.10004e+06
3.10169e+06
3.09861e+06
3.10156e+06
3.0993e+06
3.10093e+06
3.10002e+06
3.10025e+06
3.10037e+06
3.10005e+06
3.10028e+06
3.10011e+06
3.10013e+06
3.10011e+06
3.10008e+06
3.10008e+06
3.10007e+06
3.10007e+06
3.10006e+06
3.10006e+06
3.10005e+06
3.10005e+06
3.10005e+06
3.10004e+06
3.10133e+06
3.09844e+06
3.10105e+06
3.09901e+06
3.10057e+06
3.0997e+06
3.10007e+06
3.10018e+06
3.09997e+06
3.10022e+06
3.10009e+06
3.10013e+06
3.10012e+06
3.10009e+06
3.10009e+06
3.10008e+06
3.10008e+06
3.10007e+06
3.10007e+06
3.10006e+06
3.10005e+06
3.10005e+06
3.10004e+06
3.10176e+06
3.09905e+06
3.1016e+06
3.09955e+06
3.10104e+06
3.10016e+06
3.10039e+06
3.10044e+06
3.10015e+06
3.10032e+06
3.10016e+06
3.10016e+06
3.10013e+06
3.1001e+06
3.1001e+06
3.10009e+06
3.10008e+06
3.10007e+06
3.10007e+06
3.10006e+06
3.10006e+06
3.10005e+06
3.10004e+06
3.09993e+06
3.09932e+06
3.10027e+06
3.0994e+06
3.10031e+06
3.09966e+06
3.1001e+06
3.10005e+06
3.10001e+06
3.10016e+06
3.10011e+06
3.10014e+06
3.10013e+06
3.10011e+06
3.10011e+06
3.1001e+06
3.10009e+06
3.10008e+06
3.10007e+06
3.10007e+06
3.10006e+06
3.10005e+06
3.10005e+06
3.10012e+06
3.10005e+06
3.10076e+06
3.10004e+06
3.10089e+06
3.10024e+06
3.10054e+06
3.10043e+06
3.10027e+06
3.10031e+06
3.10022e+06
3.10019e+06
3.10017e+06
3.10013e+06
3.10012e+06
3.10011e+06
3.1001e+06
3.10009e+06
3.10008e+06
3.10007e+06
3.10006e+06
3.10006e+06
3.10005e+06
3.09976e+06
3.10021e+06
3.09998e+06
3.09994e+06
3.1001e+06
3.09995e+06
3.10009e+06
3.10005e+06
3.10014e+06
3.10012e+06
3.10017e+06
3.10013e+06
3.10016e+06
3.10013e+06
3.10013e+06
3.10012e+06
3.10011e+06
3.1001e+06
3.10009e+06
3.10008e+06
3.10007e+06
3.10006e+06
3.10005e+06
3.10074e+06
3.10105e+06
3.10038e+06
3.10037e+06
3.10059e+06
3.10038e+06
3.10045e+06
3.1004e+06
3.10034e+06
3.10027e+06
3.10028e+06
3.10019e+06
3.1002e+06
3.10016e+06
3.10015e+06
3.10014e+06
3.10012e+06
3.10011e+06
3.10009e+06
3.10008e+06
3.10007e+06
3.10006e+06
3.10005e+06
3.10058e+06
3.101e+06
3.1002e+06
3.10017e+06
3.10027e+06
3.10014e+06
3.1002e+06
3.10021e+06
3.10023e+06
3.10019e+06
3.10025e+06
3.10017e+06
3.1002e+06
3.10017e+06
3.10016e+06
3.10015e+06
3.10013e+06
3.10012e+06
3.1001e+06
3.10009e+06
3.10008e+06
3.10007e+06
3.10006e+06
3.10037e+06
3.10131e+06
3.10034e+06
3.1005e+06
3.10058e+06
3.10044e+06
3.10046e+06
3.10041e+06
3.1004e+06
3.1003e+06
3.10034e+06
3.10023e+06
3.10025e+06
3.1002e+06
3.10018e+06
3.10017e+06
3.10014e+06
3.10013e+06
3.10011e+06
3.1001e+06
3.10008e+06
3.10007e+06
3.10006e+06
3.09979e+06
3.10069e+06
3.10007e+06
3.10022e+06
3.1003e+06
3.10019e+06
3.10029e+06
3.10029e+06
3.10031e+06
3.10026e+06
3.10031e+06
3.10022e+06
3.10025e+06
3.10021e+06
3.10019e+06
3.10018e+06
3.10015e+06
3.10014e+06
3.10012e+06
3.1001e+06
3.10008e+06
3.10007e+06
3.10006e+06
3.10087e+06
3.10137e+06
3.10083e+06
3.10071e+06
3.10097e+06
3.10061e+06
3.10072e+06
3.10052e+06
3.10057e+06
3.10039e+06
3.10044e+06
3.10031e+06
3.10032e+06
3.10026e+06
3.10023e+06
3.10021e+06
3.10017e+06
3.10015e+06
3.10013e+06
3.10011e+06
3.10009e+06
3.10008e+06
3.10006e+06
3.10109e+06
3.10106e+06
3.10003e+06
3.10017e+06
3.10032e+06
3.1e+06
3.10043e+06
3.10014e+06
3.1004e+06
3.10028e+06
3.10035e+06
3.10027e+06
3.10029e+06
3.10024e+06
3.10023e+06
3.1002e+06
3.10017e+06
3.10016e+06
3.10013e+06
3.10011e+06
3.10009e+06
3.10008e+06
3.10006e+06
3.10305e+06
3.10314e+06
3.10132e+06
3.10164e+06
3.1014e+06
3.10085e+06
3.1013e+06
3.10064e+06
3.1009e+06
3.10054e+06
3.10062e+06
3.10044e+06
3.10042e+06
3.10034e+06
3.1003e+06
3.10025e+06
3.10021e+06
3.10018e+06
3.10014e+06
3.10012e+06
3.1001e+06
3.10008e+06
3.10006e+06
3.10043e+06
3.10014e+06
3.09967e+06
3.10011e+06
3.10009e+06
3.10011e+06
3.10044e+06
3.10002e+06
3.10059e+06
3.1002e+06
3.10043e+06
3.1003e+06
3.10033e+06
3.10028e+06
3.10026e+06
3.10023e+06
3.1002e+06
3.10017e+06
3.10014e+06
3.10012e+06
3.1001e+06
3.10008e+06
3.10006e+06
3.09539e+06
3.10535e+06
3.09846e+06
3.1044e+06
3.10018e+06
3.10205e+06
3.10147e+06
3.10092e+06
3.10137e+06
3.1007e+06
3.1009e+06
3.1006e+06
3.10058e+06
3.10044e+06
3.10038e+06
3.10031e+06
3.10025e+06
3.1002e+06
3.10016e+06
3.10013e+06
3.1001e+06
3.10008e+06
3.10006e+06
3.09555e+06
3.10193e+06
3.0973e+06
3.10236e+06
3.09896e+06
3.10099e+06
3.10041e+06
3.1001e+06
3.10073e+06
3.10018e+06
3.10053e+06
3.10031e+06
3.10038e+06
3.10029e+06
3.10029e+06
3.10024e+06
3.10021e+06
3.10018e+06
3.10015e+06
3.10012e+06
3.1001e+06
3.10008e+06
3.10006e+06
3.09895e+06
3.10483e+06
3.09961e+06
3.1046e+06
3.10076e+06
3.10255e+06
3.10201e+06
3.10135e+06
3.10191e+06
3.10105e+06
3.10128e+06
3.10083e+06
3.10079e+06
3.10056e+06
3.10048e+06
3.10036e+06
3.10029e+06
3.10022e+06
3.10017e+06
3.10013e+06
3.1001e+06
3.10008e+06
3.10006e+06
3.0982e+06
3.10293e+06
3.0985e+06
3.10283e+06
3.09964e+06
3.10143e+06
3.10074e+06
3.10024e+06
3.10092e+06
3.10014e+06
3.10061e+06
3.10026e+06
3.10041e+06
3.10027e+06
3.1003e+06
3.10023e+06
3.10021e+06
3.10017e+06
3.10014e+06
3.10011e+06
3.10009e+06
3.10007e+06
3.10005e+06
3.10253e+06
3.1058e+06
3.10152e+06
3.10557e+06
3.10209e+06
3.1035e+06
3.10296e+06
3.10218e+06
3.10264e+06
3.10161e+06
3.1018e+06
3.10113e+06
3.10107e+06
3.1007e+06
3.1006e+06
3.1004e+06
3.10032e+06
3.10022e+06
3.10017e+06
3.10012e+06
3.10009e+06
3.10006e+06
3.10004e+06
3.10282e+06
3.10085e+06
3.10175e+06
3.10177e+06
3.10072e+06
3.10194e+06
3.10061e+06
3.10084e+06
3.10082e+06
3.10011e+06
3.10064e+06
3.10013e+06
3.1004e+06
3.10018e+06
3.10027e+06
3.10017e+06
3.10018e+06
3.10013e+06
3.10011e+06
3.10008e+06
3.10006e+06
3.10005e+06
3.10003e+06
3.11056e+06
3.10674e+06
3.10842e+06
3.10724e+06
3.10608e+06
3.10631e+06
3.10455e+06
3.10412e+06
3.10376e+06
3.10251e+06
3.10251e+06
3.10149e+06
3.1014e+06
3.10082e+06
3.1007e+06
3.10041e+06
3.10033e+06
3.1002e+06
3.10015e+06
3.10009e+06
3.10006e+06
3.10004e+06
3.10002e+06
3.10493e+06
3.10099e+06
3.10335e+06
3.10073e+06
3.1021e+06
3.10037e+06
3.10085e+06
3.10049e+06
3.10017e+06
3.09989e+06
3.10033e+06
3.09977e+06
3.10027e+06
3.09995e+06
3.10017e+06
3.10005e+06
3.10011e+06
3.10006e+06
3.10006e+06
3.10004e+06
3.10003e+06
3.10002e+06
3.10001e+06
3.12997e+06
3.11456e+06
3.12358e+06
3.11269e+06
3.11736e+06
3.11015e+06
3.11024e+06
3.10698e+06
3.10588e+06
3.10387e+06
3.10341e+06
3.1018e+06
3.10173e+06
3.10083e+06
3.10074e+06
3.10035e+06
3.10028e+06
3.10013e+06
3.10009e+06
3.10004e+06
3.10002e+06
3.10001e+06
3.1e+06
3.11205e+06
3.10645e+06
3.10581e+06
3.10103e+06
3.10342e+06
3.09764e+06
3.10057e+06
3.09808e+06
3.09956e+06
3.09845e+06
3.09985e+06
3.09896e+06
3.09996e+06
3.09954e+06
3.09997e+06
3.09983e+06
3.09998e+06
3.09994e+06
3.09998e+06
3.09997e+06
3.09998e+06
3.09998e+06
3.09998e+06
3.16028e+06
3.14635e+06
3.15102e+06
3.13505e+06
3.13809e+06
3.11846e+06
3.11974e+06
3.10942e+06
3.1092e+06
3.10419e+06
3.1043e+06
3.10154e+06
3.1018e+06
3.10056e+06
3.10062e+06
3.10017e+06
3.10017e+06
3.10002e+06
3.10002e+06
3.09998e+06
3.09998e+06
3.09997e+06
3.09997e+06
3.1045e+06
3.1483e+06
3.1011e+06
3.119e+06
3.10395e+06
3.09052e+06
3.09975e+06
3.09231e+06
3.09879e+06
3.0956e+06
3.09927e+06
3.09773e+06
3.09958e+06
3.09902e+06
3.09973e+06
3.0996e+06
3.09984e+06
3.09983e+06
3.0999e+06
3.09991e+06
3.09994e+06
3.09995e+06
3.09995e+06
3.26485e+06
3.26449e+06
3.23201e+06
3.20822e+06
3.20031e+06
3.12176e+06
3.13081e+06
3.10508e+06
3.11022e+06
3.10113e+06
3.10359e+06
3.09999e+06
3.10114e+06
3.09985e+06
3.10023e+06
3.09986e+06
3.09998e+06
3.09988e+06
3.09992e+06
3.09991e+06
3.09993e+06
3.09994e+06
3.09995e+06
2.94752e+06
3.14624e+06
3.07758e+06
3.19143e+06
3.11772e+06
3.03075e+06
3.09853e+06
3.07996e+06
3.09915e+06
3.09258e+06
3.0993e+06
3.09698e+06
3.09949e+06
3.0988e+06
3.09963e+06
3.09949e+06
3.09976e+06
3.09976e+06
3.09985e+06
3.09987e+06
3.0999e+06
3.09992e+06
3.09993e+06
3.89551e+06
3.99775e+06
3.42785e+06
3.55141e+06
3.4806e+06
3.99707e+06
3.99962e+06
3.54409e+06
3.66485e+06
3.6e+06
4.00075e+06
4.00086e+06
3.651e+06
3.72716e+06
3.69038e+06
3.9947e+06
4.0004e+06
3.99914e+06
3.9946e+06
3.99763e+06
4.00077e+06
4.00058e+06
4.00095e+06
4.0014e+06
4.00182e+06
4.00164e+06
4.00163e+06
4.00169e+06
4.00181e+06
4.00195e+06
4.00186e+06
4.00188e+06
4.0019e+06
4.00193e+06
4.00197e+06
4.00199e+06
4.00196e+06
4.00196e+06
4.00196e+06
4.00203e+06
4.00236e+06
4.00203e+06
4.00218e+06
4.00296e+06
4.00202e+06
4.002e+06
4.002e+06
4.00215e+06
4.00213e+06
4.00212e+06
4.00202e+06
4.00205e+06
4.00223e+06
6.47973e+06
4.17287e+06
4.00203e+06
4.34596e+06
4.00201e+06
4.35911e+06
4.00209e+06
4.00206e+06
4.92283e+06
4.00213e+06
4.17906e+06
4.00201e+06
4.00202e+06
4.00351e+06
5.08611e+06
4.00225e+06
4.82757e+06
4.00218e+06
1.31382e+07
2.31517e+06
4.00208e+06
4.00213e+06
4.00212e+06
1.56892e+07
4.36029e+06
5.74344e+06
5.89849e+06
4.09739e+06
4.02354e+06
4.00174e+06
4.54117e+06
4.00213e+06
4.08211e+06
4.00216e+06
4.00216e+06
4.00222e+06
4.07555e+06
3.99964e+06
4.00195e+06
4.00196e+06
4.00198e+06
4.00226e+06
4.3005e+06
4.36847e+06
4.17171e+06
4.00245e+06
4.00196e+06
4.02453e+06
4.00226e+06
4.0022e+06
4.00201e+06
4.01207e+06
4.00311e+06
4.00264e+06
4.00124e+06
4.00136e+06
4.00656e+06
4.00302e+06
4.00245e+06
4.0283e+06
4.01087e+06
4.03481e+06
3.10535e+06
3.10261e+06
3.10116e+06
3.1011e+06
3.10074e+06
3.10085e+06
3.10064e+06
3.10044e+06
3.10035e+06
3.10017e+06
3.10012e+06
3.10008e+06
3.1e+06
3.10004e+06
3.09998e+06
3.10002e+06
3.09999e+06
3.09939e+06
3.09935e+06
3.09922e+06
3.09945e+06
3.09949e+06
3.09967e+06
3.09972e+06
3.0998e+06
3.0999e+06
3.09997e+06
3.09998e+06
3.10006e+06
3.10001e+06
3.10007e+06
3.10002e+06
3.10005e+06
3.10002e+06
3.10003e+06
3.09946e+06
3.10041e+06
3.10001e+06
3.10034e+06
3.10023e+06
3.10031e+06
3.10016e+06
3.10015e+06
3.10008e+06
3.10007e+06
3.10002e+06
3.10004e+06
3.1e+06
3.10003e+06
3.1e+06
3.10002e+06
3.10001e+06
3.10002e+06
3.10002e+06
3.09959e+06
3.10017e+06
3.09961e+06
3.09998e+06
3.09986e+06
3.10009e+06
3.09996e+06
3.10008e+06
3.10004e+06
3.10009e+06
3.10007e+06
3.10009e+06
3.10006e+06
3.10007e+06
3.10004e+06
3.10004e+06
3.10003e+06
3.10003e+06
3.10002e+06
3.1001e+06
3.10033e+06
3.09973e+06
3.09999e+06
3.09992e+06
3.10002e+06
3.09999e+06
3.1e+06
3.1e+06
3.1e+06
3.10001e+06
3.10002e+06
3.10002e+06
3.10003e+06
3.10003e+06
3.10003e+06
3.10003e+06
3.10003e+06
3.10002e+06
3.10015e+06
3.10005e+06
3.1e+06
3.10003e+06
3.09995e+06
3.10004e+06
3.10009e+06
3.10016e+06
3.1001e+06
3.10011e+06
3.10009e+06
3.10008e+06
3.10007e+06
3.10006e+06
3.10005e+06
3.10004e+06
3.10004e+06
3.10003e+06
3.10003e+06
3.09973e+06
3.09975e+06
3.09974e+06
3.09982e+06
3.09973e+06
3.09985e+06
3.09994e+06
3.1e+06
3.1e+06
3.10001e+06
3.10003e+06
3.10002e+06
3.10005e+06
3.10003e+06
3.10004e+06
3.10003e+06
3.10004e+06
3.10003e+06
3.10003e+06
3.10029e+06
3.09977e+06
3.10017e+06
3.09989e+06
3.10002e+06
3.09999e+06
3.09995e+06
3.09999e+06
3.10007e+06
3.10011e+06
3.10009e+06
3.10006e+06
3.10007e+06
3.10004e+06
3.10005e+06
3.10004e+06
3.10004e+06
3.10003e+06
3.10003e+06
3.09911e+06
3.10083e+06
3.09943e+06
3.10054e+06
3.09943e+06
3.10008e+06
3.09969e+06
3.09992e+06
3.09998e+06
3.10005e+06
3.10006e+06
3.10004e+06
3.10006e+06
3.10004e+06
3.10005e+06
3.10004e+06
3.10004e+06
3.10004e+06
3.10004e+06
3.0997e+06
3.10083e+06
3.09974e+06
3.10061e+06
3.09964e+06
3.10023e+06
3.0998e+06
3.10004e+06
3.10003e+06
3.1001e+06
3.10008e+06
3.10005e+06
3.10007e+06
3.10003e+06
3.10005e+06
3.10004e+06
3.10004e+06
3.10004e+06
3.10004e+06
3.09949e+06
3.10064e+06
3.09953e+06
3.10046e+06
3.09947e+06
3.10009e+06
3.09971e+06
3.09995e+06
3.09999e+06
3.10006e+06
3.10007e+06
3.10004e+06
3.10007e+06
3.10004e+06
3.10006e+06
3.10004e+06
3.10005e+06
3.10004e+06
3.10004e+06
3.09966e+06
3.10079e+06
3.09976e+06
3.10064e+06
3.09967e+06
3.10026e+06
3.09981e+06
3.10004e+06
3.10004e+06
3.10009e+06
3.10008e+06
3.10004e+06
3.10007e+06
3.10003e+06
3.10006e+06
3.10004e+06
3.10005e+06
3.10004e+06
3.10004e+06
3.10004e+06
3.10004e+06
3.10003e+06
3.10003e+06
3.09939e+06
3.10043e+06
3.09953e+06
3.10037e+06
3.09944e+06
3.10005e+06
3.09965e+06
3.09993e+06
3.09996e+06
3.10005e+06
3.10006e+06
3.10003e+06
3.10007e+06
3.10003e+06
3.10006e+06
3.10004e+06
3.10005e+06
3.10004e+06
3.10004e+06
3.10004e+06
3.10004e+06
3.10004e+06
3.10003e+06
3.10027e+06
3.10032e+06
3.10016e+06
3.1004e+06
3.10001e+06
3.1004e+06
3.09986e+06
3.1001e+06
3.10006e+06
3.10014e+06
3.10009e+06
3.10004e+06
3.10007e+06
3.10003e+06
3.10006e+06
3.10004e+06
3.10005e+06
3.10004e+06
3.10004e+06
3.10004e+06
3.10004e+06
3.10004e+06
3.10004e+06
3.10038e+06
3.0999e+06
3.10004e+06
3.10006e+06
3.09979e+06
3.1001e+06
3.09968e+06
3.09995e+06
3.09997e+06
3.10009e+06
3.10006e+06
3.10004e+06
3.10007e+06
3.10004e+06
3.10006e+06
3.10004e+06
3.10005e+06
3.10004e+06
3.10005e+06
3.10004e+06
3.10004e+06
3.10004e+06
3.10004e+06
3.10048e+06
3.09991e+06
3.10033e+06
3.10014e+06
3.10015e+06
3.10026e+06
3.10003e+06
3.10025e+06
3.10006e+06
3.10018e+06
3.10009e+06
3.10008e+06
3.10008e+06
3.10004e+06
3.10006e+06
3.10004e+06
3.10005e+06
3.10004e+06
3.10005e+06
3.10004e+06
3.10004e+06
3.10004e+06
3.10004e+06
3.1006e+06
3.09915e+06
3.10057e+06
3.09975e+06
3.10014e+06
3.09998e+06
3.09999e+06
3.10011e+06
3.10002e+06
3.10014e+06
3.10006e+06
3.10008e+06
3.10007e+06
3.10004e+06
3.10006e+06
3.10004e+06
3.10005e+06
3.10005e+06
3.10005e+06
3.10004e+06
3.10004e+06
3.10004e+06
3.10004e+06
3.10059e+06
3.09922e+06
3.10053e+06
3.09983e+06
3.10022e+06
3.10007e+06
3.10006e+06
3.10016e+06
3.10005e+06
3.10016e+06
3.10007e+06
3.10008e+06
3.10007e+06
3.10004e+06
3.10006e+06
3.10004e+06
3.10005e+06
3.10005e+06
3.10005e+06
3.10004e+06
3.10004e+06
3.10004e+06
3.10004e+06
3.101e+06
3.09916e+06
3.10069e+06
3.0998e+06
3.10022e+06
3.10003e+06
3.10004e+06
3.10017e+06
3.10003e+06
3.10017e+06
3.10007e+06
3.1001e+06
3.10008e+06
3.10005e+06
3.10007e+06
3.10005e+06
3.10005e+06
3.10005e+06
3.10005e+06
3.10004e+06
3.10004e+06
3.10004e+06
3.10004e+06
3.10091e+06
3.09928e+06
3.1006e+06
3.0998e+06
3.10025e+06
3.10005e+06
3.10005e+06
3.10014e+06
3.10003e+06
3.10015e+06
3.10006e+06
3.10009e+06
3.10007e+06
3.10005e+06
3.10006e+06
3.10005e+06
3.10006e+06
3.10005e+06
3.10005e+06
3.10004e+06
3.10004e+06
3.10004e+06
3.10004e+06
3.1007e+06
3.0992e+06
3.10057e+06
3.09984e+06
3.10016e+06
3.10007e+06
3.10001e+06
3.10019e+06
3.10003e+06
3.10019e+06
3.10008e+06
3.1001e+06
3.10008e+06
3.10005e+06
3.10007e+06
3.10005e+06
3.10006e+06
3.10005e+06
3.10005e+06
3.10005e+06
3.10004e+06
3.10004e+06
3.10004e+06
3.10061e+06
3.09952e+06
3.10055e+06
3.09993e+06
3.10024e+06
3.10022e+06
3.10001e+06
3.10024e+06
3.10003e+06
3.10016e+06
3.10008e+06
3.10009e+06
3.10008e+06
3.10005e+06
3.10007e+06
3.10005e+06
3.10006e+06
3.10005e+06
3.10005e+06
3.10005e+06
3.10004e+06
3.10004e+06
3.10004e+06
3.10083e+06
3.09926e+06
3.10065e+06
3.09975e+06
3.10017e+06
3.10015e+06
3.09991e+06
3.10024e+06
3.1e+06
3.10019e+06
3.10008e+06
3.1001e+06
3.10008e+06
3.10005e+06
3.10007e+06
3.10005e+06
3.10006e+06
3.10005e+06
3.10005e+06
3.10005e+06
3.10004e+06
3.10004e+06
3.10004e+06
3.10037e+06
3.09976e+06
3.10044e+06
3.09994e+06
3.10029e+06
3.10017e+06
3.10006e+06
3.10032e+06
3.1e+06
3.10021e+06
3.10009e+06
3.1001e+06
3.10009e+06
3.10006e+06
3.10007e+06
3.10006e+06
3.10006e+06
3.10005e+06
3.10005e+06
3.10005e+06
3.10005e+06
3.10004e+06
3.10004e+06
3.10193e+06
3.09822e+06
3.10155e+06
3.09906e+06
3.1008e+06
3.0999e+06
3.10012e+06
3.10028e+06
3.1e+06
3.10024e+06
3.10008e+06
3.10011e+06
3.10009e+06
3.10006e+06
3.10007e+06
3.10006e+06
3.10006e+06
3.10006e+06
3.10005e+06
3.10005e+06
3.10005e+06
3.10004e+06
3.10004e+06
3.10129e+06
3.09845e+06
3.10114e+06
3.09912e+06
3.10066e+06
3.09983e+06
3.10013e+06
3.10025e+06
3.1e+06
3.10022e+06
3.10009e+06
3.10011e+06
3.1001e+06
3.10007e+06
3.10008e+06
3.10007e+06
3.10007e+06
3.10006e+06
3.10006e+06
3.10005e+06
3.10005e+06
3.10004e+06
3.10004e+06
3.10169e+06
3.09861e+06
3.10156e+06
3.0993e+06
3.10093e+06
3.10002e+06
3.10025e+06
3.10037e+06
3.10005e+06
3.10028e+06
3.10011e+06
3.10013e+06
3.10011e+06
3.10008e+06
3.10008e+06
3.10007e+06
3.10007e+06
3.10006e+06
3.10006e+06
3.10005e+06
3.10005e+06
3.10005e+06
3.10004e+06
3.10133e+06
3.09844e+06
3.10105e+06
3.09901e+06
3.10057e+06
3.0997e+06
3.10007e+06
3.10018e+06
3.09997e+06
3.10022e+06
3.10009e+06
3.10013e+06
3.10012e+06
3.10009e+06
3.10009e+06
3.10008e+06
3.10008e+06
3.10007e+06
3.10007e+06
3.10006e+06
3.10005e+06
3.10005e+06
3.10004e+06
3.10176e+06
3.09905e+06
3.1016e+06
3.09955e+06
3.10104e+06
3.10016e+06
3.10039e+06
3.10044e+06
3.10015e+06
3.10032e+06
3.10016e+06
3.10016e+06
3.10013e+06
3.1001e+06
3.1001e+06
3.10009e+06
3.10008e+06
3.10007e+06
3.10007e+06
3.10006e+06
3.10006e+06
3.10005e+06
3.10004e+06
3.09993e+06
3.09932e+06
3.10027e+06
3.0994e+06
3.10031e+06
3.09966e+06
3.1001e+06
3.10005e+06
3.10001e+06
3.10017e+06
3.10011e+06
3.10014e+06
3.10013e+06
3.10011e+06
3.10011e+06
3.1001e+06
3.10009e+06
3.10008e+06
3.10007e+06
3.10007e+06
3.10006e+06
3.10005e+06
3.10005e+06
3.10012e+06
3.10005e+06
3.10076e+06
3.10004e+06
3.10089e+06
3.10024e+06
3.10054e+06
3.10043e+06
3.10027e+06
3.10031e+06
3.10022e+06
3.10019e+06
3.10017e+06
3.10013e+06
3.10012e+06
3.10011e+06
3.1001e+06
3.10009e+06
3.10008e+06
3.10007e+06
3.10006e+06
3.10006e+06
3.10005e+06
3.09976e+06
3.10021e+06
3.09998e+06
3.09994e+06
3.1001e+06
3.09995e+06
3.10009e+06
3.10005e+06
3.10014e+06
3.10012e+06
3.10017e+06
3.10013e+06
3.10016e+06
3.10013e+06
3.10013e+06
3.10012e+06
3.10011e+06
3.1001e+06
3.10009e+06
3.10008e+06
3.10007e+06
3.10006e+06
3.10005e+06
3.10074e+06
3.10105e+06
3.10038e+06
3.10037e+06
3.10059e+06
3.10038e+06
3.10045e+06
3.1004e+06
3.10034e+06
3.10027e+06
3.10028e+06
3.10019e+06
3.1002e+06
3.10016e+06
3.10015e+06
3.10014e+06
3.10012e+06
3.10011e+06
3.10009e+06
3.10008e+06
3.10007e+06
3.10006e+06
3.10005e+06
3.10058e+06
3.101e+06
3.1002e+06
3.10017e+06
3.10027e+06
3.10014e+06
3.1002e+06
3.10021e+06
3.10023e+06
3.10019e+06
3.10025e+06
3.10017e+06
3.1002e+06
3.10017e+06
3.10016e+06
3.10015e+06
3.10013e+06
3.10012e+06
3.1001e+06
3.10009e+06
3.10008e+06
3.10007e+06
3.10006e+06
3.10037e+06
3.10131e+06
3.10034e+06
3.1005e+06
3.10058e+06
3.10044e+06
3.10046e+06
3.10041e+06
3.1004e+06
3.1003e+06
3.10034e+06
3.10023e+06
3.10025e+06
3.1002e+06
3.10018e+06
3.10017e+06
3.10014e+06
3.10013e+06
3.10011e+06
3.1001e+06
3.10008e+06
3.10007e+06
3.10006e+06
3.09979e+06
3.10069e+06
3.10007e+06
3.10022e+06
3.1003e+06
3.10019e+06
3.10029e+06
3.10029e+06
3.10031e+06
3.10026e+06
3.10031e+06
3.10022e+06
3.10025e+06
3.10021e+06
3.10019e+06
3.10018e+06
3.10015e+06
3.10014e+06
3.10012e+06
3.1001e+06
3.10008e+06
3.10007e+06
3.10006e+06
3.10087e+06
3.10137e+06
3.10083e+06
3.10071e+06
3.10097e+06
3.10061e+06
3.10072e+06
3.10052e+06
3.10057e+06
3.10039e+06
3.10044e+06
3.10031e+06
3.10032e+06
3.10026e+06
3.10023e+06
3.10021e+06
3.10017e+06
3.10015e+06
3.10013e+06
3.10011e+06
3.10009e+06
3.10008e+06
3.10006e+06
3.10109e+06
3.10106e+06
3.10003e+06
3.10017e+06
3.10032e+06
3.1e+06
3.10043e+06
3.10014e+06
3.1004e+06
3.10028e+06
3.10035e+06
3.10027e+06
3.10029e+06
3.10024e+06
3.10023e+06
3.1002e+06
3.10017e+06
3.10016e+06
3.10013e+06
3.10011e+06
3.10009e+06
3.10008e+06
3.10006e+06
3.10305e+06
3.10314e+06
3.10132e+06
3.10164e+06
3.1014e+06
3.10085e+06
3.10129e+06
3.10064e+06
3.1009e+06
3.10054e+06
3.10062e+06
3.10044e+06
3.10042e+06
3.10034e+06
3.1003e+06
3.10025e+06
3.10021e+06
3.10018e+06
3.10014e+06
3.10012e+06
3.1001e+06
3.10008e+06
3.10006e+06
3.10043e+06
3.10014e+06
3.09967e+06
3.10011e+06
3.10009e+06
3.10011e+06
3.10044e+06
3.10002e+06
3.10059e+06
3.1002e+06
3.10043e+06
3.1003e+06
3.10033e+06
3.10028e+06
3.10026e+06
3.10023e+06
3.1002e+06
3.10017e+06
3.10014e+06
3.10012e+06
3.1001e+06
3.10008e+06
3.10006e+06
3.09539e+06
3.10535e+06
3.09846e+06
3.1044e+06
3.10018e+06
3.10205e+06
3.10146e+06
3.10092e+06
3.10137e+06
3.1007e+06
3.1009e+06
3.1006e+06
3.10058e+06
3.10044e+06
3.10038e+06
3.10031e+06
3.10025e+06
3.1002e+06
3.10016e+06
3.10013e+06
3.1001e+06
3.10008e+06
3.10006e+06
3.09555e+06
3.10193e+06
3.0973e+06
3.10236e+06
3.09896e+06
3.10099e+06
3.10041e+06
3.1001e+06
3.10073e+06
3.10018e+06
3.10053e+06
3.10031e+06
3.10038e+06
3.10029e+06
3.10029e+06
3.10024e+06
3.10021e+06
3.10018e+06
3.10015e+06
3.10012e+06
3.1001e+06
3.10008e+06
3.10006e+06
3.09895e+06
3.10483e+06
3.09961e+06
3.1046e+06
3.10076e+06
3.10255e+06
3.10201e+06
3.10135e+06
3.10191e+06
3.10105e+06
3.10128e+06
3.10083e+06
3.10079e+06
3.10056e+06
3.10048e+06
3.10036e+06
3.10029e+06
3.10022e+06
3.10017e+06
3.10013e+06
3.1001e+06
3.10008e+06
3.10006e+06
3.0982e+06
3.10293e+06
3.0985e+06
3.10283e+06
3.09964e+06
3.10143e+06
3.10074e+06
3.10024e+06
3.10092e+06
3.10014e+06
3.10061e+06
3.10026e+06
3.10041e+06
3.10027e+06
3.1003e+06
3.10023e+06
3.10021e+06
3.10017e+06
3.10014e+06
3.10011e+06
3.10009e+06
3.10007e+06
3.10005e+06
3.10253e+06
3.1058e+06
3.10152e+06
3.10557e+06
3.10209e+06
3.1035e+06
3.10296e+06
3.10218e+06
3.10264e+06
3.10161e+06
3.1018e+06
3.10113e+06
3.10107e+06
3.1007e+06
3.1006e+06
3.1004e+06
3.10032e+06
3.10022e+06
3.10017e+06
3.10012e+06
3.10009e+06
3.10006e+06
3.10004e+06
3.10282e+06
3.10085e+06
3.10175e+06
3.10177e+06
3.10072e+06
3.10193e+06
3.10061e+06
3.10084e+06
3.10082e+06
3.10011e+06
3.10064e+06
3.10013e+06
3.1004e+06
3.10018e+06
3.10027e+06
3.10017e+06
3.10018e+06
3.10013e+06
3.10011e+06
3.10008e+06
3.10006e+06
3.10005e+06
3.10003e+06
3.11056e+06
3.10674e+06
3.10842e+06
3.10724e+06
3.10608e+06
3.10631e+06
3.10455e+06
3.10412e+06
3.10376e+06
3.10251e+06
3.10251e+06
3.10149e+06
3.1014e+06
3.10082e+06
3.1007e+06
3.10041e+06
3.10033e+06
3.1002e+06
3.10015e+06
3.10009e+06
3.10006e+06
3.10004e+06
3.10002e+06
3.10493e+06
3.10099e+06
3.10335e+06
3.10073e+06
3.1021e+06
3.10037e+06
3.10085e+06
3.10049e+06
3.10017e+06
3.09989e+06
3.10033e+06
3.09977e+06
3.10027e+06
3.09995e+06
3.10017e+06
3.10005e+06
3.10011e+06
3.10006e+06
3.10006e+06
3.10004e+06
3.10003e+06
3.10002e+06
3.10001e+06
3.12997e+06
3.11456e+06
3.12358e+06
3.11269e+06
3.11737e+06
3.11015e+06
3.11024e+06
3.10698e+06
3.10588e+06
3.10388e+06
3.10341e+06
3.1018e+06
3.10173e+06
3.10083e+06
3.10074e+06
3.10035e+06
3.10028e+06
3.10013e+06
3.10009e+06
3.10004e+06
3.10002e+06
3.10001e+06
3.1e+06
3.11205e+06
3.10645e+06
3.10581e+06
3.10103e+06
3.10343e+06
3.09764e+06
3.10057e+06
3.09808e+06
3.09956e+06
3.09845e+06
3.09985e+06
3.09896e+06
3.09996e+06
3.09954e+06
3.09997e+06
3.09983e+06
3.09998e+06
3.09994e+06
3.09998e+06
3.09997e+06
3.09998e+06
3.09998e+06
3.09998e+06
3.16028e+06
3.14635e+06
3.15102e+06
3.13505e+06
3.13809e+06
3.11846e+06
3.11975e+06
3.10942e+06
3.1092e+06
3.10419e+06
3.1043e+06
3.10154e+06
3.1018e+06
3.10056e+06
3.10062e+06
3.10017e+06
3.10017e+06
3.10002e+06
3.10002e+06
3.09998e+06
3.09998e+06
3.09997e+06
3.09997e+06
3.1045e+06
3.1483e+06
3.1011e+06
3.119e+06
3.10395e+06
3.09052e+06
3.09975e+06
3.09231e+06
3.09879e+06
3.0956e+06
3.09927e+06
3.09773e+06
3.09958e+06
3.09902e+06
3.09973e+06
3.0996e+06
3.09984e+06
3.09983e+06
3.0999e+06
3.09991e+06
3.09994e+06
3.09995e+06
3.09995e+06
3.26484e+06
3.2645e+06
3.23201e+06
3.20822e+06
3.20031e+06
3.12176e+06
3.13081e+06
3.10508e+06
3.11022e+06
3.10113e+06
3.10359e+06
3.09999e+06
3.10114e+06
3.09985e+06
3.10023e+06
3.09986e+06
3.09998e+06
3.09988e+06
3.09992e+06
3.09991e+06
3.09993e+06
3.09994e+06
3.09995e+06
2.94752e+06
3.14624e+06
3.07757e+06
3.19143e+06
3.11772e+06
3.03075e+06
3.09853e+06
3.07996e+06
3.09915e+06
3.09258e+06
3.0993e+06
3.09698e+06
3.09949e+06
3.0988e+06
3.09963e+06
3.09949e+06
3.09976e+06
3.09976e+06
3.09985e+06
3.09987e+06
3.0999e+06
3.09992e+06
3.09993e+06
3.89551e+06
3.99775e+06
3.42785e+06
3.55141e+06
3.4806e+06
3.99706e+06
3.99962e+06
3.54409e+06
3.66485e+06
3.6e+06
4.00075e+06
4.00086e+06
3.651e+06
3.72716e+06
3.69038e+06
3.99469e+06
4.00041e+06
3.99914e+06
3.9946e+06
3.99763e+06
4.00077e+06
4.00058e+06
4.00095e+06
4.0014e+06
4.00182e+06
4.00164e+06
4.00163e+06
4.00169e+06
4.00181e+06
4.00195e+06
4.00186e+06
4.00188e+06
4.0019e+06
4.00193e+06
4.00197e+06
4.00199e+06
4.00196e+06
4.00196e+06
4.00196e+06
4.00203e+06
4.00236e+06
4.00203e+06
4.00218e+06
4.00296e+06
4.00202e+06
4.002e+06
4.002e+06
4.00215e+06
4.00213e+06
4.00212e+06
4.00202e+06
4.00205e+06
4.00223e+06
6.47974e+06
4.17287e+06
4.00203e+06
4.34595e+06
4.00201e+06
4.3591e+06
4.00209e+06
4.00206e+06
4.92282e+06
4.00213e+06
4.17906e+06
4.00201e+06
4.00202e+06
4.0035e+06
5.08616e+06
4.00225e+06
4.82755e+06
4.00218e+06
1.31382e+07
2.31515e+06
4.00208e+06
4.00213e+06
4.00212e+06
1.56891e+07
4.36028e+06
5.74345e+06
5.89848e+06
4.09736e+06
4.02357e+06
4.00173e+06
4.54114e+06
4.00213e+06
4.08222e+06
4.00216e+06
4.00217e+06
4.00222e+06
4.07554e+06
3.99949e+06
4.00195e+06
4.00196e+06
4.00198e+06
4.00226e+06
4.3005e+06
4.36847e+06
4.17171e+06
4.00245e+06
4.00196e+06
4.02455e+06
4.00226e+06
4.0022e+06
4.00201e+06
4.01206e+06
4.00312e+06
4.00264e+06
4.00124e+06
4.00136e+06
4.00656e+06
4.00304e+06
4.00246e+06
4.0283e+06
4.01087e+06
4.03481e+06
)
;

boundaryField
{
    inlet
    {
        type            calculated;
        value           nonuniform List<scalar> 0();
    }
    outlet
    {
        type            calculated;
        value           nonuniform List<scalar> 0();
    }
    walls
    {
        type            calculated;
        value           nonuniform List<scalar> 
82
(
3.03075e+06
3.09853e+06
3.07996e+06
3.09914e+06
3.09258e+06
3.0993e+06
3.09698e+06
3.09949e+06
3.0988e+06
3.09963e+06
3.09949e+06
3.09976e+06
3.09976e+06
3.09985e+06
3.09987e+06
3.0999e+06
3.09992e+06
3.09993e+06
3.4806e+06
3.6e+06
3.69038e+06
3.99763e+06
4.00182e+06
4.00195e+06
4.00197e+06
4.00203e+06
4.00202e+06
4.00212e+06
4.17287e+06
4.00209e+06
4.00201e+06
4.82757e+06
4.00213e+06
5.89849e+06
4.00213e+06
4.07555e+06
4.00226e+06
4.00196e+06
4.01207e+06
4.00656e+06
4.03481e+06
3.03075e+06
3.09853e+06
3.07996e+06
3.09915e+06
3.09258e+06
3.0993e+06
3.09698e+06
3.09949e+06
3.0988e+06
3.09963e+06
3.09949e+06
3.09976e+06
3.09976e+06
3.09985e+06
3.09987e+06
3.0999e+06
3.09992e+06
3.09993e+06
3.4806e+06
3.6e+06
3.69038e+06
3.99763e+06
4.00182e+06
4.00195e+06
4.00197e+06
4.00203e+06
4.00202e+06
4.00212e+06
4.17287e+06
4.00209e+06
4.00201e+06
4.82755e+06
4.00213e+06
5.89848e+06
4.00213e+06
4.07554e+06
4.00226e+06
4.00196e+06
4.01206e+06
4.00656e+06
4.03481e+06
)
;
    }
    side1
    {
        type            cyclic;
    }
    side2
    {
        type            cyclic;
    }
    procBoundary3to0
    {
        type            processor;
        value           nonuniform List<scalar> 
70
(
3.1036e+06
3.09741e+06
3.09977e+06
3.09817e+06
3.09912e+06
3.09922e+06
3.09911e+06
3.09979e+06
3.09957e+06
3.09991e+06
3.09992e+06
3.09994e+06
3.10004e+06
3.09997e+06
3.10005e+06
3.1e+06
3.10534e+06
3.10534e+06
3.10534e+06
3.10001e+06
3.10001e+06
3.10002e+06
3.10002e+06
3.10002e+06
3.10002e+06
3.10002e+06
3.10003e+06
3.10003e+06
3.10003e+06
3.10003e+06
3.10003e+06
3.10004e+06
3.10004e+06
3.10004e+06
3.10003e+06
3.10003e+06
3.10683e+06
3.1036e+06
3.09741e+06
3.09977e+06
3.09817e+06
3.09912e+06
3.09922e+06
3.09911e+06
3.09979e+06
3.09957e+06
3.09991e+06
3.09992e+06
3.09994e+06
3.10004e+06
3.09997e+06
3.10005e+06
3.1e+06
3.10001e+06
3.10001e+06
3.10002e+06
3.10002e+06
3.10002e+06
3.10002e+06
3.10002e+06
3.10003e+06
3.10003e+06
3.10003e+06
3.10003e+06
3.10003e+06
3.10004e+06
3.10004e+06
3.10004e+06
3.10003e+06
3.10003e+06
)
;
    }
    procBoundary3to0throughside1
    {
        type            processorCyclic;
        value           uniform 3.10534e+06;
    }
    procBoundary3to1
    {
        type            processor;
        value           nonuniform List<scalar> 
72
(
3.10004e+06
3.10004e+06
3.10004e+06
3.10004e+06
3.10004e+06
3.10004e+06
3.10004e+06
3.10004e+06
3.10004e+06
3.10004e+06
3.10004e+06
3.10004e+06
3.10004e+06
3.10004e+06
3.10005e+06
3.10005e+06
3.10005e+06
3.10005e+06
3.10005e+06
3.10005e+06
3.10005e+06
3.10005e+06
3.10005e+06
3.10004e+06
3.10004e+06
3.10004e+06
3.10003e+06
3.10002e+06
3.10001e+06
3.1e+06
3.09999e+06
3.09998e+06
3.09997e+06
3.09996e+06
3.09995e+06
3.09994e+06
3.10004e+06
3.10004e+06
3.10004e+06
3.10004e+06
3.10004e+06
3.10004e+06
3.10004e+06
3.10004e+06
3.10004e+06
3.10004e+06
3.10004e+06
3.10004e+06
3.10004e+06
3.10004e+06
3.10005e+06
3.10005e+06
3.10005e+06
3.10005e+06
3.10005e+06
3.10005e+06
3.10005e+06
3.10005e+06
3.10005e+06
3.10004e+06
3.10004e+06
3.10004e+06
3.10003e+06
3.10002e+06
3.10001e+06
3.1e+06
3.09999e+06
3.09998e+06
3.09997e+06
3.09996e+06
3.09995e+06
3.09994e+06
)
;
    }
    procBoundary3to2
    {
        type            processor;
        value           nonuniform List<scalar> 
14
(
3.10003e+06
3.10003e+06
3.10003e+06
3.10003e+06
3.10003e+06
3.10004e+06
3.10004e+06
3.10003e+06
3.10003e+06
3.10003e+06
3.10003e+06
3.10003e+06
3.10004e+06
3.10004e+06
)
;
    }
    procBoundary3to4
    {
        type            processor;
        value           nonuniform List<scalar> 10(4.00344e+06 4.0037e+06 4.21211e+06 4.08469e+06 4.10655e+06 4.00347e+06 4.00372e+06 4.21212e+06 4.08469e+06 4.10655e+06);
    }
}


// ************************************************************************* //
