/*--------------------------------*- C++ -*----------------------------------*\
| =========                 |                                                 |
| \\      /  F ield         | OpenFOAM: The Open Source CFD Toolbox           |
|  \\    /   O peration     | Version:  v2012                                 |
|   \\  /    A nd           | Website:  www.openfoam.com                      |
|    \\/     M anipulation  |                                                 |
\*---------------------------------------------------------------------------*/
FoamFile
{
    version     2.0;
    format      ascii;
    class       volScalarField;
    location    "0.8";
    object      p_rgh;
}
// * * * * * * * * * * * * * * * * * * * * * * * * * * * * * * * * * * * * * //

dimensions      [1 -1 -2 0 0 0 0];


internalField   nonuniform List<scalar> 
3332
(
3.50179e+06
3.50178e+06
3.50178e+06
3.50177e+06
3.50176e+06
3.50175e+06
3.50175e+06
3.50174e+06
3.50174e+06
3.50173e+06
3.50173e+06
3.50172e+06
3.50172e+06
3.50171e+06
3.50171e+06
3.5017e+06
3.50169e+06
3.50169e+06
3.50168e+06
3.50167e+06
3.50184e+06
3.50183e+06
3.50182e+06
3.50181e+06
3.5018e+06
3.5018e+06
3.50179e+06
3.50179e+06
3.50178e+06
3.50178e+06
3.50177e+06
3.50177e+06
3.50176e+06
3.50176e+06
3.50175e+06
3.50175e+06
3.50174e+06
3.50174e+06
3.50173e+06
3.50173e+06
3.50172e+06
3.50171e+06
3.50184e+06
3.50181e+06
3.50197e+06
3.50208e+06
3.50211e+06
3.50213e+06
3.5021e+06
3.50205e+06
3.50199e+06
3.50197e+06
3.50194e+06
3.50192e+06
3.5019e+06
3.50188e+06
3.50187e+06
3.50186e+06
3.50185e+06
3.50184e+06
3.50184e+06
3.50183e+06
3.50183e+06
3.50182e+06
3.50182e+06
3.50181e+06
3.50181e+06
3.5018e+06
3.5018e+06
3.5018e+06
3.50179e+06
3.50179e+06
3.50178e+06
3.50178e+06
3.50177e+06
3.50177e+06
3.50176e+06
3.50176e+06
3.50175e+06
3.50187e+06
3.50188e+06
3.50201e+06
3.50206e+06
3.50206e+06
3.50209e+06
3.50205e+06
3.50198e+06
3.50193e+06
3.50192e+06
3.50196e+06
3.50197e+06
3.50195e+06
3.50193e+06
3.50191e+06
3.5019e+06
3.50189e+06
3.50188e+06
3.50188e+06
3.50187e+06
3.50186e+06
3.50186e+06
3.50186e+06
3.50185e+06
3.50185e+06
3.50185e+06
3.50184e+06
3.50184e+06
3.50184e+06
3.50183e+06
3.50183e+06
3.50183e+06
3.50182e+06
3.50182e+06
3.50181e+06
3.50181e+06
3.5018e+06
3.50179e+06
3.50179e+06
3.50203e+06
3.50205e+06
3.50209e+06
3.5021e+06
3.50206e+06
3.50206e+06
3.50203e+06
3.50198e+06
3.50193e+06
3.50192e+06
3.50196e+06
3.50197e+06
3.50196e+06
3.50194e+06
3.50193e+06
3.50192e+06
3.50191e+06
3.5019e+06
3.5019e+06
3.5019e+06
3.50189e+06
3.50189e+06
3.50189e+06
3.50188e+06
3.50188e+06
3.50188e+06
3.50188e+06
3.50187e+06
3.50187e+06
3.50187e+06
3.50187e+06
3.50186e+06
3.50186e+06
3.50185e+06
3.50185e+06
3.50184e+06
3.50184e+06
3.50183e+06
3.50182e+06
3.50182e+06
3.50204e+06
3.50209e+06
3.50217e+06
3.5022e+06
3.50214e+06
3.50212e+06
3.50208e+06
3.50202e+06
3.50197e+06
3.50196e+06
3.50199e+06
3.502e+06
3.50198e+06
3.50196e+06
3.50195e+06
3.50194e+06
3.50193e+06
3.50193e+06
3.50193e+06
3.50192e+06
3.50192e+06
3.50192e+06
3.50192e+06
3.50191e+06
3.50191e+06
3.50191e+06
3.50191e+06
3.50191e+06
3.50191e+06
3.5019e+06
3.5019e+06
3.5019e+06
3.50189e+06
3.50189e+06
3.50189e+06
3.50188e+06
3.50187e+06
3.50187e+06
3.50186e+06
3.50185e+06
3.50215e+06
3.50222e+06
3.50223e+06
3.50226e+06
3.50222e+06
3.5022e+06
3.50214e+06
3.50207e+06
3.50202e+06
3.50201e+06
3.50204e+06
3.50204e+06
3.50202e+06
3.50199e+06
3.50198e+06
3.50197e+06
3.50196e+06
3.50196e+06
3.50196e+06
3.50195e+06
3.50195e+06
3.50195e+06
3.50195e+06
3.50195e+06
3.50195e+06
3.50195e+06
3.50195e+06
3.50194e+06
3.50194e+06
3.50194e+06
3.50194e+06
3.50194e+06
3.50193e+06
3.50193e+06
3.50192e+06
3.50192e+06
3.50191e+06
3.50191e+06
3.5019e+06
3.50189e+06
3.50188e+06
3.50216e+06
3.50225e+06
3.50231e+06
3.50236e+06
3.50232e+06
3.50229e+06
3.50222e+06
3.50214e+06
3.50209e+06
3.50207e+06
3.50209e+06
3.50208e+06
3.50206e+06
3.50203e+06
3.50201e+06
3.502e+06
3.502e+06
3.50199e+06
3.50199e+06
3.50199e+06
3.50198e+06
3.50198e+06
3.50198e+06
3.50198e+06
3.50198e+06
3.50198e+06
3.50198e+06
3.50198e+06
3.50198e+06
3.50198e+06
3.50198e+06
3.50197e+06
3.50197e+06
3.50197e+06
3.50196e+06
3.50196e+06
3.50195e+06
3.50194e+06
3.50194e+06
3.50193e+06
3.50192e+06
3.50234e+06
3.50237e+06
3.50243e+06
3.50249e+06
3.50243e+06
3.50239e+06
3.5023e+06
3.50222e+06
3.50215e+06
3.50213e+06
3.50215e+06
3.50214e+06
3.50211e+06
3.50208e+06
3.50206e+06
3.50204e+06
3.50203e+06
3.50203e+06
3.50202e+06
3.50202e+06
3.50202e+06
3.50202e+06
3.50202e+06
3.50202e+06
3.50202e+06
3.50202e+06
3.50202e+06
3.50202e+06
3.50202e+06
3.50202e+06
3.50201e+06
3.50201e+06
3.50201e+06
3.502e+06
3.502e+06
3.50199e+06
3.50199e+06
3.50198e+06
3.50197e+06
3.50197e+06
3.50196e+06
3.50234e+06
3.5024e+06
3.50249e+06
3.50257e+06
3.50252e+06
3.50247e+06
3.50238e+06
3.50229e+06
3.50222e+06
3.5022e+06
3.50221e+06
3.5022e+06
3.50216e+06
3.50213e+06
3.5021e+06
3.50208e+06
3.50207e+06
3.50207e+06
3.50206e+06
3.50206e+06
3.50206e+06
3.50206e+06
3.50205e+06
3.50205e+06
3.50205e+06
3.50206e+06
3.50206e+06
3.50205e+06
3.50205e+06
3.50205e+06
3.50205e+06
3.50205e+06
3.50205e+06
3.50204e+06
3.50204e+06
3.50203e+06
3.50203e+06
3.50202e+06
3.50201e+06
3.502e+06
3.502e+06
3.50243e+06
3.5025e+06
3.5026e+06
3.50268e+06
3.50261e+06
3.50256e+06
3.50246e+06
3.50237e+06
3.50229e+06
3.50226e+06
3.50227e+06
3.50225e+06
3.50222e+06
3.50218e+06
3.50215e+06
3.50213e+06
3.50212e+06
3.50211e+06
3.5021e+06
3.5021e+06
3.5021e+06
3.50209e+06
3.50209e+06
3.50209e+06
3.50209e+06
3.50209e+06
3.50209e+06
3.50209e+06
3.50209e+06
3.50209e+06
3.50209e+06
3.50209e+06
3.50208e+06
3.50208e+06
3.50207e+06
3.50207e+06
3.50206e+06
3.50206e+06
3.50205e+06
3.50204e+06
3.50203e+06
3.50244e+06
3.50253e+06
3.50266e+06
3.50274e+06
3.50267e+06
3.50263e+06
3.50253e+06
3.50245e+06
3.50238e+06
3.50235e+06
3.50234e+06
3.50231e+06
3.50227e+06
3.50223e+06
3.5022e+06
3.50218e+06
3.50216e+06
3.50215e+06
3.50215e+06
3.50214e+06
3.50214e+06
3.50213e+06
3.50213e+06
3.50213e+06
3.50213e+06
3.50213e+06
3.50213e+06
3.50213e+06
3.50213e+06
3.50213e+06
3.50213e+06
3.50212e+06
3.50212e+06
3.50212e+06
3.50211e+06
3.50211e+06
3.5021e+06
3.50209e+06
3.50209e+06
3.50208e+06
3.50207e+06
3.50247e+06
3.50255e+06
3.50272e+06
3.5028e+06
3.50273e+06
3.50268e+06
3.50259e+06
3.50253e+06
3.50251e+06
3.50247e+06
3.50242e+06
3.50236e+06
3.50232e+06
3.50228e+06
3.50225e+06
3.50222e+06
3.50221e+06
3.5022e+06
3.50219e+06
3.50218e+06
3.50218e+06
3.50217e+06
3.50217e+06
3.50217e+06
3.50217e+06
3.50217e+06
3.50217e+06
3.50217e+06
3.50217e+06
3.50217e+06
3.50217e+06
3.50216e+06
3.50216e+06
3.50216e+06
3.50215e+06
3.50215e+06
3.50214e+06
3.50213e+06
3.50213e+06
3.50212e+06
3.50211e+06
3.50247e+06
3.50258e+06
3.50276e+06
3.50284e+06
3.50277e+06
3.50273e+06
3.50265e+06
3.5026e+06
3.5026e+06
3.50255e+06
3.50248e+06
3.50241e+06
3.50237e+06
3.50232e+06
3.50229e+06
3.50227e+06
3.50225e+06
3.50224e+06
3.50223e+06
3.50222e+06
3.50222e+06
3.50221e+06
3.50221e+06
3.50221e+06
3.50221e+06
3.50221e+06
3.50221e+06
3.50221e+06
3.50221e+06
3.50221e+06
3.5022e+06
3.5022e+06
3.5022e+06
3.50219e+06
3.50219e+06
3.50218e+06
3.50218e+06
3.50217e+06
3.50216e+06
3.50216e+06
3.50215e+06
3.50256e+06
3.50266e+06
3.50276e+06
3.50288e+06
3.50279e+06
3.50277e+06
3.50268e+06
3.50264e+06
3.50264e+06
3.50259e+06
3.50252e+06
3.50246e+06
3.50241e+06
3.50237e+06
3.50234e+06
3.50231e+06
3.5023e+06
3.50228e+06
3.50227e+06
3.50227e+06
3.50226e+06
3.50225e+06
3.50225e+06
3.50225e+06
3.50225e+06
3.50225e+06
3.50225e+06
3.50225e+06
3.50225e+06
3.50225e+06
3.50224e+06
3.50224e+06
3.50224e+06
3.50223e+06
3.50223e+06
3.50222e+06
3.50222e+06
3.50221e+06
3.5022e+06
3.50219e+06
3.50218e+06
3.50245e+06
3.50253e+06
3.50271e+06
3.50284e+06
3.50279e+06
3.50277e+06
3.50269e+06
3.50266e+06
3.50266e+06
3.50262e+06
3.50256e+06
3.50249e+06
3.50245e+06
3.5024e+06
3.50237e+06
3.50235e+06
3.50233e+06
3.50232e+06
3.50231e+06
3.5023e+06
3.5023e+06
3.50229e+06
3.50229e+06
3.50229e+06
3.50229e+06
3.50229e+06
3.50229e+06
3.50229e+06
3.50229e+06
3.50228e+06
3.50228e+06
3.50228e+06
3.50228e+06
3.50227e+06
3.50227e+06
3.50226e+06
3.50226e+06
3.50225e+06
3.50224e+06
3.50223e+06
3.50222e+06
3.50027e+06
3.50111e+06
3.502e+06
3.50267e+06
3.50277e+06
3.50279e+06
3.50268e+06
3.50263e+06
3.50267e+06
3.50263e+06
3.50258e+06
3.50252e+06
3.50248e+06
3.50244e+06
3.50241e+06
3.50238e+06
3.50237e+06
3.50236e+06
3.50235e+06
3.50234e+06
3.50234e+06
3.50233e+06
3.50233e+06
3.50233e+06
3.50233e+06
3.50233e+06
3.50233e+06
3.50232e+06
3.50232e+06
3.50232e+06
3.50232e+06
3.50232e+06
3.50232e+06
3.50231e+06
3.50231e+06
3.5023e+06
3.50229e+06
3.50229e+06
3.50228e+06
3.50227e+06
3.50226e+06
3.50016e+06
3.50092e+06
3.50163e+06
3.50229e+06
3.5025e+06
3.50267e+06
3.50263e+06
3.50262e+06
3.50267e+06
3.50264e+06
3.50259e+06
3.50254e+06
3.5025e+06
3.50246e+06
3.50243e+06
3.50241e+06
3.5024e+06
3.50239e+06
3.50238e+06
3.50238e+06
3.50237e+06
3.50237e+06
3.50237e+06
3.50236e+06
3.50236e+06
3.50236e+06
3.50236e+06
3.50236e+06
3.50236e+06
3.50236e+06
3.50236e+06
3.50236e+06
3.50235e+06
3.50235e+06
3.50235e+06
3.50234e+06
3.50233e+06
3.50233e+06
3.50232e+06
3.50231e+06
3.5023e+06
3.49979e+06
3.50015e+06
3.50104e+06
3.50176e+06
3.50235e+06
3.50259e+06
3.50272e+06
3.50269e+06
3.50268e+06
3.50263e+06
3.50259e+06
3.50254e+06
3.50251e+06
3.50248e+06
3.50245e+06
3.50244e+06
3.50243e+06
3.50242e+06
3.50241e+06
3.50241e+06
3.5024e+06
3.5024e+06
3.5024e+06
3.5024e+06
3.5024e+06
3.5024e+06
3.5024e+06
3.5024e+06
3.5024e+06
3.5024e+06
3.5024e+06
3.5024e+06
3.50239e+06
3.50239e+06
3.50238e+06
3.50238e+06
3.50237e+06
3.50236e+06
3.50236e+06
3.50235e+06
3.50234e+06
3.49979e+06
3.50012e+06
3.50077e+06
3.50144e+06
3.50211e+06
3.50246e+06
3.50267e+06
3.50266e+06
3.50266e+06
3.50261e+06
3.50258e+06
3.50254e+06
3.50252e+06
3.50249e+06
3.50247e+06
3.50245e+06
3.50244e+06
3.50244e+06
3.50244e+06
3.50243e+06
3.50243e+06
3.50243e+06
3.50243e+06
3.50243e+06
3.50243e+06
3.50244e+06
3.50244e+06
3.50244e+06
3.50244e+06
3.50244e+06
3.50244e+06
3.50243e+06
3.50243e+06
3.50243e+06
3.50242e+06
3.50242e+06
3.50241e+06
3.5024e+06
3.5024e+06
3.50239e+06
3.50238e+06
3.49952e+06
3.49985e+06
3.5007e+06
3.50142e+06
3.50208e+06
3.50241e+06
3.50261e+06
3.5026e+06
3.50262e+06
3.50258e+06
3.50256e+06
3.50253e+06
3.50251e+06
3.50248e+06
3.50247e+06
3.50246e+06
3.50246e+06
3.50246e+06
3.50246e+06
3.50246e+06
3.50246e+06
3.50246e+06
3.50246e+06
3.50247e+06
3.50247e+06
3.50247e+06
3.50247e+06
3.50247e+06
3.50247e+06
3.50247e+06
3.50247e+06
3.50247e+06
3.50247e+06
3.50247e+06
3.50246e+06
3.50246e+06
3.50245e+06
3.50244e+06
3.50243e+06
3.50243e+06
3.50241e+06
3.49952e+06
3.49988e+06
3.5007e+06
3.50138e+06
3.50204e+06
3.50234e+06
3.50253e+06
3.50254e+06
3.50256e+06
3.50253e+06
3.50252e+06
3.50249e+06
3.50249e+06
3.50247e+06
3.50246e+06
3.50246e+06
3.50246e+06
3.50247e+06
3.50247e+06
3.50248e+06
3.50248e+06
3.50249e+06
3.50249e+06
3.5025e+06
3.5025e+06
3.5025e+06
3.50251e+06
3.50251e+06
3.50251e+06
3.50251e+06
3.50251e+06
3.50251e+06
3.50251e+06
3.50251e+06
3.5025e+06
3.5025e+06
3.50249e+06
3.50248e+06
3.50247e+06
3.50246e+06
3.50245e+06
3.49962e+06
3.49989e+06
3.5006e+06
3.50132e+06
3.50192e+06
3.50224e+06
3.50243e+06
3.50245e+06
3.50246e+06
3.50246e+06
3.50247e+06
3.50246e+06
3.50246e+06
3.50245e+06
3.50245e+06
3.50245e+06
3.50247e+06
3.50248e+06
3.50249e+06
3.5025e+06
3.5025e+06
3.50251e+06
3.50252e+06
3.50252e+06
3.50253e+06
3.50254e+06
3.50254e+06
3.50254e+06
3.50255e+06
3.50255e+06
3.50255e+06
3.50255e+06
3.50255e+06
3.50254e+06
3.50254e+06
3.50254e+06
3.50253e+06
3.50252e+06
3.50251e+06
3.5025e+06
3.50249e+06
3.49961e+06
3.49992e+06
3.50042e+06
3.50092e+06
3.50156e+06
3.50192e+06
3.50222e+06
3.50232e+06
3.50237e+06
3.50238e+06
3.50241e+06
3.50242e+06
3.50242e+06
3.50241e+06
3.50243e+06
3.50244e+06
3.50246e+06
3.50248e+06
3.5025e+06
3.50251e+06
3.50252e+06
3.50253e+06
3.50254e+06
3.50255e+06
3.50256e+06
3.50257e+06
3.50257e+06
3.50258e+06
3.50258e+06
3.50258e+06
3.50258e+06
3.50258e+06
3.50258e+06
3.50258e+06
3.50258e+06
3.50257e+06
3.50257e+06
3.50256e+06
3.50255e+06
3.50254e+06
3.50253e+06
3.49939e+06
3.49957e+06
3.50017e+06
3.50058e+06
3.50092e+06
3.50134e+06
3.50188e+06
3.50215e+06
3.50223e+06
3.50227e+06
3.50233e+06
3.50235e+06
3.50237e+06
3.50238e+06
3.5024e+06
3.50243e+06
3.50246e+06
3.50248e+06
3.5025e+06
3.50252e+06
3.50254e+06
3.50255e+06
3.50256e+06
3.50257e+06
3.50258e+06
3.50259e+06
3.5026e+06
3.50261e+06
3.50261e+06
3.50262e+06
3.50262e+06
3.50262e+06
3.50262e+06
3.50262e+06
3.50262e+06
3.50261e+06
3.50261e+06
3.5026e+06
3.50259e+06
3.50258e+06
3.50257e+06
3.49938e+06
3.49961e+06
3.49995e+06
3.50005e+06
3.50039e+06
3.50082e+06
3.50143e+06
3.50184e+06
3.50204e+06
3.50216e+06
3.50225e+06
3.50228e+06
3.50232e+06
3.50234e+06
3.50238e+06
3.50242e+06
3.50245e+06
3.50248e+06
3.50251e+06
3.50253e+06
3.50255e+06
3.50257e+06
3.50258e+06
3.5026e+06
3.50261e+06
3.50262e+06
3.50263e+06
3.50264e+06
3.50265e+06
3.50265e+06
3.50266e+06
3.50266e+06
3.50266e+06
3.50266e+06
3.50266e+06
3.50265e+06
3.50265e+06
3.50264e+06
3.50263e+06
3.50262e+06
3.50261e+06
3.49952e+06
3.49957e+06
3.49971e+06
3.49993e+06
3.50018e+06
3.50048e+06
3.50079e+06
3.50129e+06
3.50182e+06
3.50207e+06
3.50219e+06
3.50222e+06
3.50228e+06
3.50232e+06
3.50237e+06
3.50241e+06
3.50244e+06
3.50248e+06
3.50251e+06
3.50253e+06
3.50256e+06
3.50258e+06
3.5026e+06
3.50261e+06
3.50263e+06
3.50264e+06
3.50266e+06
3.50267e+06
3.50268e+06
3.50268e+06
3.50269e+06
3.50269e+06
3.5027e+06
3.5027e+06
3.5027e+06
3.50269e+06
3.50269e+06
3.50268e+06
3.50267e+06
3.50266e+06
3.50265e+06
3.49955e+06
3.49966e+06
3.49969e+06
3.4998e+06
3.49999e+06
3.50023e+06
3.50048e+06
3.50104e+06
3.50165e+06
3.50198e+06
3.50212e+06
3.50217e+06
3.50224e+06
3.50229e+06
3.50235e+06
3.50239e+06
3.50243e+06
3.50247e+06
3.5025e+06
3.50253e+06
3.50256e+06
3.50258e+06
3.50261e+06
3.50263e+06
3.50265e+06
3.50266e+06
3.50268e+06
3.50269e+06
3.50271e+06
3.50272e+06
3.50272e+06
3.50273e+06
3.50274e+06
3.50274e+06
3.50274e+06
3.50274e+06
3.50273e+06
3.50272e+06
3.50272e+06
3.5027e+06
3.50269e+06
3.49984e+06
3.49987e+06
3.49985e+06
3.49987e+06
3.49999e+06
3.50018e+06
3.50043e+06
3.50098e+06
3.50158e+06
3.50191e+06
3.50206e+06
3.50212e+06
3.50219e+06
3.50225e+06
3.50231e+06
3.50237e+06
3.50241e+06
3.50246e+06
3.50249e+06
3.50253e+06
3.50256e+06
3.50259e+06
3.50261e+06
3.50264e+06
3.50266e+06
3.50268e+06
3.5027e+06
3.50272e+06
3.50273e+06
3.50275e+06
3.50276e+06
3.50277e+06
3.50277e+06
3.50278e+06
3.50278e+06
3.50278e+06
3.50277e+06
3.50277e+06
3.50276e+06
3.50275e+06
3.50273e+06
3.49988e+06
3.49999e+06
3.50002e+06
3.50004e+06
3.50012e+06
3.50026e+06
3.50046e+06
3.50097e+06
3.50155e+06
3.50187e+06
3.50201e+06
3.50206e+06
3.50214e+06
3.5022e+06
3.50227e+06
3.50233e+06
3.50239e+06
3.50243e+06
3.50248e+06
3.50252e+06
3.50255e+06
3.50259e+06
3.50262e+06
3.50265e+06
3.50267e+06
3.5027e+06
3.50272e+06
3.50274e+06
3.50276e+06
3.50278e+06
3.50279e+06
3.5028e+06
3.50281e+06
3.50282e+06
3.50282e+06
3.50282e+06
3.50282e+06
3.50281e+06
3.5028e+06
3.50279e+06
3.50277e+06
3.50018e+06
3.50032e+06
3.50016e+06
3.50019e+06
3.50026e+06
3.50036e+06
3.50052e+06
3.50099e+06
3.50153e+06
3.50183e+06
3.50196e+06
3.50201e+06
3.50209e+06
3.50215e+06
3.50223e+06
3.50229e+06
3.50235e+06
3.50241e+06
3.50245e+06
3.5025e+06
3.50254e+06
3.50258e+06
3.50262e+06
3.50265e+06
3.50268e+06
3.50271e+06
3.50274e+06
3.50277e+06
3.50279e+06
3.50281e+06
3.50283e+06
3.50284e+06
3.50285e+06
3.50286e+06
3.50286e+06
3.50286e+06
3.50286e+06
3.50285e+06
3.50284e+06
3.50283e+06
3.50282e+06
3.50022e+06
3.50045e+06
3.50039e+06
3.50043e+06
3.50042e+06
3.50047e+06
3.50057e+06
3.501e+06
3.50152e+06
3.5018e+06
3.50191e+06
3.50196e+06
3.50203e+06
3.5021e+06
3.50218e+06
3.50225e+06
3.50231e+06
3.50237e+06
3.50243e+06
3.50247e+06
3.50252e+06
3.50256e+06
3.50261e+06
3.50265e+06
3.50269e+06
3.50273e+06
3.50276e+06
3.50279e+06
3.50282e+06
3.50284e+06
3.50286e+06
3.50288e+06
3.50289e+06
3.5029e+06
3.5029e+06
3.50291e+06
3.5029e+06
3.5029e+06
3.50289e+06
3.50287e+06
3.50286e+06
3.50039e+06
3.50047e+06
3.50063e+06
3.50059e+06
3.50052e+06
3.50053e+06
3.50062e+06
3.50101e+06
3.50151e+06
3.50175e+06
3.50186e+06
3.50189e+06
3.50197e+06
3.50204e+06
3.50212e+06
3.5022e+06
3.50226e+06
3.50233e+06
3.50239e+06
3.50244e+06
3.50249e+06
3.50254e+06
3.5026e+06
3.50264e+06
3.50269e+06
3.50273e+06
3.50277e+06
3.50281e+06
3.50284e+06
3.50287e+06
3.5029e+06
3.50292e+06
3.50293e+06
3.50294e+06
3.50295e+06
3.50295e+06
3.50295e+06
3.50294e+06
3.50293e+06
3.50292e+06
3.5029e+06
3.50045e+06
3.50063e+06
3.50086e+06
3.50084e+06
3.50068e+06
3.50061e+06
3.50065e+06
3.50099e+06
3.50146e+06
3.50169e+06
3.50178e+06
3.50181e+06
3.50189e+06
3.50196e+06
3.50205e+06
3.50213e+06
3.5022e+06
3.50227e+06
3.50234e+06
3.5024e+06
3.50246e+06
3.50252e+06
3.50258e+06
3.50263e+06
3.50269e+06
3.50274e+06
3.50279e+06
3.50283e+06
3.50287e+06
3.50291e+06
3.50294e+06
3.50296e+06
3.50298e+06
3.50299e+06
3.503e+06
3.503e+06
3.503e+06
3.50299e+06
3.50298e+06
3.50296e+06
3.50295e+06
3.50084e+06
3.50106e+06
3.50084e+06
3.50084e+06
3.5008e+06
3.50071e+06
3.50069e+06
3.50098e+06
3.5014e+06
3.5016e+06
3.50168e+06
3.50171e+06
3.50178e+06
3.50187e+06
3.50195e+06
3.50204e+06
3.50212e+06
3.5022e+06
3.50227e+06
3.50234e+06
3.50241e+06
3.50248e+06
3.50255e+06
3.50262e+06
3.50269e+06
3.50275e+06
3.50281e+06
3.50286e+06
3.5029e+06
3.50294e+06
3.50297e+06
3.503e+06
3.50302e+06
3.50304e+06
3.50304e+06
3.50305e+06
3.50304e+06
3.50304e+06
3.50303e+06
3.50301e+06
3.50299e+06
3.50093e+06
3.50127e+06
3.50115e+06
3.50118e+06
3.501e+06
3.5008e+06
3.50069e+06
3.5009e+06
3.50129e+06
3.50148e+06
3.50154e+06
3.50158e+06
3.50166e+06
3.50174e+06
3.50183e+06
3.50192e+06
3.50201e+06
3.5021e+06
3.50219e+06
3.50227e+06
3.50236e+06
3.50244e+06
3.50253e+06
3.50261e+06
3.50268e+06
3.50276e+06
3.50282e+06
3.50288e+06
3.50293e+06
3.50298e+06
3.50302e+06
3.50305e+06
3.50307e+06
3.50309e+06
3.50309e+06
3.5031e+06
3.50309e+06
3.50309e+06
3.50307e+06
3.50306e+06
3.50304e+06
3.50139e+06
3.5016e+06
3.50151e+06
3.50141e+06
3.50112e+06
3.50084e+06
3.50068e+06
3.5008e+06
3.50116e+06
3.50133e+06
3.50137e+06
3.50142e+06
3.50148e+06
3.50157e+06
3.50165e+06
3.50176e+06
3.50186e+06
3.50197e+06
3.50208e+06
3.50219e+06
3.50229e+06
3.50239e+06
3.50249e+06
3.50259e+06
3.50268e+06
3.50277e+06
3.50284e+06
3.50291e+06
3.50297e+06
3.50302e+06
3.50306e+06
3.5031e+06
3.50312e+06
3.50314e+06
3.50315e+06
3.50315e+06
3.50315e+06
3.50314e+06
3.50312e+06
3.50311e+06
3.50309e+06
3.50154e+06
3.50192e+06
3.50191e+06
3.50181e+06
3.50128e+06
3.50075e+06
3.5005e+06
3.50053e+06
3.50088e+06
3.50108e+06
3.50113e+06
3.50118e+06
3.50125e+06
3.50134e+06
3.50143e+06
3.50156e+06
3.50168e+06
3.50182e+06
3.50196e+06
3.50209e+06
3.50222e+06
3.50234e+06
3.50246e+06
3.50258e+06
3.50268e+06
3.50278e+06
3.50287e+06
3.50295e+06
3.50301e+06
3.50307e+06
3.50311e+06
3.50315e+06
3.50318e+06
3.50319e+06
3.5032e+06
3.50321e+06
3.5032e+06
3.50319e+06
3.50318e+06
3.50316e+06
3.50313e+06
3.50214e+06
3.50261e+06
3.50169e+06
3.50162e+06
3.50117e+06
3.5005e+06
3.50013e+06
3.50013e+06
3.50051e+06
3.50074e+06
3.50081e+06
3.50089e+06
3.50095e+06
3.50105e+06
3.50117e+06
3.50132e+06
3.50148e+06
3.50166e+06
3.50183e+06
3.50199e+06
3.50215e+06
3.5023e+06
3.50244e+06
3.50257e+06
3.50269e+06
3.5028e+06
3.5029e+06
3.50299e+06
3.50306e+06
3.50312e+06
3.50317e+06
3.50321e+06
3.50324e+06
3.50325e+06
3.50326e+06
3.50326e+06
3.50326e+06
3.50325e+06
3.50323e+06
3.50321e+06
3.50318e+06
3.50254e+06
3.5033e+06
3.50203e+06
3.50144e+06
3.50062e+06
3.49964e+06
3.49936e+06
3.49952e+06
3.5e+06
3.50029e+06
3.50038e+06
3.50046e+06
3.50057e+06
3.5007e+06
3.50087e+06
3.50107e+06
3.50128e+06
3.50149e+06
3.5017e+06
3.50189e+06
3.50208e+06
3.50226e+06
3.50242e+06
3.50257e+06
3.50271e+06
3.50283e+06
3.50294e+06
3.50304e+06
3.50312e+06
3.50318e+06
3.50323e+06
3.50327e+06
3.5033e+06
3.50332e+06
3.50333e+06
3.50333e+06
3.50332e+06
3.50331e+06
3.50329e+06
3.50326e+06
3.50323e+06
3.50077e+06
3.50126e+06
3.50037e+06
3.4995e+06
3.4994e+06
3.49904e+06
3.49893e+06
3.49904e+06
3.49941e+06
3.49967e+06
3.49978e+06
3.49994e+06
3.50013e+06
3.50034e+06
3.50058e+06
3.50083e+06
3.50108e+06
3.50134e+06
3.50158e+06
3.50181e+06
3.50202e+06
3.50223e+06
3.50242e+06
3.50259e+06
3.50274e+06
3.50288e+06
3.50299e+06
3.5031e+06
3.50318e+06
3.50325e+06
3.5033e+06
3.50334e+06
3.50337e+06
3.50339e+06
3.50339e+06
3.50339e+06
3.50338e+06
3.50337e+06
3.50334e+06
3.50332e+06
3.50329e+06
3.49897e+06
3.49914e+06
3.49934e+06
3.49956e+06
3.49978e+06
3.50006e+06
3.50034e+06
3.50063e+06
3.50092e+06
3.50121e+06
3.50149e+06
3.50175e+06
3.502e+06
3.50222e+06
3.50243e+06
3.50262e+06
3.50279e+06
3.50293e+06
3.50306e+06
3.50317e+06
3.50325e+06
3.50333e+06
3.50338e+06
3.50342e+06
3.50345e+06
3.50346e+06
3.50347e+06
3.50346e+06
3.50345e+06
3.50343e+06
3.5034e+06
3.50337e+06
3.50334e+06
3.50179e+06
3.50178e+06
3.50178e+06
3.50177e+06
3.50176e+06
3.50175e+06
3.50175e+06
3.50174e+06
3.50174e+06
3.50173e+06
3.50173e+06
3.50172e+06
3.50172e+06
3.50171e+06
3.50171e+06
3.5017e+06
3.50169e+06
3.50169e+06
3.50168e+06
3.50167e+06
3.50184e+06
3.50183e+06
3.50182e+06
3.50181e+06
3.5018e+06
3.5018e+06
3.50179e+06
3.50179e+06
3.50178e+06
3.50178e+06
3.50177e+06
3.50177e+06
3.50176e+06
3.50176e+06
3.50175e+06
3.50175e+06
3.50174e+06
3.50174e+06
3.50173e+06
3.50173e+06
3.50172e+06
3.50171e+06
3.50184e+06
3.50181e+06
3.50197e+06
3.50208e+06
3.50211e+06
3.50213e+06
3.5021e+06
3.50205e+06
3.50199e+06
3.50197e+06
3.50194e+06
3.50192e+06
3.5019e+06
3.50188e+06
3.50187e+06
3.50186e+06
3.50185e+06
3.50184e+06
3.50184e+06
3.50183e+06
3.50183e+06
3.50182e+06
3.50182e+06
3.50181e+06
3.50181e+06
3.5018e+06
3.5018e+06
3.5018e+06
3.50179e+06
3.50179e+06
3.50178e+06
3.50178e+06
3.50177e+06
3.50177e+06
3.50176e+06
3.50176e+06
3.50175e+06
3.50187e+06
3.50188e+06
3.50201e+06
3.50206e+06
3.50206e+06
3.50209e+06
3.50205e+06
3.50198e+06
3.50193e+06
3.50192e+06
3.50196e+06
3.50197e+06
3.50195e+06
3.50193e+06
3.50191e+06
3.5019e+06
3.50189e+06
3.50188e+06
3.50188e+06
3.50187e+06
3.50186e+06
3.50186e+06
3.50186e+06
3.50185e+06
3.50185e+06
3.50185e+06
3.50184e+06
3.50184e+06
3.50184e+06
3.50183e+06
3.50183e+06
3.50183e+06
3.50182e+06
3.50182e+06
3.50181e+06
3.50181e+06
3.5018e+06
3.50179e+06
3.50179e+06
3.50203e+06
3.50205e+06
3.50209e+06
3.5021e+06
3.50206e+06
3.50206e+06
3.50203e+06
3.50198e+06
3.50193e+06
3.50192e+06
3.50196e+06
3.50197e+06
3.50196e+06
3.50194e+06
3.50193e+06
3.50192e+06
3.50191e+06
3.5019e+06
3.5019e+06
3.5019e+06
3.50189e+06
3.50189e+06
3.50189e+06
3.50188e+06
3.50188e+06
3.50188e+06
3.50188e+06
3.50187e+06
3.50187e+06
3.50187e+06
3.50187e+06
3.50186e+06
3.50186e+06
3.50185e+06
3.50185e+06
3.50184e+06
3.50184e+06
3.50183e+06
3.50182e+06
3.50182e+06
3.50204e+06
3.50209e+06
3.50217e+06
3.5022e+06
3.50214e+06
3.50212e+06
3.50208e+06
3.50202e+06
3.50197e+06
3.50196e+06
3.50199e+06
3.502e+06
3.50198e+06
3.50196e+06
3.50195e+06
3.50194e+06
3.50193e+06
3.50193e+06
3.50193e+06
3.50192e+06
3.50192e+06
3.50192e+06
3.50192e+06
3.50191e+06
3.50191e+06
3.50191e+06
3.50191e+06
3.50191e+06
3.50191e+06
3.5019e+06
3.5019e+06
3.5019e+06
3.50189e+06
3.50189e+06
3.50189e+06
3.50188e+06
3.50187e+06
3.50187e+06
3.50186e+06
3.50185e+06
3.50215e+06
3.50222e+06
3.50223e+06
3.50226e+06
3.50222e+06
3.5022e+06
3.50214e+06
3.50207e+06
3.50202e+06
3.50201e+06
3.50204e+06
3.50204e+06
3.50202e+06
3.50199e+06
3.50198e+06
3.50197e+06
3.50196e+06
3.50196e+06
3.50195e+06
3.50195e+06
3.50195e+06
3.50195e+06
3.50195e+06
3.50195e+06
3.50195e+06
3.50195e+06
3.50195e+06
3.50194e+06
3.50194e+06
3.50194e+06
3.50194e+06
3.50194e+06
3.50193e+06
3.50193e+06
3.50192e+06
3.50192e+06
3.50191e+06
3.50191e+06
3.5019e+06
3.50189e+06
3.50188e+06
3.50216e+06
3.50225e+06
3.50231e+06
3.50236e+06
3.50232e+06
3.50229e+06
3.50222e+06
3.50214e+06
3.50209e+06
3.50207e+06
3.50209e+06
3.50208e+06
3.50206e+06
3.50203e+06
3.50201e+06
3.502e+06
3.502e+06
3.50199e+06
3.50199e+06
3.50199e+06
3.50198e+06
3.50198e+06
3.50198e+06
3.50198e+06
3.50198e+06
3.50198e+06
3.50198e+06
3.50198e+06
3.50198e+06
3.50198e+06
3.50198e+06
3.50197e+06
3.50197e+06
3.50197e+06
3.50196e+06
3.50196e+06
3.50195e+06
3.50194e+06
3.50194e+06
3.50193e+06
3.50192e+06
3.50234e+06
3.50237e+06
3.50243e+06
3.50249e+06
3.50243e+06
3.50239e+06
3.5023e+06
3.50222e+06
3.50215e+06
3.50213e+06
3.50215e+06
3.50214e+06
3.50211e+06
3.50208e+06
3.50206e+06
3.50204e+06
3.50203e+06
3.50203e+06
3.50202e+06
3.50202e+06
3.50202e+06
3.50202e+06
3.50202e+06
3.50202e+06
3.50202e+06
3.50202e+06
3.50202e+06
3.50202e+06
3.50202e+06
3.50202e+06
3.50201e+06
3.50201e+06
3.50201e+06
3.502e+06
3.502e+06
3.50199e+06
3.50199e+06
3.50198e+06
3.50197e+06
3.50197e+06
3.50196e+06
3.50234e+06
3.5024e+06
3.50249e+06
3.50257e+06
3.50252e+06
3.50247e+06
3.50238e+06
3.50229e+06
3.50222e+06
3.5022e+06
3.50221e+06
3.5022e+06
3.50216e+06
3.50213e+06
3.5021e+06
3.50208e+06
3.50207e+06
3.50207e+06
3.50206e+06
3.50206e+06
3.50206e+06
3.50206e+06
3.50205e+06
3.50205e+06
3.50205e+06
3.50206e+06
3.50206e+06
3.50205e+06
3.50205e+06
3.50205e+06
3.50205e+06
3.50205e+06
3.50205e+06
3.50204e+06
3.50204e+06
3.50203e+06
3.50203e+06
3.50202e+06
3.50201e+06
3.502e+06
3.502e+06
3.50243e+06
3.5025e+06
3.5026e+06
3.50268e+06
3.50261e+06
3.50256e+06
3.50246e+06
3.50237e+06
3.50229e+06
3.50226e+06
3.50227e+06
3.50225e+06
3.50222e+06
3.50218e+06
3.50215e+06
3.50213e+06
3.50212e+06
3.50211e+06
3.5021e+06
3.5021e+06
3.5021e+06
3.50209e+06
3.50209e+06
3.50209e+06
3.50209e+06
3.50209e+06
3.50209e+06
3.50209e+06
3.50209e+06
3.50209e+06
3.50209e+06
3.50209e+06
3.50208e+06
3.50208e+06
3.50207e+06
3.50207e+06
3.50206e+06
3.50206e+06
3.50205e+06
3.50204e+06
3.50203e+06
3.50244e+06
3.50253e+06
3.50266e+06
3.50274e+06
3.50267e+06
3.50263e+06
3.50253e+06
3.50245e+06
3.50238e+06
3.50235e+06
3.50234e+06
3.50231e+06
3.50227e+06
3.50223e+06
3.5022e+06
3.50218e+06
3.50216e+06
3.50215e+06
3.50215e+06
3.50214e+06
3.50214e+06
3.50213e+06
3.50213e+06
3.50213e+06
3.50213e+06
3.50213e+06
3.50213e+06
3.50213e+06
3.50213e+06
3.50213e+06
3.50213e+06
3.50212e+06
3.50212e+06
3.50212e+06
3.50211e+06
3.50211e+06
3.5021e+06
3.50209e+06
3.50209e+06
3.50208e+06
3.50207e+06
3.50247e+06
3.50255e+06
3.50272e+06
3.5028e+06
3.50273e+06
3.50268e+06
3.50259e+06
3.50253e+06
3.50251e+06
3.50247e+06
3.50242e+06
3.50236e+06
3.50232e+06
3.50228e+06
3.50225e+06
3.50222e+06
3.50221e+06
3.5022e+06
3.50219e+06
3.50218e+06
3.50218e+06
3.50217e+06
3.50217e+06
3.50217e+06
3.50217e+06
3.50217e+06
3.50217e+06
3.50217e+06
3.50217e+06
3.50217e+06
3.50217e+06
3.50216e+06
3.50216e+06
3.50216e+06
3.50215e+06
3.50215e+06
3.50214e+06
3.50213e+06
3.50213e+06
3.50212e+06
3.50211e+06
3.50247e+06
3.50258e+06
3.50276e+06
3.50284e+06
3.50277e+06
3.50273e+06
3.50265e+06
3.5026e+06
3.5026e+06
3.50255e+06
3.50248e+06
3.50241e+06
3.50237e+06
3.50232e+06
3.50229e+06
3.50227e+06
3.50225e+06
3.50224e+06
3.50223e+06
3.50222e+06
3.50222e+06
3.50221e+06
3.50221e+06
3.50221e+06
3.50221e+06
3.50221e+06
3.50221e+06
3.50221e+06
3.50221e+06
3.50221e+06
3.5022e+06
3.5022e+06
3.5022e+06
3.50219e+06
3.50219e+06
3.50218e+06
3.50218e+06
3.50217e+06
3.50216e+06
3.50216e+06
3.50215e+06
3.50256e+06
3.50266e+06
3.50276e+06
3.50288e+06
3.50279e+06
3.50277e+06
3.50268e+06
3.50264e+06
3.50264e+06
3.50259e+06
3.50252e+06
3.50246e+06
3.50241e+06
3.50237e+06
3.50234e+06
3.50231e+06
3.5023e+06
3.50228e+06
3.50227e+06
3.50227e+06
3.50226e+06
3.50225e+06
3.50225e+06
3.50225e+06
3.50225e+06
3.50225e+06
3.50225e+06
3.50225e+06
3.50225e+06
3.50225e+06
3.50224e+06
3.50224e+06
3.50224e+06
3.50223e+06
3.50223e+06
3.50222e+06
3.50222e+06
3.50221e+06
3.5022e+06
3.50219e+06
3.50218e+06
3.50245e+06
3.50253e+06
3.50271e+06
3.50284e+06
3.50279e+06
3.50277e+06
3.50269e+06
3.50266e+06
3.50266e+06
3.50262e+06
3.50256e+06
3.50249e+06
3.50245e+06
3.5024e+06
3.50237e+06
3.50235e+06
3.50233e+06
3.50232e+06
3.50231e+06
3.5023e+06
3.5023e+06
3.50229e+06
3.50229e+06
3.50229e+06
3.50229e+06
3.50229e+06
3.50229e+06
3.50229e+06
3.50229e+06
3.50228e+06
3.50228e+06
3.50228e+06
3.50228e+06
3.50227e+06
3.50227e+06
3.50226e+06
3.50226e+06
3.50225e+06
3.50224e+06
3.50223e+06
3.50222e+06
3.50027e+06
3.50111e+06
3.502e+06
3.50267e+06
3.50277e+06
3.50279e+06
3.50268e+06
3.50263e+06
3.50267e+06
3.50263e+06
3.50258e+06
3.50252e+06
3.50248e+06
3.50244e+06
3.50241e+06
3.50238e+06
3.50237e+06
3.50236e+06
3.50235e+06
3.50234e+06
3.50234e+06
3.50233e+06
3.50233e+06
3.50233e+06
3.50233e+06
3.50233e+06
3.50233e+06
3.50232e+06
3.50232e+06
3.50232e+06
3.50232e+06
3.50232e+06
3.50232e+06
3.50231e+06
3.50231e+06
3.5023e+06
3.50229e+06
3.50229e+06
3.50228e+06
3.50227e+06
3.50226e+06
3.50016e+06
3.50092e+06
3.50163e+06
3.50229e+06
3.5025e+06
3.50267e+06
3.50263e+06
3.50262e+06
3.50267e+06
3.50264e+06
3.50259e+06
3.50254e+06
3.5025e+06
3.50246e+06
3.50243e+06
3.50241e+06
3.5024e+06
3.50239e+06
3.50238e+06
3.50238e+06
3.50237e+06
3.50237e+06
3.50237e+06
3.50236e+06
3.50236e+06
3.50236e+06
3.50236e+06
3.50236e+06
3.50236e+06
3.50236e+06
3.50236e+06
3.50236e+06
3.50235e+06
3.50235e+06
3.50235e+06
3.50234e+06
3.50233e+06
3.50233e+06
3.50232e+06
3.50231e+06
3.5023e+06
3.49979e+06
3.50015e+06
3.50104e+06
3.50176e+06
3.50235e+06
3.50259e+06
3.50272e+06
3.50269e+06
3.50268e+06
3.50263e+06
3.50259e+06
3.50254e+06
3.50251e+06
3.50248e+06
3.50245e+06
3.50244e+06
3.50243e+06
3.50242e+06
3.50241e+06
3.50241e+06
3.5024e+06
3.5024e+06
3.5024e+06
3.5024e+06
3.5024e+06
3.5024e+06
3.5024e+06
3.5024e+06
3.5024e+06
3.5024e+06
3.5024e+06
3.5024e+06
3.50239e+06
3.50239e+06
3.50238e+06
3.50238e+06
3.50237e+06
3.50236e+06
3.50236e+06
3.50235e+06
3.50234e+06
3.49979e+06
3.50012e+06
3.50077e+06
3.50144e+06
3.50211e+06
3.50246e+06
3.50267e+06
3.50266e+06
3.50266e+06
3.50261e+06
3.50258e+06
3.50254e+06
3.50252e+06
3.50249e+06
3.50247e+06
3.50245e+06
3.50244e+06
3.50244e+06
3.50244e+06
3.50243e+06
3.50243e+06
3.50243e+06
3.50243e+06
3.50243e+06
3.50244e+06
3.50244e+06
3.50244e+06
3.50244e+06
3.50244e+06
3.50244e+06
3.50244e+06
3.50243e+06
3.50243e+06
3.50243e+06
3.50242e+06
3.50242e+06
3.50241e+06
3.5024e+06
3.5024e+06
3.50239e+06
3.50238e+06
3.49952e+06
3.49985e+06
3.5007e+06
3.50142e+06
3.50208e+06
3.50241e+06
3.50261e+06
3.5026e+06
3.50262e+06
3.50258e+06
3.50256e+06
3.50253e+06
3.50251e+06
3.50248e+06
3.50247e+06
3.50246e+06
3.50246e+06
3.50246e+06
3.50246e+06
3.50246e+06
3.50246e+06
3.50246e+06
3.50246e+06
3.50247e+06
3.50247e+06
3.50247e+06
3.50247e+06
3.50247e+06
3.50247e+06
3.50247e+06
3.50247e+06
3.50247e+06
3.50247e+06
3.50247e+06
3.50246e+06
3.50246e+06
3.50245e+06
3.50244e+06
3.50243e+06
3.50243e+06
3.50241e+06
3.49952e+06
3.49988e+06
3.5007e+06
3.50138e+06
3.50204e+06
3.50234e+06
3.50253e+06
3.50254e+06
3.50256e+06
3.50253e+06
3.50252e+06
3.50249e+06
3.50249e+06
3.50247e+06
3.50246e+06
3.50246e+06
3.50246e+06
3.50247e+06
3.50247e+06
3.50248e+06
3.50248e+06
3.50249e+06
3.50249e+06
3.5025e+06
3.5025e+06
3.5025e+06
3.50251e+06
3.50251e+06
3.50251e+06
3.50251e+06
3.50251e+06
3.50251e+06
3.50251e+06
3.50251e+06
3.5025e+06
3.5025e+06
3.50249e+06
3.50248e+06
3.50247e+06
3.50246e+06
3.50245e+06
3.49962e+06
3.49989e+06
3.5006e+06
3.50132e+06
3.50192e+06
3.50224e+06
3.50243e+06
3.50245e+06
3.50246e+06
3.50246e+06
3.50247e+06
3.50246e+06
3.50246e+06
3.50245e+06
3.50245e+06
3.50245e+06
3.50247e+06
3.50248e+06
3.50249e+06
3.5025e+06
3.5025e+06
3.50251e+06
3.50252e+06
3.50252e+06
3.50253e+06
3.50254e+06
3.50254e+06
3.50254e+06
3.50255e+06
3.50255e+06
3.50255e+06
3.50255e+06
3.50255e+06
3.50254e+06
3.50254e+06
3.50254e+06
3.50253e+06
3.50252e+06
3.50251e+06
3.5025e+06
3.50249e+06
3.49961e+06
3.49992e+06
3.50042e+06
3.50092e+06
3.50156e+06
3.50192e+06
3.50222e+06
3.50232e+06
3.50237e+06
3.50238e+06
3.50241e+06
3.50242e+06
3.50242e+06
3.50241e+06
3.50243e+06
3.50244e+06
3.50246e+06
3.50248e+06
3.5025e+06
3.50251e+06
3.50252e+06
3.50253e+06
3.50254e+06
3.50255e+06
3.50256e+06
3.50257e+06
3.50257e+06
3.50258e+06
3.50258e+06
3.50258e+06
3.50258e+06
3.50258e+06
3.50258e+06
3.50258e+06
3.50258e+06
3.50257e+06
3.50257e+06
3.50256e+06
3.50255e+06
3.50254e+06
3.50253e+06
3.49939e+06
3.49957e+06
3.50017e+06
3.50058e+06
3.50092e+06
3.50134e+06
3.50188e+06
3.50215e+06
3.50223e+06
3.50227e+06
3.50233e+06
3.50235e+06
3.50237e+06
3.50238e+06
3.5024e+06
3.50243e+06
3.50246e+06
3.50248e+06
3.5025e+06
3.50252e+06
3.50254e+06
3.50255e+06
3.50256e+06
3.50257e+06
3.50258e+06
3.50259e+06
3.5026e+06
3.50261e+06
3.50261e+06
3.50262e+06
3.50262e+06
3.50262e+06
3.50262e+06
3.50262e+06
3.50262e+06
3.50261e+06
3.50261e+06
3.5026e+06
3.50259e+06
3.50258e+06
3.50257e+06
3.49938e+06
3.49961e+06
3.49995e+06
3.50005e+06
3.50039e+06
3.50082e+06
3.50143e+06
3.50183e+06
3.50204e+06
3.50216e+06
3.50225e+06
3.50228e+06
3.50232e+06
3.50234e+06
3.50238e+06
3.50242e+06
3.50245e+06
3.50248e+06
3.50251e+06
3.50253e+06
3.50255e+06
3.50257e+06
3.50258e+06
3.5026e+06
3.50261e+06
3.50262e+06
3.50263e+06
3.50264e+06
3.50265e+06
3.50265e+06
3.50266e+06
3.50266e+06
3.50266e+06
3.50266e+06
3.50266e+06
3.50265e+06
3.50265e+06
3.50264e+06
3.50263e+06
3.50262e+06
3.50261e+06
3.49952e+06
3.49957e+06
3.49971e+06
3.49993e+06
3.50018e+06
3.50048e+06
3.50079e+06
3.50129e+06
3.50182e+06
3.50207e+06
3.50219e+06
3.50222e+06
3.50228e+06
3.50232e+06
3.50237e+06
3.50241e+06
3.50245e+06
3.50248e+06
3.50251e+06
3.50253e+06
3.50256e+06
3.50258e+06
3.5026e+06
3.50261e+06
3.50263e+06
3.50264e+06
3.50266e+06
3.50267e+06
3.50268e+06
3.50268e+06
3.50269e+06
3.50269e+06
3.5027e+06
3.5027e+06
3.5027e+06
3.50269e+06
3.50269e+06
3.50268e+06
3.50267e+06
3.50266e+06
3.50265e+06
3.49955e+06
3.49966e+06
3.49969e+06
3.4998e+06
3.49999e+06
3.50023e+06
3.50048e+06
3.50104e+06
3.50165e+06
3.50198e+06
3.50212e+06
3.50217e+06
3.50224e+06
3.50229e+06
3.50235e+06
3.50239e+06
3.50243e+06
3.50247e+06
3.5025e+06
3.50253e+06
3.50256e+06
3.50258e+06
3.50261e+06
3.50263e+06
3.50265e+06
3.50266e+06
3.50268e+06
3.50269e+06
3.50271e+06
3.50272e+06
3.50272e+06
3.50273e+06
3.50274e+06
3.50274e+06
3.50274e+06
3.50274e+06
3.50273e+06
3.50272e+06
3.50272e+06
3.5027e+06
3.50269e+06
3.49984e+06
3.49987e+06
3.49985e+06
3.49987e+06
3.49999e+06
3.50018e+06
3.50043e+06
3.50098e+06
3.50158e+06
3.50191e+06
3.50206e+06
3.50212e+06
3.50219e+06
3.50225e+06
3.50231e+06
3.50237e+06
3.50241e+06
3.50246e+06
3.50249e+06
3.50253e+06
3.50256e+06
3.50259e+06
3.50261e+06
3.50264e+06
3.50266e+06
3.50268e+06
3.5027e+06
3.50272e+06
3.50273e+06
3.50275e+06
3.50276e+06
3.50277e+06
3.50277e+06
3.50278e+06
3.50278e+06
3.50278e+06
3.50277e+06
3.50277e+06
3.50276e+06
3.50275e+06
3.50273e+06
3.49988e+06
3.49999e+06
3.50002e+06
3.50004e+06
3.50012e+06
3.50026e+06
3.50046e+06
3.50097e+06
3.50155e+06
3.50187e+06
3.50201e+06
3.50206e+06
3.50214e+06
3.5022e+06
3.50227e+06
3.50233e+06
3.50239e+06
3.50243e+06
3.50248e+06
3.50252e+06
3.50255e+06
3.50259e+06
3.50262e+06
3.50265e+06
3.50267e+06
3.5027e+06
3.50272e+06
3.50274e+06
3.50276e+06
3.50278e+06
3.50279e+06
3.5028e+06
3.50281e+06
3.50282e+06
3.50282e+06
3.50282e+06
3.50282e+06
3.50281e+06
3.5028e+06
3.50279e+06
3.50277e+06
3.50018e+06
3.50032e+06
3.50016e+06
3.50019e+06
3.50026e+06
3.50036e+06
3.50052e+06
3.50099e+06
3.50153e+06
3.50183e+06
3.50196e+06
3.50201e+06
3.50209e+06
3.50215e+06
3.50223e+06
3.50229e+06
3.50235e+06
3.50241e+06
3.50245e+06
3.5025e+06
3.50254e+06
3.50258e+06
3.50262e+06
3.50265e+06
3.50268e+06
3.50271e+06
3.50274e+06
3.50277e+06
3.50279e+06
3.50281e+06
3.50283e+06
3.50284e+06
3.50285e+06
3.50286e+06
3.50286e+06
3.50286e+06
3.50286e+06
3.50285e+06
3.50284e+06
3.50283e+06
3.50282e+06
3.50022e+06
3.50045e+06
3.50039e+06
3.50043e+06
3.50043e+06
3.50047e+06
3.50057e+06
3.501e+06
3.50152e+06
3.5018e+06
3.50191e+06
3.50196e+06
3.50203e+06
3.5021e+06
3.50218e+06
3.50225e+06
3.50231e+06
3.50237e+06
3.50243e+06
3.50247e+06
3.50252e+06
3.50256e+06
3.50261e+06
3.50265e+06
3.50269e+06
3.50273e+06
3.50276e+06
3.50279e+06
3.50282e+06
3.50284e+06
3.50286e+06
3.50288e+06
3.50289e+06
3.5029e+06
3.5029e+06
3.50291e+06
3.5029e+06
3.5029e+06
3.50289e+06
3.50287e+06
3.50286e+06
3.50039e+06
3.50047e+06
3.50063e+06
3.50059e+06
3.50052e+06
3.50053e+06
3.50062e+06
3.50101e+06
3.50151e+06
3.50175e+06
3.50186e+06
3.50189e+06
3.50197e+06
3.50204e+06
3.50212e+06
3.5022e+06
3.50226e+06
3.50233e+06
3.50239e+06
3.50244e+06
3.50249e+06
3.50254e+06
3.5026e+06
3.50264e+06
3.50269e+06
3.50273e+06
3.50277e+06
3.50281e+06
3.50284e+06
3.50287e+06
3.5029e+06
3.50292e+06
3.50293e+06
3.50294e+06
3.50295e+06
3.50295e+06
3.50295e+06
3.50294e+06
3.50293e+06
3.50292e+06
3.5029e+06
3.50045e+06
3.50063e+06
3.50086e+06
3.50084e+06
3.50068e+06
3.50061e+06
3.50065e+06
3.50099e+06
3.50146e+06
3.50169e+06
3.50178e+06
3.50181e+06
3.50189e+06
3.50196e+06
3.50205e+06
3.50213e+06
3.5022e+06
3.50227e+06
3.50234e+06
3.5024e+06
3.50246e+06
3.50252e+06
3.50258e+06
3.50263e+06
3.50269e+06
3.50274e+06
3.50279e+06
3.50283e+06
3.50287e+06
3.50291e+06
3.50293e+06
3.50296e+06
3.50298e+06
3.50299e+06
3.503e+06
3.503e+06
3.503e+06
3.50299e+06
3.50298e+06
3.50296e+06
3.50295e+06
3.50084e+06
3.50106e+06
3.50084e+06
3.50084e+06
3.5008e+06
3.50071e+06
3.50069e+06
3.50097e+06
3.5014e+06
3.5016e+06
3.50168e+06
3.50171e+06
3.50178e+06
3.50187e+06
3.50195e+06
3.50204e+06
3.50212e+06
3.5022e+06
3.50227e+06
3.50234e+06
3.50241e+06
3.50248e+06
3.50255e+06
3.50262e+06
3.50269e+06
3.50275e+06
3.50281e+06
3.50286e+06
3.5029e+06
3.50294e+06
3.50297e+06
3.503e+06
3.50302e+06
3.50304e+06
3.50304e+06
3.50305e+06
3.50304e+06
3.50304e+06
3.50303e+06
3.50301e+06
3.50299e+06
3.50093e+06
3.50127e+06
3.50115e+06
3.50118e+06
3.501e+06
3.5008e+06
3.50069e+06
3.5009e+06
3.50129e+06
3.50148e+06
3.50154e+06
3.50158e+06
3.50166e+06
3.50174e+06
3.50183e+06
3.50192e+06
3.50201e+06
3.5021e+06
3.50219e+06
3.50227e+06
3.50236e+06
3.50244e+06
3.50253e+06
3.50261e+06
3.50268e+06
3.50276e+06
3.50282e+06
3.50288e+06
3.50293e+06
3.50298e+06
3.50302e+06
3.50305e+06
3.50307e+06
3.50309e+06
3.50309e+06
3.5031e+06
3.50309e+06
3.50309e+06
3.50307e+06
3.50306e+06
3.50304e+06
3.50139e+06
3.5016e+06
3.50151e+06
3.50141e+06
3.50112e+06
3.50084e+06
3.50068e+06
3.5008e+06
3.50116e+06
3.50133e+06
3.50137e+06
3.50142e+06
3.50148e+06
3.50156e+06
3.50165e+06
3.50176e+06
3.50186e+06
3.50197e+06
3.50208e+06
3.50219e+06
3.50229e+06
3.50239e+06
3.50249e+06
3.50259e+06
3.50268e+06
3.50277e+06
3.50284e+06
3.50291e+06
3.50297e+06
3.50302e+06
3.50306e+06
3.5031e+06
3.50312e+06
3.50314e+06
3.50315e+06
3.50315e+06
3.50315e+06
3.50314e+06
3.50312e+06
3.50311e+06
3.50309e+06
3.50154e+06
3.50192e+06
3.50191e+06
3.50181e+06
3.50128e+06
3.50075e+06
3.5005e+06
3.50053e+06
3.50088e+06
3.50108e+06
3.50113e+06
3.50118e+06
3.50125e+06
3.50134e+06
3.50143e+06
3.50156e+06
3.50168e+06
3.50182e+06
3.50196e+06
3.50209e+06
3.50222e+06
3.50234e+06
3.50246e+06
3.50258e+06
3.50268e+06
3.50278e+06
3.50287e+06
3.50295e+06
3.50301e+06
3.50307e+06
3.50311e+06
3.50315e+06
3.50318e+06
3.50319e+06
3.5032e+06
3.50321e+06
3.5032e+06
3.50319e+06
3.50318e+06
3.50316e+06
3.50313e+06
3.50214e+06
3.50261e+06
3.50169e+06
3.50162e+06
3.50117e+06
3.5005e+06
3.50013e+06
3.50013e+06
3.50051e+06
3.50074e+06
3.50081e+06
3.50089e+06
3.50095e+06
3.50105e+06
3.50117e+06
3.50132e+06
3.50148e+06
3.50166e+06
3.50183e+06
3.50199e+06
3.50215e+06
3.5023e+06
3.50244e+06
3.50257e+06
3.50269e+06
3.5028e+06
3.5029e+06
3.50299e+06
3.50306e+06
3.50312e+06
3.50317e+06
3.50321e+06
3.50324e+06
3.50325e+06
3.50326e+06
3.50326e+06
3.50326e+06
3.50325e+06
3.50323e+06
3.50321e+06
3.50318e+06
3.50254e+06
3.5033e+06
3.50203e+06
3.50144e+06
3.50062e+06
3.49964e+06
3.49936e+06
3.49952e+06
3.5e+06
3.50029e+06
3.50038e+06
3.50046e+06
3.50057e+06
3.5007e+06
3.50087e+06
3.50107e+06
3.50128e+06
3.50149e+06
3.5017e+06
3.50189e+06
3.50208e+06
3.50226e+06
3.50242e+06
3.50257e+06
3.50271e+06
3.50283e+06
3.50294e+06
3.50304e+06
3.50312e+06
3.50318e+06
3.50323e+06
3.50327e+06
3.5033e+06
3.50332e+06
3.50333e+06
3.50333e+06
3.50332e+06
3.50331e+06
3.50329e+06
3.50326e+06
3.50323e+06
3.50077e+06
3.50126e+06
3.50037e+06
3.4995e+06
3.4994e+06
3.49904e+06
3.49893e+06
3.49904e+06
3.49941e+06
3.49967e+06
3.49978e+06
3.49994e+06
3.50013e+06
3.50034e+06
3.50058e+06
3.50083e+06
3.50108e+06
3.50134e+06
3.50158e+06
3.50181e+06
3.50202e+06
3.50223e+06
3.50242e+06
3.50259e+06
3.50274e+06
3.50288e+06
3.50299e+06
3.5031e+06
3.50318e+06
3.50325e+06
3.5033e+06
3.50334e+06
3.50337e+06
3.50339e+06
3.50339e+06
3.50339e+06
3.50338e+06
3.50337e+06
3.50334e+06
3.50332e+06
3.50329e+06
3.49897e+06
3.49914e+06
3.49934e+06
3.49956e+06
3.49978e+06
3.50006e+06
3.50034e+06
3.50063e+06
3.50092e+06
3.50121e+06
3.50149e+06
3.50175e+06
3.502e+06
3.50222e+06
3.50243e+06
3.50262e+06
3.50279e+06
3.50293e+06
3.50306e+06
3.50317e+06
3.50325e+06
3.50333e+06
3.50338e+06
3.50342e+06
3.50345e+06
3.50346e+06
3.50347e+06
3.50346e+06
3.50345e+06
3.50343e+06
3.5034e+06
3.50337e+06
3.50334e+06
)
;

boundaryField
{
    inlet
    {
        type            fixedValue;
        value           nonuniform List<scalar> 0();
    }
    outlet
    {
        type            fixedValue;
        value           nonuniform List<scalar> 0();
    }
    walls
    {
        type            fixedFluxPressure;
        gradient        nonuniform List<scalar> 0();
        value           nonuniform List<scalar> 0();
    }
    side1
    {
        type            cyclic;
    }
    side2
    {
        type            cyclic;
    }
    procBoundary4to0
    {
        type            processor;
        value           nonuniform List<scalar> 
52
(
3.50047e+06
3.5008e+06
3.50113e+06
3.50143e+06
3.50172e+06
3.50199e+06
3.50224e+06
3.50246e+06
3.50267e+06
3.50285e+06
3.503e+06
3.50314e+06
3.50325e+06
3.50334e+06
3.50341e+06
3.50347e+06
3.50351e+06
3.50353e+06
3.50354e+06
3.50355e+06
3.50354e+06
3.50352e+06
3.5035e+06
3.50347e+06
3.50343e+06
3.50339e+06
3.50047e+06
3.5008e+06
3.50113e+06
3.50143e+06
3.50172e+06
3.50199e+06
3.50224e+06
3.50246e+06
3.50267e+06
3.50285e+06
3.503e+06
3.50314e+06
3.50325e+06
3.50334e+06
3.50341e+06
3.50347e+06
3.50351e+06
3.50353e+06
3.50354e+06
3.50355e+06
3.50354e+06
3.50352e+06
3.5035e+06
3.50347e+06
3.50343e+06
3.50339e+06
)
;
    }
    procBoundary4to1
    {
        type            processor;
        value           nonuniform List<scalar> 
32
(
3.49619e+06
3.49554e+06
3.49626e+06
3.49722e+06
3.49792e+06
3.49838e+06
3.49876e+06
3.49889e+06
3.49889e+06
3.49881e+06
3.49902e+06
3.49918e+06
3.49929e+06
3.49948e+06
3.49984e+06
3.50017e+06
3.49619e+06
3.49554e+06
3.49626e+06
3.49722e+06
3.49792e+06
3.49838e+06
3.49876e+06
3.49889e+06
3.49889e+06
3.49881e+06
3.49902e+06
3.49918e+06
3.49928e+06
3.49948e+06
3.49984e+06
3.50017e+06
)
;
    }
    procBoundary4to3
    {
        type            processor;
        value           nonuniform List<scalar> 
88
(
3.50167e+06
3.50171e+06
3.50174e+06
3.50178e+06
3.50178e+06
3.50181e+06
3.50185e+06
3.50185e+06
3.50188e+06
3.50191e+06
3.50195e+06
3.50199e+06
3.50202e+06
3.50206e+06
3.5021e+06
3.50214e+06
3.50217e+06
3.50221e+06
3.50225e+06
3.50229e+06
3.50233e+06
3.50236e+06
3.5024e+06
3.50244e+06
3.50248e+06
3.50252e+06
3.50256e+06
3.5026e+06
3.50264e+06
3.50268e+06
3.50272e+06
3.50276e+06
3.5028e+06
3.50284e+06
3.50288e+06
3.50293e+06
3.50297e+06
3.50302e+06
3.50306e+06
3.50311e+06
3.50315e+06
3.5032e+06
3.50325e+06
3.5033e+06
3.50167e+06
3.50171e+06
3.50174e+06
3.50178e+06
3.50178e+06
3.50181e+06
3.50185e+06
3.50185e+06
3.50188e+06
3.50191e+06
3.50195e+06
3.50199e+06
3.50202e+06
3.50206e+06
3.5021e+06
3.50214e+06
3.50217e+06
3.50221e+06
3.50225e+06
3.50229e+06
3.50233e+06
3.50236e+06
3.5024e+06
3.50244e+06
3.50248e+06
3.50252e+06
3.50256e+06
3.5026e+06
3.50264e+06
3.50268e+06
3.50272e+06
3.50276e+06
3.5028e+06
3.50284e+06
3.50288e+06
3.50293e+06
3.50297e+06
3.50302e+06
3.50306e+06
3.50311e+06
3.50315e+06
3.5032e+06
3.50325e+06
3.5033e+06
)
;
    }
    procBoundary4to5
    {
        type            processor;
        value           nonuniform List<scalar> 
86
(
3.50177e+06
3.50176e+06
3.50175e+06
3.50174e+06
3.50173e+06
3.50172e+06
3.50172e+06
3.50171e+06
3.5017e+06
3.5017e+06
3.50169e+06
3.50168e+06
3.50168e+06
3.50167e+06
3.50167e+06
3.50166e+06
3.50166e+06
3.50165e+06
3.50164e+06
3.50164e+06
3.50182e+06
3.5018e+06
3.5018e+06
3.50202e+06
3.50217e+06
3.50223e+06
3.50218e+06
3.50215e+06
3.50206e+06
3.50203e+06
3.50213e+06
3.50211e+06
3.50206e+06
3.50194e+06
3.50191e+06
3.50188e+06
3.50186e+06
3.50185e+06
3.50185e+06
3.50199e+06
3.50199e+06
3.50198e+06
3.50198e+06
3.50177e+06
3.50176e+06
3.50175e+06
3.50174e+06
3.50173e+06
3.50172e+06
3.50172e+06
3.50171e+06
3.5017e+06
3.5017e+06
3.50169e+06
3.50168e+06
3.50168e+06
3.50167e+06
3.50167e+06
3.50166e+06
3.50166e+06
3.50165e+06
3.50164e+06
3.50164e+06
3.50182e+06
3.5018e+06
3.5018e+06
3.50202e+06
3.50217e+06
3.50223e+06
3.50218e+06
3.50215e+06
3.50206e+06
3.50203e+06
3.50213e+06
3.50211e+06
3.50206e+06
3.50194e+06
3.50191e+06
3.50188e+06
3.50186e+06
3.50185e+06
3.50185e+06
3.50199e+06
3.50199e+06
3.50198e+06
3.50198e+06
)
;
    }
}


// ************************************************************************* //
