/*--------------------------------*- C++ -*----------------------------------*\
| =========                 |                                                 |
| \\      /  F ield         | OpenFOAM: The Open Source CFD Toolbox           |
|  \\    /   O peration     | Version:  v2012                                 |
|   \\  /    A nd           | Website:  www.openfoam.com                      |
|    \\/     M anipulation  |                                                 |
\*---------------------------------------------------------------------------*/
FoamFile
{
    version     2.0;
    format      ascii;
    class       volVectorField;
    location    "0.35";
    object      U;
}
// * * * * * * * * * * * * * * * * * * * * * * * * * * * * * * * * * * * * * //

dimensions      [0 1 -1 0 0 0 0];


internalField   nonuniform List<vector> 
2650
(
(-0.124815 -44.4635 0.001149)
(0.620896 -38.8036 -0.00542718)
(0.881369 -33.5551 -0.00769834)
(-0.694404 -25.863 0.00605397)
(0.975536 -12.0149 -0.00851902)
(-0.201627 -44.7236 0.00180362)
(-0.319287 -38.9508 0.00277453)
(0.174092 -33.8985 -0.00152357)
(-0.405602 -25.9601 0.00353241)
(0.710435 -11.6563 -0.00621159)
(-0.638814 -44.9638 0.0056137)
(-1.88402 -39.1365 0.0164237)
(-0.137829 -34.1721 0.00119446)
(-0.663063 -26.3114 0.00577852)
(0.689095 -11.5803 -0.00602251)
(-0.480402 -45.811 0.00421119)
(-1.79069 -39.0105 0.0156055)
(-0.295406 -34.6569 0.00256537)
(-0.598335 -26.7536 0.00521412)
(0.738945 -11.7318 -0.00645766)
(0.095707 -46.152 -0.000851282)
(-0.341395 -38.4699 0.00295936)
(-0.0891839 -34.9714 0.000764107)
(-0.00725943 -27.2322 5.61819e-05)
(0.633782 -11.5321 -0.00554053)
(0.0960629 -45.9639 -0.00086977)
(-0.352037 -37.7598 0.00306032)
(-0.161206 -35.5465 0.00139278)
(0.672794 -27.9337 -0.00587742)
(0.439124 -10.9821 -0.00384614)
(0.113353 -45.6977 -0.00102832)
(-0.305335 -37.0189 0.00265733)
(-0.00519249 -36.8836 3.57119e-05)
(1.20114 -28.6628 -0.010485)
(0.219599 -9.94926 -0.00192792)
(0.369286 -45.9704 -0.00326787)
(-0.323965 -36.6494 0.00282496)
(0.734664 -38.7163 -0.00641302)
(0.851725 -28.9314 -0.00743686)
(0.119549 -8.9494 -0.0010521)
(0.476063 -46.695 -0.00420584)
(-0.369925 -37.2456 0.00322703)
(1.63347 -40.127 -0.0142571)
(-0.526222 -28.1104 0.00459006)
(0.426841 -8.58392 -0.00372851)
(0.368753 -47.3111 -0.00325587)
(-0.227357 -38.6109 0.00198398)
(1.73824 -40.1079 -0.0151732)
(-1.82738 -26.6977 0.0159462)
(1.04258 -9.15629 -0.0091043)
(-0.0406047 -47.6795 0.000345177)
(0.311775 -40.195 -0.00272307)
(0.632017 -38.5364 -0.00552015)
(-1.72296 -26.1716 0.0150356)
(1.43606 -9.94008 -0.0125431)
(-0.637768 -47.6533 0.00556466)
(0.86826 -40.9432 -0.00758358)
(-1.10056 -36.4154 0.00960055)
(-0.303838 -27.4343 0.0026519)
(1.17262 -9.70926 -0.0102497)
(-1.06415 -46.9668 0.00927873)
(0.891572 -40.7394 -0.00778619)
(-2.18101 -35.1227 0.0190313)
(1.13905 -30.1066 -0.00993938)
(0.528285 -8.8409 -0.00462689)
(-0.993568 -45.0647 0.00866692)
(0.124686 -39.3454 -0.00109366)
(-2.0365 -34.9176 0.0177704)
(1.49996 -32.4082 -0.0130903)
(-0.0338662 -6.98317 0.000288905)
(-0.780261 -42.6913 0.00681513)
(-1.24871 -37.9101 0.0108938)
(-1.61342 -36.4719 0.0140795)
(0.637842 -34.393 -0.00556516)
(-0.465601 -7.77749 0.0040571)
(-0.815103 -37.8646 0.00712624)
(-1.89709 -34.2466 0.0165531)
(-1.59398 -36.3042 0.0139091)
(-1.49238 -33.0449 0.0130229)
(-2.44801 -4.26794 0.0214247)
(-1.34563 -33.8577 0.0117423)
(-2.54876 -32.4229 0.0222415)
(-3.57006 -36.008 0.0311557)
(-5.20926 -33.013 0.0454663)
(-6.63962 -18.0908 0.0580042)
(-1.9017 -24.4352 0.016595)
(-4.21258 -23.5064 0.036763)
(-8.02054 -24.769 0.069994)
(-12.9961 -21.6694 0.11342)
(-15.8121 -13.9676 0.137976)
(-12.3305 -1.46585 0.10766)
(-7.51615 -2.32695 0.0656126)
(-5.55107 -1.1183 0.0484425)
(-3.73527 -0.743704 0.0326003)
(-2.85203 -0.462671 0.02489)
(-2.03931 -0.299882 0.0177981)
(-1.58432 -0.194569 0.0138266)
(-1.18965 -0.128923 0.0103827)
(-0.932749 -0.0856911 0.00814045)
(-0.725589 -0.0575434 0.00633269)
(-0.576282 -0.0387882 0.0050296)
(-0.459341 -0.0262913 0.00400907)
(-0.370651 -0.0179207 0.00323504)
(-0.301119 -0.0122687 0.00262823)
(-0.246841 -0.00846122 0.00215453)
(-0.203815 -0.00587056 0.00177903)
(-0.169512 -0.00410583 0.00147964)
(-0.141909 -0.00289731 0.00123873)
(-0.119519 -0.00206352 0.00104331)
(-0.101216 -0.00148455 0.00088354)
(-0.0861338 -0.00107895 0.000751906)
(-0.0736144 -0.000792358 0.000642634)
(-0.0631477 -0.00058777 0.000551281)
(-0.0543408 -0.000440527 0.000474414)
(-0.0468829 -0.000333339 0.000409316)
(-0.0405305 -0.000254531 0.000353789)
(-1.22487 -13.4204 0.0106891)
(-2.48798 -10.8097 0.0217112)
(-4.83656 -9.78679 0.0422074)
(-7.0173 -10.1043 0.0612421)
(-8.52574 -9.34837 0.074411)
(-7.17257 -5.34168 0.0626071)
(-5.20743 -3.4503 0.0454564)
(-4.6878 -2.07604 0.0409184)
(-3.55629 -1.46252 0.0310443)
(-3.0683 -0.964147 0.0267832)
(-2.45113 -0.703593 0.021397)
(-2.07646 -0.49759 0.0181258)
(-1.71111 -0.370213 0.0149371)
(-1.44412 -0.272997 0.0126063)
(-1.21142 -0.20586 0.0105752)
(-1.02606 -0.155328 0.00895703)
(-0.869817 -0.118503 0.00759316)
(-0.74115 -0.0907766 0.00646999)
(-0.633114 -0.0700441 0.00552692)
(-0.542795 -0.0543494 0.00473849)
(-0.466712 -0.0424427 0.00407433)
(-0.402493 -0.0333538 0.00351372)
(-0.348079 -0.0263843 0.00303872)
(-0.301814 -0.0210119 0.00263483)
(-0.262342 -0.0168506 0.00229024)
(-0.228539 -0.0136095 0.00199517)
(-0.199486 -0.0110697 0.00174156)
(-0.174424 -0.00906696 0.00152278)
(-0.152728 -0.00747765 0.00133339)
(-0.133877 -0.00620791 0.00116881)
(-0.117444 -0.00518682 0.00102522)
(-0.793833 -11.8696 0.00692716)
(-1.44556 -10.3345 0.0126139)
(-2.19996 -9.54898 0.0191982)
(-2.83116 -8.0448 0.024707)
(-4.08216 -5.69672 0.0356259)
(-4.30947 -3.39274 0.037613)
(-3.92046 -2.85784 0.0342193)
(-3.56405 -1.89291 0.031109)
(-3.03927 -1.50279 0.0265293)
(-2.68156 -1.07538 0.023407)
(-2.28294 -0.837324 0.0199279)
(-1.99607 -0.62919 0.0174238)
(-1.71796 -0.490971 0.0149964)
(-1.49841 -0.380324 0.0130798)
(-1.30198 -0.299806 0.0113653)
(-1.13755 -0.236786 0.00992995)
(-0.994113 -0.188763 0.00867797)
(-0.871139 -0.151104 0.00760454)
(-0.764182 -0.121689 0.00667093)
(-0.671499 -0.0984298 0.0058619)
(-0.590764 -0.0799922 0.00515715)
(-0.52038 -0.0652888 0.00454275)
(-0.458894 -0.0535226 0.00400602)
(-0.405088 -0.044071 0.00353633)
(-0.357928 -0.0364543 0.00312464)
(-0.316517 -0.0302948 0.00276316)
(-0.280088 -0.0252951 0.00244518)
(-0.247982 -0.0212214 0.00216492)
(-0.219633 -0.0178889 0.00191745)
(-0.194551 -0.0151513 0.00169845)
(-0.172316 -0.0128927 0.00150421)
(-0.654627 -5.7431 0.00571282)
(-1.33361 -4.6996 0.0116372)
(-2.15487 -4.32338 0.0188044)
(-2.87021 -4.13129 0.0250485)
(-3.2752 -3.79281 0.0285845)
(-3.07529 -3.00469 0.0268413)
(-2.85958 -2.46324 0.0249589)
(-2.6852 -1.85824 0.0234372)
(-2.38697 -1.48039 0.0208348)
(-2.19052 -1.12701 0.0191202)
(-1.94123 -0.893523 0.0169448)
(-1.75474 -0.696303 0.0153169)
(-1.56092 -0.555945 0.0136253)
(-1.3998 -0.44294 0.0122188)
(-1.24937 -0.35785 0.0109058)
(-1.11785 -0.290095 0.00975789)
(-0.999225 -0.237174 0.00872244)
(-0.894004 -0.194795 0.007804)
(-0.799785 -0.160903 0.00698159)
(-0.715793 -0.13347 0.00624844)
(-0.640698 -0.111184 0.00559295)
(-0.573576 -0.0929631 0.00500704)
(-0.513544 -0.0780096 0.00448301)
(-0.459818 -0.0656907 0.00401403)
(-0.411718 -0.0555117 0.00359415)
(-0.368622 -0.0470756 0.00321798)
(-0.329984 -0.0400632 0.00288071)
(-0.295315 -0.0342176 0.00257809)
(-0.264184 -0.0293303 0.00230632)
(-0.236202 -0.0252317 0.002062)
(-0.211026 -0.0217832 0.00184211)
(-0.323332 -5.14245 0.00282199)
(-0.584151 -4.26513 0.00509721)
(-0.92544 -3.72127 0.00807505)
(-1.26514 -3.2276 0.0110402)
(-1.64708 -2.72804 0.0143739)
(-1.852 -2.16795 0.016163)
(-1.93402 -1.8598 0.0168795)
(-1.94116 -1.47173 0.0169422)
(-1.85473 -1.23339 0.0161884)
(-1.765 -0.988362 0.0154057)
(-1.63241 -0.817637 0.0142487)
(-1.51521 -0.66462 0.0132258)
(-1.38562 -0.549257 0.0120949)
(-1.26913 -0.452275 0.0110781)
(-1.15632 -0.375926 0.0100935)
(-1.05322 -0.313045 0.00919355)
(-0.957575 -0.262268 0.00835874)
(-0.870234 -0.220481 0.00759639)
(-0.790171 -0.186159 0.00689757)
(-0.717159 -0.157704 0.00626028)
(-0.650532 -0.134046 0.00567871)
(-0.589801 -0.114272 0.00514859)
(-0.534471 -0.097694 0.00466562)
(-0.484069 -0.0837513 0.00422567)
(-0.438172 -0.071996 0.00382503)
(-0.396376 -0.0620612 0.00346021)
(-0.358313 -0.0536453 0.00312797)
(-0.323645 -0.0465004 0.00282535)
(-0.292065 -0.0404206 0.00254967)
(-0.263289 -0.0352349 0.00229842)
(-0.23706 -0.0308003 0.00206935)
(-0.303736 -2.62441 0.00265112)
(-0.587695 -2.1493 0.00512909)
(-0.898172 -1.81992 0.00783756)
(-1.16588 -1.66165 0.0101744)
(-1.38779 -1.58767 0.0121115)
(-1.48638 -1.4433 0.0129723)
(-1.53508 -1.32652 0.0133976)
(-1.5471 -1.1498 0.0135027)
(-1.50126 -1.00619 0.0131029)
(-1.45357 -0.851812 0.0126871)
(-1.37383 -0.727684 0.0119915)
(-1.30049 -0.612918 0.0113515)
(-1.2137 -0.520006 0.010594)
(-1.1317 -0.439674 0.00987833)
(-1.04915 -0.373832 0.00915791)
(-0.970504 -0.318225 0.00847142)
(-0.895339 -0.272056 0.00781538)
(-0.824623 -0.233209 0.00719816)
(-0.758213 -0.200567 0.00661852)
(-0.696277 -0.172944 0.00607792)
(-0.63864 -0.149514 0.00557484)
(-0.585144 -0.129555 0.00510788)
(-0.535591 -0.112512 0.00467535)
(-0.489744 -0.0979224 0.00427515)
(-0.447377 -0.0854092 0.00390534)
(-0.408252 -0.0746576 0.00356384)
(-0.372141 -0.0654031 0.00324864)
(-0.338823 -0.0574237 0.00295781)
(-0.308095 -0.0505309 0.00268956)
(-0.279758 -0.0445654 0.00244215)
(-0.253632 -0.0393909 0.002214)
(-0.158627 -2.10522 0.0013844)
(-0.31436 -1.72597 0.00274349)
(-0.476284 -1.41219 0.00415612)
(-0.634126 -1.21335 0.0055334)
(-0.805416 -1.10556 0.00702878)
(-0.943542 -0.998244 0.00823437)
(-1.04858 -0.936384 0.00915137)
(-1.12042 -0.840382 0.00977836)
(-1.14699 -0.763842 0.0100103)
(-1.15328 -0.674509 0.0100658)
(-1.12914 -0.598567 0.00985548)
(-1.09756 -0.523795 0.00957998)
(-1.04909 -0.459442 0.0091571)
(-0.997181 -0.400944 0.00870406)
(-0.940664 -0.350467 0.00821082)
(-0.883158 -0.306057 0.00770891)
(-0.825854 -0.267675 0.00720877)
(-0.769899 -0.234303 0.0067204)
(-0.715857 -0.205374 0.00624873)
(-0.664211 -0.180235 0.00579794)
(-0.615157 -0.158384 0.00536979)
(-0.56879 -0.139363 0.00496507)
(-0.525143 -0.122794 0.0045841)
(-0.484159 -0.108351 0.00422636)
(-0.445767 -0.0957525 0.00389124)
(-0.409855 -0.0847558 0.0035778)
(-0.376307 -0.0751482 0.00328497)
(-0.344994 -0.0667458 0.00301165)
(-0.315793 -0.0593876 0.00275672)
(-0.288575 -0.0529341 0.0025191)
(-0.263223 -0.0472631 0.00229771)
(-0.141792 -1.01976 0.00123746)
(-0.290147 -0.799401 0.00253209)
(-0.434109 -0.579301 0.00378789)
(-0.562405 -0.471486 0.00490743)
(-0.686831 -0.469188 0.00599393)
(-0.787126 -0.489396 0.00686941)
(-0.865104 -0.522288 0.00755018)
(-0.92488 -0.527923 0.00807178)
(-0.953069 -0.521647 0.00831768)
(-0.967558 -0.495927 0.00844467)
(-0.959172 -0.46497 0.00837177)
(-0.944437 -0.427098 0.00824332)
(-0.915074 -0.389319 0.00798719)
(-0.881108 -0.351674 0.00769079)
(-0.841934 -0.316463 0.00734893)
(-0.799939 -0.283746 0.00698242)
(-0.756578 -0.253978 0.00660399)
(-0.712786 -0.227063 0.0062218)
(-0.66933 -0.202859 0.00584253)
(-0.626793 -0.18117 0.00547127)
(-0.585551 -0.161785 0.00511131)
(-0.545844 -0.144496 0.00476473)
(-0.507853 -0.129103 0.00443312)
(-0.471647 -0.115419 0.0041171)
(-0.437272 -0.103268 0.00381706)
(-0.404717 -0.0924894 0.00353291)
(-0.373952 -0.0829298 0.00326438)
(-0.344923 -0.0744512 0.00301099)
(-0.317572 -0.0669268 0.00277223)
(-0.291828 -0.0602422 0.00254747)
(-0.267624 -0.0542942 0.00233612)
(-0.0874789 -0.645118 0.000763458)
(-0.186109 -0.481945 0.00162417)
(-0.274134 -0.309117 0.00239197)
(-0.353252 -0.21176 0.00308217)
(-0.439058 -0.197624 0.00383161)
(-0.525507 -0.219552 0.00458626)
(-0.60535 -0.26289 0.00528333)
(-0.679352 -0.296667 0.00592897)
(-0.73067 -0.323002 0.00637645)
(-0.768949 -0.332916 0.00671102)
(-0.786035 -0.334148 0.00686043)
(-0.793307 -0.325106 0.00692408)
(-0.785105 -0.310887 0.00685264)
(-0.769434 -0.292918 0.00671594)
(-0.746708 -0.273141 0.00651767)
(-0.719015 -0.252736 0.006276)
(-0.688179 -0.232447 0.0060069)
(-0.655269 -0.212865 0.00571968)
(-0.621271 -0.194232 0.00542298)
(-0.586941 -0.176766 0.00512336)
(-0.552804 -0.160548 0.00482541)
(-0.519234 -0.145616 0.00453241)
(-0.486529 -0.131955 0.00424696)
(-0.454863 -0.119522 0.00397056)
(-0.424372 -0.108252 0.00370442)
(-0.395126 -0.0980694 0.00344916)
(-0.367166 -0.0888893 0.00320512)
(-0.340501 -0.0806244 0.00297237)
(-0.315127 -0.0731866 0.00275086)
(-0.291021 -0.0664911 0.00254041)
(-0.268157 -0.060457 0.00234076)
(-0.0729667 -0.0999046 0.000636903)
(-0.155058 -0.00723285 0.00135347)
(-0.234084 0.105293 0.00204276)
(-0.306014 0.162027 0.00267036)
(-0.380439 0.147192 0.00331982)
(-0.447492 0.0922788 0.00390517)
(-0.513769 0.0197089 0.00448467)
(-0.573366 -0.0533962 0.00500438)
(-0.618709 -0.116223 0.00539951)
(-0.652747 -0.16492 0.0056969)
(-0.672661 -0.200331 0.00587091)
(-0.684933 -0.219811 0.00597816)
(-0.684828 -0.228587 0.00597737)
(-0.678087 -0.229537 0.0059186)
(-0.664873 -0.224723 0.00580333)
(-0.646668 -0.216413 0.00564447)
(-0.624897 -0.205665 0.00545448)
(-0.600459 -0.193644 0.00524121)
(-0.574194 -0.180942 0.005012)
(-0.546845 -0.168118 0.00477332)
(-0.518929 -0.155509 0.00452968)
(-0.490861 -0.14337 0.00428471)
(-0.462985 -0.131853 0.0040414)
(-0.435534 -0.121051 0.0038018)
(-0.408704 -0.111006 0.00356762)
(-0.382624 -0.101728 0.00334)
(-0.35739 -0.0932005 0.00311976)
(-0.333064 -0.0853907 0.00290743)
(-0.309684 -0.0782524 0.00270333)
(-0.287269 -0.0717327 0.00250764)
(-0.265828 -0.0657759 0.00232042)
(-0.0448624 0.121653 0.000391611)
(-0.0988815 0.19265 0.000863193)
(-0.149363 0.291112 0.00130367)
(-0.201554 0.347546 0.00175908)
(-0.256784 0.33412 0.002241)
(-0.317231 0.278556 0.00276852)
(-0.376397 0.198252 0.00328485)
(-0.432485 0.112304 0.00377422)
(-0.48136 0.0359249 0.00420095)
(-0.521186 -0.0311421 0.00454869)
(-0.552191 -0.0849616 0.00481944)
(-0.574175 -0.123096 0.00501143)
(-0.585647 -0.14897 0.00511166)
(-0.589599 -0.165287 0.00514622)
(-0.586425 -0.173676 0.00511858)
(-0.577636 -0.176533 0.00504189)
(-0.564351 -0.175015 0.00492597)
(-0.547671 -0.170541 0.00478042)
(-0.528366 -0.163945 0.00461195)
(-0.507275 -0.156022 0.00442789)
(-0.484941 -0.147323 0.00423297)
(-0.461841 -0.13829 0.00403137)
(-0.438366 -0.129228 0.00382647)
(-0.414796 -0.120354 0.00362076)
(-0.391375 -0.11181 0.00341633)
(-0.368275 -0.103688 0.00321473)
(-0.345638 -0.0960397 0.00301716)
(-0.323566 -0.0888867 0.00282451)
(-0.302137 -0.0822267 0.00263744)
(-0.281402 -0.0760411 0.00245642)
(-0.261402 -0.0703011 0.00228178)
(-0.0389446 0.381137 0.000339943)
(-0.0851089 0.424474 0.00074294)
(-0.127813 0.499847 0.00111561)
(-0.167512 0.545648 0.00146209)
(-0.211826 0.533713 0.00184883)
(-0.261285 0.476219 0.00228047)
(-0.312384 0.388186 0.00272633)
(-0.362755 0.289431 0.00316581)
(-0.407671 0.192923 0.00355797)
(-0.444559 0.105918 0.00387997)
(-0.474737 0.0329442 0.00414344)
(-0.497687 -0.0246455 0.00434383)
(-0.512028 -0.0678693 0.00446908)
(-0.519952 -0.0993158 0.0045383)
(-0.521573 -0.120588 0.00455251)
(-0.51818 -0.134232 0.00452292)
(-0.510442 -0.141706 0.00445539)
(-0.499357 -0.144652 0.00435867)
(-0.48544 -0.144167 0.00423723)
(-0.46945 -0.14124 0.00409769)
(-0.451844 -0.136611 0.00394404)
(-0.433071 -0.130878 0.00378021)
(-0.413511 -0.124484 0.0036095)
(-0.393455 -0.117755 0.00343445)
(-0.373161 -0.110925 0.00325733)
(-0.352831 -0.10416 0.00307989)
(-0.332632 -0.0975759 0.00290361)
(-0.3127 -0.0912473 0.00272964)
(-0.293143 -0.0852159 0.00255892)
(-0.27404 -0.0794983 0.00239214)
(-0.255458 -0.0740935 0.00222989)
(-0.0283943 0.537343 0.000247792)
(-0.0652816 0.562682 0.00056974)
(-0.0978213 0.619376 0.000853729)
(-0.127744 0.660797 0.00111496)
(-0.160706 0.654011 0.00140267)
(-0.19793 0.603157 0.00172757)
(-0.239967 0.517848 0.0020944)
(-0.282953 0.416719 0.00246941)
(-0.325 0.312451 0.0028365)
(-0.361395 0.215487 0.00315413)
(-0.393908 0.130876 0.00343795)
(-0.420356 0.0609351 0.00366886)
(-0.439524 0.00563972 0.00383623)
(-0.452945 -0.0371883 0.00395343)
(-0.460063 -0.0688997 0.00401561)
(-0.462268 -0.0917782 0.00403488)
(-0.459844 -0.107301 0.00401374)
(-0.453899 -0.117132 0.00396187)
(-0.44481 -0.122487 0.00388256)
(-0.43334 -0.124463 0.00378248)
(-0.419912 -0.123923 0.0036653)
(-0.404979 -0.12158 0.00353498)
(-0.388921 -0.117981 0.00339483)
(-0.372036 -0.113547 0.00324746)
(-0.354596 -0.108589 0.00309525)
(-0.336816 -0.103338 0.00294008)
(-0.318887 -0.0979669 0.00278361)
(-0.300964 -0.0926006 0.00262718)
(-0.283181 -0.0873232 0.00247195)
(-0.26564 -0.0821863 0.00231881)
(-0.24843 -0.0772174 0.00216854)
(-0.0234762 0.693058 0.000204914)
(-0.0558855 0.709109 0.000487958)
(-0.0849792 0.749532 0.000741443)
(-0.112287 0.780325 0.000979879)
(-0.138712 0.772696 0.0012107)
(-0.16861 0.723623 0.00147167)
(-0.202725 0.639971 0.00176937)
(-0.238641 0.537414 0.00208268)
(-0.27546 0.427771 0.00240412)
(-0.308636 0.322741 0.00269365)
(-0.339478 0.227723 0.00296289)
(-0.365446 0.146357 0.00318961)
(-0.385211 0.0791029 0.00336218)
(-0.400114 0.0250996 0.00349232)
(-0.409437 -0.0168767 0.00357373)
(-0.414524 -0.0486842 0.00361814)
(-0.415357 -0.071955 0.00362542)
(-0.412954 -0.0884053 0.00360446)
(-0.407485 -0.0994108 0.00355675)
(-0.399608 -0.106184 0.00348802)
(-0.389649 -0.109702 0.00340112)
(-0.377999 -0.110775 0.00329945)
(-0.365 -0.11004 0.00318601)
(-0.350934 -0.107996 0.00306325)
(-0.336066 -0.105019 0.00293349)
(-0.320614 -0.1014 0.00279863)
(-0.304775 -0.0973592 0.00266041)
(-0.288723 -0.0930667 0.00252031)
(-0.272605 -0.0886465 0.00237962)
(-0.256544 -0.0841845 0.0022394)
(-0.240645 -0.0797364 0.00210058)
(-0.0179526 0.800719 0.000156698)
(-0.0445549 0.811217 0.000389043)
(-0.0674702 0.840351 0.000588911)
(-0.0911809 0.864389 0.000795959)
(-0.111971 0.855906 0.000977287)
(-0.137804 0.810932 0.00120278)
(-0.165662 0.73104 0.00144587)
(-0.196468 0.630816 0.00171459)
(-0.229042 0.519771 0.001999)
(-0.258914 0.41073 0.00225969)
(-0.288096 0.30903 0.00251444)
(-0.313418 0.219796 0.00273552)
(-0.33391 0.143961 0.00291443)
(-0.350513 0.0816625 0.00305939)
(-0.362233 0.0317718 0.00316172)
(-0.370224 -0.00727017 0.00323148)
(-0.374183 -0.0371333 0.00326603)
(-0.374994 -0.0594502 0.00327312)
(-0.372728 -0.0756359 0.00325336)
(-0.367984 -0.0869318 0.00321197)
(-0.361042 -0.0943699 0.0031514)
(-0.35226 -0.098812 0.00307477)
(-0.341955 -0.10095 0.00298484)
(-0.330393 -0.10134 0.00288393)
(-0.317833 -0.100415 0.00277432)
(-0.30449 -0.0985101 0.00265788)
(-0.290567 -0.0958881 0.00253638)
(-0.276242 -0.0927572 0.00241135)
(-0.261676 -0.0892779 0.00228421)
(-0.247005 -0.0855683 0.00215613)
(-0.23235 -0.0817117 0.00202816)
(-0.0151433 0.899546 0.000132178)
(-0.0385136 0.906609 0.000336323)
(-0.0593369 0.929585 0.000518111)
(-0.0816261 0.946737 0.000712716)
(-0.0993986 0.936689 0.000867542)
(-0.121296 0.892955 0.00105868)
(-0.144115 0.815222 0.00125778)
(-0.169681 0.716313 0.00148079)
(-0.197437 0.604356 0.00172317)
(-0.223262 0.492253 0.00194855)
(-0.249614 0.385278 0.0021786)
(-0.273112 0.28958 0.00238375)
(-0.292989 0.206309 0.00255727)
(-0.309809 0.136635 0.00270412)
(-0.322518 0.0794647 0.00281507)
(-0.332033 0.0336717 0.00289813)
(-0.337947 -0.00239116 0.00294975)
(-0.340972 -0.0302635 0.00297616)
(-0.341093 -0.0513786 0.00297723)
(-0.338805 -0.0670068 0.00295727)
(-0.334327 -0.0782346 0.00291821)
(-0.327959 -0.0859728 0.00286264)
(-0.31997 -0.0909588 0.00279293)
(-0.310601 -0.0937956 0.00271116)
(-0.30009 -0.094957 0.00261943)
(-0.288644 -0.0948194 0.00251955)
(-0.276461 -0.093679 0.00241323)
(-0.26372 -0.0917765 0.00230203)
(-0.25059 -0.0893037 0.00218743)
(-0.237216 -0.0864089 0.00207068)
(-0.223729 -0.0832017 0.00195291)
(-0.0122843 0.977505 0.000107223)
(-0.0331233 0.984779 0.000289242)
(-0.0514389 1.00259 0.000449185)
(-0.0720966 1.01364 0.000629523)
(-0.0871226 0.99969 0.000760285)
(-0.106008 0.957047 0.000925135)
(-0.124808 0.881316 0.00108921)
(-0.146201 0.784527 0.00127584)
(-0.169844 0.673432 0.00148232)
(-0.192256 0.560255 0.00167792)
(-0.216028 0.450319 0.00188546)
(-0.237695 0.350367 0.00207462)
(-0.256873 0.2618 0.00224204)
(-0.273549 0.18655 0.00238762)
(-0.286954 0.123664 0.00250464)
(-0.297578 0.0723713 0.00259737)
(-0.305058 0.0310738 0.00266266)
(-0.309878 -0.00165209 0.00270474)
(-0.311987 -0.0272109 0.00272316)
(-0.311762 -0.0468393 0.00272121)
(-0.309375 -0.061636 0.00270039)
(-0.305076 -0.0725347 0.00266288)
(-0.299098 -0.0802981 0.00261072)
(-0.291653 -0.0855558 0.00254575)
(-0.282958 -0.0888099 0.00246987)
(-0.27321 -0.0904659 0.00238481)
(-0.262599 -0.0908476 0.00229221)
(-0.251303 -0.0902211 0.00219363)
(-0.239493 -0.0888047 0.00209055)
(-0.227322 -0.0867734 0.0019843)
(-0.214928 -0.0842618 0.00187608)
(-0.0107769 1.04822 9.40617e-05)
(-0.0274235 1.05748 0.000239469)
(-0.0439936 1.07343 0.000384117)
(-0.0622 1.07805 0.000542974)
(-0.0762802 1.06021 0.000665725)
(-0.0913553 1.01661 0.000797305)
(-0.107081 0.941727 0.000934352)
(-0.12701 0.846158 0.00110827)
(-0.146988 0.735583 0.00128281)
(-0.166582 0.621371 0.00145383)
(-0.187711 0.509433 0.00163832)
(-0.207443 0.406262 0.00181058)
(-0.225621 0.313389 0.00196926)
(-0.24179 0.2335 0.0021104)
(-0.255465 0.165684 0.00222977)
(-0.266761 0.109558 0.00232837)
(-0.275379 0.0635694 0.0024036)
(-0.281575 0.0264402 0.00245768)
(-0.285289 -0.0032117 0.00249012)
(-0.286775 -0.0265826 0.0025031)
(-0.286153 -0.044759 0.00249769)
(-0.283621 -0.058686 0.0024756)
(-0.27938 -0.0691444 0.0024386)
(-0.273615 -0.0767809 0.00238829)
(-0.266521 -0.0821149 0.00232639)
(-0.258284 -0.0855726 0.00225451)
(-0.249086 -0.0874989 0.00217424)
(-0.2391 -0.0881802 0.0020871)
(-0.228497 -0.087856 0.00199456)
(-0.217434 -0.0867248 0.00189798)
(-0.206056 -0.0849442 0.00179862)
(-0.00910326 1.10332 7.947e-05)
(-0.0219633 1.11225 0.000191771)
(-0.0344872 1.12793 0.000301105)
(-0.0494267 1.12939 0.00043146)
(-0.0615471 1.10886 0.000537061)
(-0.074884 1.06388 0.000653434)
(-0.0879099 0.990916 0.000767177)
(-0.103858 0.897674 0.000906431)
(-0.121058 0.788194 0.00105649)
(-0.140446 0.674056 0.00122574)
(-0.159596 0.561151 0.00139295)
(-0.178442 0.45581 0.00155747)
(-0.196214 0.359979 0.0017126)
(-0.212151 0.276571 0.00185171)
(-0.226319 0.204894 0.00197538)
(-0.238299 0.144775 0.00207995)
(-0.248004 0.0947983 0.00216466)
(-0.255454 0.0537952 0.00222969)
(-0.260602 0.0204501 0.00227463)
(-0.263601 -0.0063841 0.00230082)
(-0.264528 -0.0277504 0.00230892)
(-0.263537 -0.0445755 0.00230029)
(-0.260809 -0.057642 0.00227649)
(-0.256514 -0.0676054 0.00223901)
(-0.250831 -0.074995 0.00218942)
(-0.243933 -0.0802491 0.00212923)
(-0.235997 -0.0837286 0.00205998)
(-0.227191 -0.0857358 0.00198314)
(-0.217685 -0.0865275 0.00190018)
(-0.207638 -0.086322 0.00181247)
(-0.197199 -0.0852984 0.0017213)
(-0.00788646 1.15118 6.88465e-05)
(-0.018181 1.1572 0.000158746)
(-0.0275554 1.17211 0.00024057)
(-0.0388956 1.17232 0.000339536)
(-0.0486825 1.15041 0.000424809)
(-0.0601914 1.10373 0.000525162)
(-0.0713047 1.0328 0.000622252)
(-0.0851048 0.941477 0.000742817)
(-0.0998777 0.834519 0.000871643)
(-0.11738 0.721443 0.00102447)
(-0.134717 0.608141 0.00117584)
(-0.152497 0.50122 0.00133104)
(-0.169763 0.403265 0.00148175)
(-0.185539 0.316979 0.00161944)
(-0.20008 0.242123 0.00174635)
(-0.212649 0.178545 0.00185607)
(-0.223247 0.125042 0.00194857)
(-0.231732 0.0805282 0.00202263)
(-0.238058 0.0437755 0.00207785)
(-0.242307 0.0136938 0.00211495)
(-0.244532 -0.0107082 0.00213438)
(-0.244849 -0.0303213 0.00213716)
(-0.243413 -0.0459147 0.00212464)
(-0.240384 -0.0581485 0.00209821)
(-0.235928 -0.0675598 0.00205933)
(-0.230207 -0.0745946 0.00200941)
(-0.223389 -0.0796241 0.00194992)
(-0.215639 -0.0829638 0.00188229)
(-0.207123 -0.0848841 0.00180797)
(-0.198001 -0.0856203 0.00172834)
(-0.188425 -0.0853704 0.00164471)
(-0.00667917 1.19014 5.8297e-05)
(-0.015252 1.19237 0.000133168)
(-0.0224704 1.20442 0.000196166)
(-0.0305736 1.20377 0.000266879)
(-0.0374473 1.18259 0.000326797)
(-0.0470634 1.13639 0.00041066)
(-0.0561519 1.06702 0.00049002)
(-0.0683181 0.977403 0.000596317)
(-0.0807984 0.873366 0.000705159)
(-0.0966049 0.761936 0.00084319)
(-0.112389 0.649386 0.000980994)
(-0.129209 0.542026 0.0011278)
(-0.146083 0.442908 0.00127507)
(-0.161706 0.354605 0.00141142)
(-0.176559 0.277244 0.00154106)
(-0.189596 0.210757 0.00165485)
(-0.200902 0.154168 0.00175353)
(-0.210219 0.106492 0.00183484)
(-0.217499 0.0666126 0.00189839)
(-0.222775 0.0335058 0.00194445)
(-0.226079 0.00623748 0.0019733)
(-0.227501 -0.0160437 0.00198573)
(-0.227167 -0.034078 0.00198282)
(-0.225224 -0.0485193 0.00196588)
(-0.221829 -0.0599096 0.00193625)
(-0.217134 -0.0686994 0.00189529)
(-0.211299 -0.0752662 0.00184438)
(-0.204487 -0.0799346 0.00178494)
(-0.196859 -0.0829865 0.00171836)
(-0.188574 -0.0846711 0.00164604)
(-0.179787 -0.0852038 0.0015693)
(-0.0056643 1.22431 4.94386e-05)
(-0.0131553 1.22298 0.000114908)
(-0.0192663 1.23146 0.000168125)
(-0.0253123 1.2281 0.000220936)
(-0.0299936 1.207 0.000261787)
(-0.0370875 1.16191 0.000323678)
(-0.0439069 1.09485 0.00038322)
(-0.054187 1.00749 0.000473034)
(-0.0648038 0.906427 0.000565613)
(-0.0789023 0.796953 0.000688719)
(-0.0933519 0.686126 0.000814859)
(-0.109275 0.579069 0.000953822)
(-0.125648 0.479585 0.00109671)
(-0.141057 0.389855 0.00123119)
(-0.156015 0.310519 0.00136174)
(-0.169314 0.241545 0.00147782)
(-0.181074 0.182219 0.00158045)
(-0.190969 0.131665 0.00166682)
(-0.198949 0.0888973 0.00173647)
(-0.20501 0.0529642 0.00178938)
(-0.209166 0.022989 0.00182567)
(-0.211488 -0.00183974 0.00184595)
(-0.21207 -0.0222289 0.00185104)
(-0.21104 -0.0388129 0.00184206)
(-0.208545 -0.0521337 0.0018203)
(-0.204733 -0.0626454 0.00178704)
(-0.199754 -0.0707282 0.00174359)
(-0.193765 -0.0767129 0.00169134)
(-0.186927 -0.0808907 0.00163167)
(-0.179396 -0.0835222 0.00156593)
(-0.171327 -0.0848387 0.00149545)
(-0.00483101 1.25271 4.21735e-05)
(-0.0111567 1.24888 9.74521e-05)
(-0.0169532 1.25356 0.000148006)
(-0.0217298 1.24756 0.000189636)
(-0.0258579 1.22575 0.000225776)
(-0.0301703 1.18113 0.000263365)
(-0.0354034 1.11664 0.000309066)
(-0.0435148 1.03197 0.000379938)
(-0.052188 0.934337 0.000455539)
(-0.064852 0.827468 0.000566106)
(-0.0778376 0.718939 0.000679457)
(-0.0928943 0.61284 0.000810855)
(-0.108525 0.513497 0.000947268)
(-0.123545 0.422817 0.00107834)
(-0.138304 0.341918 0.00120716)
(-0.151616 0.270827 0.00132335)
(-0.163572 0.209088 0.00142769)
(-0.173808 0.155938 0.00151703)
(-0.182261 0.110524 0.00159081)
(-0.188898 0.0719654 0.00164875)
(-0.193711 0.0394465 0.00169076)
(-0.196748 0.0121973 0.00171728)
(-0.198079 -0.0104537 0.00172891)
(-0.197808 -0.0291134 0.00172656)
(-0.196071 -0.0443124 0.0017114)
(-0.193008 -0.0565065 0.00168469)
(-0.188765 -0.0660771 0.00164768)
(-0.183495 -0.0733581 0.00160169)
(-0.177354 -0.0786481 0.0015481)
(-0.170497 -0.0822177 0.00148824)
(-0.163077 -0.0843123 0.00142344)
(-0.00407729 1.27737 3.55965e-05)
(-0.00990911 1.27272 8.65534e-05)
(-0.0153331 1.27347 0.000133947)
(-0.0197011 1.26501 0.000172019)
(-0.0230353 1.2409 0.000201182)
(-0.0263731 1.19624 0.000230247)
(-0.03028 1.13333 0.000264377)
(-0.0369356 1.0516 0.000322543)
(-0.04392 0.95744 0.000383395)
(-0.0551087 0.853742 0.000481078)
(-0.0665014 0.747929 0.00058052)
(-0.0804306 0.643285 0.000702076)
(-0.0949839 0.544585 0.000829082)
(-0.109302 0.453426 0.000954033)
(-0.123517 0.371381 0.0010781)
(-0.136548 0.298535 0.00119183)
(-0.148418 0.234704 0.00129543)
(-0.15874 0.179235 0.00138551)
(-0.167432 0.131409 0.00146138)
(-0.174433 0.0904227 0.00152249)
(-0.179703 0.0555216 0.0015685)
(-0.183272 0.025981 0.00159965)
(-0.185182 0.00116598 0.00161634)
(-0.18552 -0.0194981 0.0016193)
(-0.184401 -0.0365195 0.00160954)
(-0.181961 -0.0503508 0.00158826)
(-0.178342 -0.0613743 0.00155668)
(-0.173689 -0.0699247 0.00151609)
(-0.168158 -0.076306 0.00146782)
(-0.161899 -0.0807979 0.00141319)
(-0.155065 -0.0836585 0.0013535)
(-0.00364406 1.29884 3.1819e-05)
(-0.00863285 1.29399 7.54076e-05)
(-0.0141113 1.29212 0.000123316)
(-0.0184159 1.28038 0.000160841)
(-0.0214607 1.25466 0.000187451)
(-0.0242189 1.20954 0.000211466)
(-0.0273057 1.14783 0.000238417)
(-0.0331417 1.06853 0.000289433)
(-0.038948 0.977334 0.000339994)
(-0.0489791 0.876735 0.000427573)
(-0.0588969 0.773662 0.000514143)
(-0.0716023 0.670753 0.000625021)
(-0.0847653 0.572971 0.000739895)
(-0.0981492 0.481689 0.000856688)
(-0.111491 0.398838 0.000973127)
(-0.123966 0.324571 0.001082)
(-0.135476 0.258954 0.00118246)
(-0.145642 0.201444 0.00127119)
(-0.154351 0.151445 0.00134721)
(-0.161515 0.108233 0.00140974)
(-0.16706 0.0711167 0.00145815)
(-0.170992 0.0394206 0.00149247)
(-0.173328 0.012548 0.00151287)
(-0.174137 -0.0100401 0.00151993)
(-0.17351 -0.0288228 0.00151448)
(-0.171579 -0.0442408 0.00149763)
(-0.168479 -0.0566757 0.00147059)
(-0.164352 -0.066462 0.00143458)
(-0.159348 -0.0739072 0.00139092)
(-0.153618 -0.0792992 0.00134091)
(-0.147311 -0.0829076 0.00128582)
(-0.00322598 1.31794 2.81658e-05)
(-0.0072852 1.3136 6.3651e-05)
(-0.0127501 1.31005 0.000111395)
(-0.0168413 1.2961 0.000147094)
(-0.0207959 1.26737 0.000181539)
(-0.0237777 1.22149 0.000207457)
(-0.027327 1.16095 0.000238663)
(-0.0312132 1.0837 0.000272639)
(-0.0365858 0.995259 0.000319381)
(-0.0454978 0.897577 0.000397193)
(-0.0541311 0.796786 0.000472552)
(-0.0655606 0.695534 0.000572296)
(-0.0772296 0.598762 0.000674132)
(-0.0894761 0.507568 0.000780994)
(-0.101729 0.424216 0.000887926)
(-0.113453 0.348854 0.00099025)
(-0.124412 0.281761 0.0010859)
(-0.134258 0.222496 0.00117183)
(-0.14283 0.170568 0.00124665)
(-0.150009 0.125334 0.00130931)
(-0.155686 0.0861679 0.00135887)
(-0.159841 0.0524503 0.00139514)
(-0.162469 0.0236282 0.00141808)
(-0.163622 -0.000800038 0.00142815)
(-0.163375 -0.02128 0.00142601)
(-0.161846 -0.0382306 0.00141268)
(-0.159169 -0.0520308 0.00138933)
(-0.155483 -0.0630139 0.00135716)
(-0.150933 -0.0714896 0.00131746)
(-0.145667 -0.0777537 0.0012715)
(-0.139832 -0.0820864 0.00122054)
(-0.00276027 1.33382 2.41089e-05)
(-0.00605517 1.32997 5.28982e-05)
(-0.0107854 1.32644 9.42274e-05)
(-0.0147998 1.31167 0.000129271)
(-0.0191189 1.28101 0.000166891)
(-0.0227291 1.23431 0.000198297)
(-0.0267826 1.17363 0.000233757)
(-0.0313499 1.0975 0.000273651)
(-0.036576 1.01134 0.000319317)
(-0.0432745 0.916068 0.000377808)
(-0.0508934 0.817276 0.000444313)
(-0.0608579 0.717694 0.000531271)
(-0.0710488 0.62196 0.000620202)
(-0.0822526 0.531143 0.000717962)
(-0.093397 0.447558 0.000815216)
(-0.104412 0.371425 0.000911348)
(-0.114792 0.303152 0.00100193)
(-0.124283 0.242397 0.00108478)
(-0.132649 0.188765 0.00115779)
(-0.139756 0.141697 0.00121983)
(-0.145461 0.100634 0.00126963)
(-0.149729 0.0650205 0.00130688)
(-0.152537 0.0343521 0.00133139)
(-0.153926 0.00816863 0.00134352)
(-0.153957 -0.0139409 0.0013438)
(-0.152739 -0.0323676 0.00133318)
(-0.1504 -0.0474824 0.00131278)
(-0.147077 -0.0596183 0.00128379)
(-0.142914 -0.0690862 0.00124746)
(-0.138056 -0.0761888 0.00120506)
(-0.132644 -0.0812176 0.00115779)
(-0.00243125 1.34739 2.12358e-05)
(-0.00506124 1.34366 4.42137e-05)
(-0.00921431 1.34054 8.04895e-05)
(-0.0123111 1.32554 0.000107527)
(-0.0165958 1.29502 0.000144881)
(-0.0200572 1.24845 0.000175017)
(-0.0246084 1.18708 0.000214743)
(-0.0291808 1.11156 0.000254655)
(-0.03444 1.02638 0.000300705)
(-0.040451 0.932722 0.000353193)
(-0.0474572 0.835721 0.000414349)
(-0.0565313 0.737796 0.000493531)
(-0.0656966 0.643059 0.000573508)
(-0.0760624 0.552839 0.000663951)
(-0.0863227 0.469193 0.000753485)
(-0.0967012 0.392536 0.000844054)
(-0.10653 0.323298 0.000929837)
(-0.115646 0.261259 0.0010094)
(-0.123746 0.206098 0.00108009)
(-0.130695 0.157341 0.00114074)
(-0.13633 0.114506 0.00118993)
(-0.140606 0.077103 0.00122725)
(-0.143489 0.0446814 0.00125242)
(-0.145011 0.0168241 0.00126571)
(-0.145228 -0.00684666 0.00126761)
(-0.144235 -0.026691 0.00125895)
(-0.142157 -0.0430671 0.00124083)
(-0.139131 -0.0563074 0.00121443)
(-0.135295 -0.0667242 0.00118096)
(-0.130793 -0.0746275 0.00114166)
(-0.125761 -0.0803198 0.00109772)
(-0.00214354 1.35905 1.87206e-05)
(-0.00448814 1.35528 3.92094e-05)
(-0.0080698 1.35205 7.0488e-05)
(-0.0109292 1.33685 9.54332e-05)
(-0.0147515 1.30629 0.000128792)
(-0.0174186 1.26027 0.000152049)
(-0.0217293 1.19935 0.000189661)
(-0.0259802 1.12492 0.000226743)
(-0.0312327 1.04052 0.000272741)
(-0.0370159 0.948319 0.000323236)
(-0.0436865 0.852781 0.000381455)
(-0.0523446 0.756305 0.000457004)
(-0.0608293 0.662525 0.000531037)
(-0.07066 0.572922 0.000616808)
(-0.0802764 0.489337 0.000700719)
(-0.0901487 0.412312 0.000786869)
(-0.0994877 0.342274 0.000868373)
(-0.10822 0.279104 0.000944581)
(-0.116006 0.222553 0.00101254)
(-0.122724 0.172234 0.00107117)
(-0.128202 0.127741 0.00111898)
(-0.132394 0.0886516 0.00115558)
(-0.13526 0.0545699 0.00118059)
(-0.136828 0.0251223 0.00119429)
(-0.137148 -3.61262e-05 0.00119709)
(-0.136307 -0.0212353 0.00118976)
(-0.134425 -0.0388152 0.00117334)
(-0.131636 -0.0531071 0.00114901)
(-0.128078 -0.0644254 0.00111796)
(-0.123889 -0.0730873 0.00108139)
(-0.119201 -0.0794071 0.00104045)
(-0.00181177 1.36974 1.58167e-05)
(-0.00395441 1.36593 3.45628e-05)
(-0.00698819 1.36328 6.10226e-05)
(-0.00980529 1.34802 8.56008e-05)
(-0.0134886 1.31699 0.000117785)
(-0.0158256 1.27104 0.000138191)
(-0.0196999 1.21081 0.000172003)
(-0.0234883 1.13748 0.000205034)
(-0.0284472 1.05414 0.000248454)
(-0.0339966 0.963404 0.000296893)
(-0.0404053 0.869121 0.000352817)
(-0.048743 0.773972 0.000425566)
(-0.0567756 0.681016 0.000495652)
(-0.0661811 0.591962 0.000577713)
(-0.0752851 0.508424 0.000657153)
(-0.084695 0.431057 0.000739269)
(-0.0935647 0.360275 0.000816677)
(-0.101889 0.296044 0.00088933)
(-0.109314 0.238184 0.000954125)
(-0.115735 0.186394 0.00101017)
(-0.120983 0.140334 0.00105597)
(-0.125015 0.0996494 0.00109117)
(-0.127789 0.0639935 0.00111538)
(-0.12933 0.0330356 0.00112884)
(-0.129683 0.00646299 0.00113192)
(-0.128931 -0.0160256 0.00112537)
(-0.127189 -0.0347489 0.00111017)
(-0.12459 -0.0500362 0.0010875)
(-0.121267 -0.0622051 0.00105851)
(-0.117355 -0.0715806 0.00102436)
(-0.112981 -0.0784891 0.000986157)
(-0.00158306 1.37834 1.38256e-05)
(-0.00358368 1.37448 3.13125e-05)
(-0.00607895 1.37255 5.31068e-05)
(-0.00909821 1.35793 7.94774e-05)
(-0.0127976 1.32647 0.000111762)
(-0.0151951 1.28041 0.000132709)
(-0.0189645 1.22047 0.000165626)
(-0.0224304 1.14834 0.000195826)
(-0.0269526 1.06627 0.000235421)
(-0.0321355 0.97718 0.000280645)
(-0.0381433 0.884257 0.00033306)
(-0.046121 0.790444 0.000402663)
(-0.0537366 0.698343 0.00046911)
(-0.0627166 0.609858 0.000547463)
(-0.0713374 0.526402 0.000622691)
(-0.0802742 0.448738 0.00070068)
(-0.0886625 0.377271 0.00077389)
(-0.0965408 0.312051 0.000842647)
(-0.103555 0.252968 0.00090386)
(-0.109624 0.199796 0.000956831)
(-0.114583 0.152262 0.00100011)
(-0.118394 0.110071 0.00103338)
(-0.121014 0.0729269 0.00105625)
(-0.122467 0.0405393 0.00106893)
(-0.122796 0.0126284 0.00107181)
(-0.122084 -0.0110803 0.00106561)
(-0.120438 -0.0308832 0.00105125)
(-0.117991 -0.0471064 0.0010299)
(-0.114872 -0.0600723 0.00100268)
(-0.111209 -0.0701139 0.000970716)
(-0.107124 -0.0775707 0.000935037)
(-0.00137684 1.387 1.2027e-05)
(-0.00330782 1.38316 2.89028e-05)
(-0.00548721 1.3816 4.79603e-05)
(-0.00829155 1.36808 7.24585e-05)
(-0.0119891 1.33713 0.000104689)
(-0.0148604 1.29101 0.000129781)
(-0.0188226 1.23082 0.000164398)
(-0.022212 1.15947 0.000193932)
(-0.0264687 1.07832 0.000231201)
(-0.0312346 0.990712 0.00027277)
(-0.0368468 0.89903 0.000321723)
(-0.0443632 0.806433 0.000387296)
(-0.0515438 0.7151 0.00044995)
(-0.0600487 0.627082 0.000524163)
(-0.0681999 0.543633 0.000595298)
(-0.0766517 0.465616 0.000669059)
(-0.0845629 0.393449 0.000738107)
(-0.0919823 0.327251 0.000802861)
(-0.0985694 0.266985 0.00086035)
(-0.104263 0.21249 0.000910038)
(-0.108901 0.163551 0.000950523)
(-0.112453 0.119928 0.000981528)
(-0.114877 0.0813692 0.00100268)
(-0.116197 0.0476265 0.00101421)
(-0.11646 0.0184512 0.00101651)
(-0.115749 -0.0064071 0.00101031)
(-0.114168 -0.0272242 0.000996516)
(-0.111845 -0.0443216 0.000976249)
(-0.108906 -0.0580288 0.000950608)
(-0.105473 -0.0686881 0.000920645)
(-0.101658 -0.0766526 0.00088733)
(-0.0013676 1.39387 1.1947e-05)
(-0.00322066 1.39025 2.81382e-05)
(-0.00544229 1.38922 4.75753e-05)
(-0.00815602 1.37687 7.12728e-05)
(-0.0118296 1.34683 0.000103255)
(-0.0150105 1.30108 0.000131042)
(-0.0193884 1.24033 0.000169302)
(-0.0230603 1.1694 0.000201326)
(-0.0273232 1.08913 0.000238646)
(-0.0317359 1.00285 0.000277126)
(-0.0369491 0.912458 0.000322593)
(-0.0439166 0.821102 0.000383378)
(-0.0506011 0.730604 0.000441707)
(-0.058522 0.643119 0.000510826)
(-0.0661145 0.559739 0.000577089)
(-0.0739778 0.481428 0.000645717)
(-0.0813376 0.408625 0.000709955)
(-0.0882381 0.341527 0.00077018)
(-0.0943489 0.280159 0.000823512)
(-0.099624 0.224426 0.000869551)
(-0.103903 0.174168 0.000906894)
(-0.107156 0.129195 0.000935289)
(-0.109344 0.0893039 0.000954391)
(-0.110496 0.0542856 0.000964449)
(-0.11066 0.0239241 0.000965886)
(-0.109922 -0.00200846 0.000959452)
(-0.108383 -0.0237705 0.000946022)
(-0.106166 -0.0416785 0.000926683)
(-0.103393 -0.0560706 0.000902483)
(-0.100175 -0.0672991 0.000874399)
(-0.0966164 -0.0757312 0.000843321)
(-0.0012391 1.40224 1.08213e-05)
(-0.00280703 1.39871 2.45365e-05)
(-0.00495282 1.39805 4.32949e-05)
(-0.00707862 1.38687 6.18222e-05)
(-0.010495 1.35817 9.1621e-05)
(-0.014246 1.31325 0.000124395)
(-0.0187872 1.25258 0.00016398)
(-0.0228117 1.18174 0.000199097)
(-0.0273821 1.10132 0.000239122)
(-0.0319125 1.01583 0.000278645)
(-0.0370215 0.926337 0.000323211)
(-0.0436371 0.83591 0.00038093)
(-0.0499293 0.746007 0.000435841)
(-0.0573164 0.658851 0.000500301)
(-0.0644244 0.575396 0.000562337)
(-0.0717399 0.496694 0.000626185)
(-0.0785934 0.42319 0.000686004)
(-0.0850064 0.355169 0.000741975)
(-0.0906713 0.292701 0.000791414)
(-0.095545 0.235751 0.00083395)
(-0.0994696 0.18421 0.000868203)
(-0.102419 0.137937 0.000893948)
(-0.104361 0.0967701 0.000910898)
(-0.10533 0.0605415 0.000919357)
(-0.105381 0.0290644 0.000919804)
(-0.104603 0.00212954 0.000913026)
(-0.103097 -0.0205096 0.000899881)
(-0.100978 -0.0391654 0.000881398)
(-0.0983619 -0.054187 0.000858568)
(-0.0953497 -0.0659382 0.000832279)
(-0.0920351 -0.0748004 0.000803334)
(-0.00127502 1.4074 1.11374e-05)
(-0.00267467 1.40406 2.33749e-05)
(-0.004646 1.40379 4.06076e-05)
(-0.00653878 1.3934 5.71093e-05)
(-0.00986888 1.36634 8.61612e-05)
(-0.0130144 1.32256 0.000113626)
(-0.0176943 1.26311 0.000154464)
(-0.0228976 1.1925 0.000199882)
(-0.0279048 1.11232 0.000243654)
(-0.0326111 1.02738 0.00028473)
(-0.0377986 0.938683 0.000329993)
(-0.0442309 0.849056 0.000386117)
(-0.0502158 0.759789 0.00043835)
(-0.0570612 0.673 0.000498081)
(-0.0636389 0.589585 0.000555487)
(-0.0703445 0.510618 0.00061401)
(-0.0766377 0.436559 0.000668936)
(-0.0825165 0.367756 0.000720243)
(-0.0876968 0.304317 0.000765454)
(-0.0921319 0.246268 0.00080416)
(-0.0956679 0.193549 0.000835021)
(-0.0982822 0.14607 0.00085784)
(-0.0999508 0.10372 0.000872405)
(-0.100716 0.0663713 0.000879088)
(-0.100641 0.0338664 0.000878431)
(-0.0998162 0.00601247 0.00087124)
(-0.0983381 -0.0174285 0.000858345)
(-0.096315 -0.0367671 0.000840693)
(-0.093851 -0.052364 0.000819192)
(-0.0910367 -0.0645939 0.000794631)
(-0.0879543 -0.0738521 0.000767715)
(-0.00113161 1.41555 9.88532e-06)
(-0.00226221 1.41158 1.97713e-05)
(-0.00380937 1.41164 3.32943e-05)
(-0.00532278 1.40258 4.64779e-05)
(-0.00831467 1.37681 7.25942e-05)
(-0.0112287 1.33456 9.80382e-05)
(-0.0157196 1.27619 0.000137252)
(-0.0209965 1.20622 0.000183305)
(-0.0262554 1.12672 0.000229238)
(-0.0314789 1.04199 0.000274845)
(-0.0370129 0.953458 0.000323142)
(-0.0435646 0.864029 0.000380314)
(-0.0495115 0.774874 0.000432217)
(-0.0561149 0.688019 0.000489835)
(-0.0624283 0.604308 0.000544931)
(-0.0687628 0.524809 0.000600212)
(-0.0746925 0.449992 0.000651963)
(-0.080194 0.380252 0.000699976)
(-0.0850075 0.315729 0.000741984)
(-0.0890854 0.256499 0.000777574)
(-0.0922888 0.202552 0.000805531)
(-0.0946059 0.153851 0.000825754)
(-0.096029 0.11033 0.000838176)
(-0.096613 0.0718971 0.000843276)
(-0.0964293 0.0384164 0.000841674)
(-0.0955724 0.00970347 0.000834199)
(-0.0941342 -0.014484 0.000821652)
(-0.0922132 -0.0344544 0.00080489)
(-0.0899017 -0.0505812 0.000784719)
(-0.0872784 -0.0632524 0.000761825)
(-0.0844143 -0.0728777 0.000736817)
(-0.00125623 1.4189 1.09719e-05)
(-0.00270352 1.41457 2.36166e-05)
(-0.00399984 1.41459 3.49514e-05)
(-0.00538473 1.40634 4.69993e-05)
(-0.00814967 1.38237 7.11462e-05)
(-0.0111305 1.3415 9.72255e-05)
(-0.0156261 1.28477 0.000136469)
(-0.021124 1.21583 0.000184431)
(-0.0266492 1.13723 0.000232675)
(-0.0320338 1.053 0.000279699)
(-0.0378654 0.964889 0.000330595)
(-0.0444005 0.875813 0.000387624)
(-0.0502821 0.786969 0.000438955)
(-0.0565661 0.700256 0.000493784)
(-0.0625483 0.616511 0.000545986)
(-0.0684287 0.536758 0.0005973)
(-0.0738939 0.461472 0.000644993)
(-0.0789099 0.391067 0.000688768)
(-0.0832516 0.325708 0.000726657)
(-0.0868754 0.265521 0.000758283)
(-0.0896639 0.210549 0.000782618)
(-0.0916217 0.160812 0.000799706)
(-0.0927587 0.116289 0.00080963)
(-0.0931391 0.0769233 0.000812953)
(-0.092838 0.0425982 0.000810327)
(-0.0919493 0.0131329 0.000802574)
(-0.0905531 -0.011699 0.000790392)
(-0.088731 -0.032222 0.000774492)
(-0.0865643 -0.0488238 0.000755585)
(-0.0841193 -0.0618995 0.000734248)
(-0.0814551 -0.0718683 0.000710988)
(-0.00114154 1.42886 9.96946e-06)
(-0.00246198 1.42316 2.15129e-05)
(-0.00374501 1.42227 3.2724e-05)
(-0.0046314 1.41515 4.04167e-05)
(-0.00680473 1.39314 5.94063e-05)
(-0.0095037 1.35459 8.30626e-05)
(-0.013505 1.29953 0.000117977)
(-0.0188657 1.23212 0.000164724)
(-0.0242311 1.15424 0.00021157)
(-0.0298266 1.07043 0.00026044)
(-0.0359666 0.982257 0.000314026)
(-0.0427246 0.892977 0.000373)
(-0.0488107 0.803756 0.000426117)
(-0.0551593 0.716492 0.000481508)
(-0.0611698 0.632048 0.000533958)
(-0.0669578 0.551428 0.000584464)
(-0.0722756 0.475105 0.000630872)
(-0.0770818 0.403532 0.000672817)
(-0.08118 0.336899 0.000708581)
(-0.0845396 0.275396 0.000737901)
(-0.0870792 0.219117 0.000760064)
(-0.0888233 0.168136 0.000775286)
(-0.0898019 0.122471 0.000783828)
(-0.090088 0.0820853 0.000786327)
(-0.0897615 0.0468722 0.000783479)
(-0.0888956 0.0166577 0.000775925)
(-0.0875716 -0.0088594 0.000764372)
(-0.085877 -0.0299709 0.000749584)
(-0.0838683 -0.0470555 0.000732054)
(-0.0815971 -0.0605315 0.000712233)
(-0.0791153 -0.070835 0.000690566)
(-0.00132627 1.431 1.15833e-05)
(-0.00295543 1.42532 2.58192e-05)
(-0.00383743 1.42376 3.35166e-05)
(-0.00497159 1.41632 4.33975e-05)
(-0.00711431 1.39545 6.21111e-05)
(-0.00999631 1.3584 8.73007e-05)
(-0.0142609 1.30506 0.000124542)
(-0.019812 1.23872 0.000172978)
(-0.0257567 1.16179 0.000224882)
(-0.0314549 1.07838 0.000274645)
(-0.0379092 0.990665 0.000330972)
(-0.0445673 0.901629 0.000389074)
(-0.0506756 0.812587 0.000442384)
(-0.0567926 0.725334 0.000495756)
(-0.0625294 0.640829 0.000545817)
(-0.0679156 0.560016 0.000592819)
(-0.0727788 0.483347 0.00063526)
(-0.0770753 0.411299 0.000672754)
(-0.0806671 0.344076 0.000704098)
(-0.0835428 0.28191 0.000729192)
(-0.0856625 0.224935 0.000747691)
(-0.0870681 0.173266 0.000759957)
(-0.0878023 0.126944 0.000766366)
(-0.0879343 0.0859497 0.00076752)
(-0.0875244 0.0501759 0.000763943)
(-0.0866798 0.0194333 0.000756574)
(-0.0854401 -0.00651032 0.000745758)
(-0.0838255 -0.027953 0.000731669)
(-0.0819208 -0.0453678 0.000715046)
(-0.0797789 -0.0591498 0.000696354)
(-0.0774386 -0.0697341 0.000675926)
(-0.00127699 1.44317 1.11449e-05)
(-0.00228121 1.43463 1.99018e-05)
(-0.00337524 1.43159 2.94748e-05)
(-0.00427714 1.42586 3.73412e-05)
(-0.00657525 1.40712 5.73912e-05)
(-0.00913277 1.37315 7.96575e-05)
(-0.0130358 1.32205 0.000113774)
(-0.0181122 1.25812 0.000158119)
(-0.0234279 1.18331 0.000204538)
(-0.0286865 1.10121 0.000250445)
(-0.0344826 1.01357 0.000301032)
(-0.0409738 0.92452 0.000357672)
(-0.0470776 0.834874 0.000410949)
(-0.053245 0.746839 0.000464772)
(-0.0590334 0.661183 0.000515293)
(-0.0644953 0.57905 0.000562962)
(-0.0694327 0.500839 0.000606056)
(-0.0738036 0.427141 0.000644204)
(-0.0774925 0.358202 0.000676398)
(-0.0804879 0.294338 0.000702539)
(-0.082767 0.235736 0.00072243)
(-0.0843634 0.182557 0.000736363)
(-0.085318 0.134866 0.000744697)
(-0.0856904 0.0926506 0.000747949)
(-0.0855461 0.0558042 0.000746695)
(-0.0849063 0.0241334 0.000741113)
(-0.0837739 -0.0026364 0.000731228)
(-0.0823306 -0.0248806 0.00071863)
(-0.0806435 -0.0429362 0.00070391)
(-0.0786708 -0.0572591 0.000686696)
(-0.0764781 -0.0682992 0.000667557)
(-0.0819869 -44.4632 -0.000657698)
(0.623852 -38.8033 0.0054389)
(0.880978 -33.5551 0.0076984)
(-0.694419 -25.863 -0.00606112)
(0.975614 -12.0149 0.00852606)
(-0.165789 -44.723 -0.00140174)
(-0.321702 -38.9503 -0.00282256)
(0.173777 -33.8985 0.00151044)
(-0.405414 -25.96 -0.00354694)
(0.710507 -11.6562 0.00621479)
(-0.650739 -44.9637 -0.00563975)
(-1.8848 -39.1368 -0.0164705)
(-0.137062 -34.1721 -0.00120954)
(-0.66279 -26.3114 -0.00579614)
(0.689259 -11.5803 0.0060248)
(-0.469061 -45.8105 -0.00407391)
(-1.79451 -39.0104 -0.0156857)
(-0.294963 -34.657 -0.0025913)
(-0.598488 -26.7536 -0.00523468)
(0.738949 -11.7318 0.00645658)
(0.113475 -46.151 0.000974304)
(-0.344401 -38.4696 -0.00302642)
(-0.0888849 -34.9715 -0.00079328)
(-0.0070166 -27.2322 -6.91452e-05)
(0.633923 -11.5321 0.00553786)
(0.105842 -45.9631 0.000892562)
(-0.352813 -37.7596 -0.00309103)
(-0.161304 -35.5465 -0.00141931)
(0.672785 -27.9337 0.00586741)
(0.439145 -10.9821 0.0038402)
(0.122227 -45.6975 0.0010254)
(-0.306659 -37.0187 -0.00268021)
(-0.00551505 -36.8837 -5.31629e-05)
(1.20119 -28.6628 0.0104797)
(0.219593 -9.94926 0.00192102)
(0.35872 -45.9708 0.00308579)
(-0.322935 -36.6497 -0.00282248)
(0.734008 -38.7162 0.00640246)
(0.851698 -28.9314 0.00743376)
(0.119536 -8.94941 0.00104529)
(0.476421 -46.6956 0.00410652)
(-0.36996 -37.2455 -0.00322966)
(1.63347 -40.127 0.0142554)
(-0.526254 -28.1104 -0.00459162)
(0.426808 -8.58393 0.00372437)
(0.344009 -47.3105 0.00296616)
(-0.227363 -38.6111 -0.00198413)
(1.73786 -40.1079 0.0151666)
(-1.82732 -26.6977 -0.0159477)
(1.0426 -9.15628 0.00910367)
(-0.0657711 -47.6828 -0.000584029)
(0.315483 -40.1956 0.00275048)
(0.631734 -38.5364 0.00551209)
(-1.72297 -26.1717 -0.0150395)
(1.43603 -9.9401 0.0125407)
(-0.648047 -47.6534 -0.00565709)
(0.868538 -40.9434 0.00757515)
(-1.10038 -36.4154 -0.00960546)
(-0.303882 -27.4343 -0.00265679)
(1.17256 -9.70925 0.0102455)
(-1.0556 -46.9663 -0.00922182)
(0.891056 -40.7394 0.00776974)
(-2.18129 -35.1227 -0.0190406)
(1.13898 -30.1067 0.00993486)
(0.528235 -8.84091 0.00462348)
(-1.00808 -45.0641 -0.00880169)
(0.124105 -39.3454 0.00107796)
(-2.0364 -34.9176 -0.0177768)
(1.49993 -32.4082 0.0130866)
(-0.033952 -6.98317 -0.000292824)
(-0.812568 -42.6936 -0.00708611)
(-1.24533 -37.9103 -0.0108736)
(-1.61377 -36.4719 -0.0140898)
(0.637602 -34.393 0.00556101)
(-0.46573 -7.77749 -0.00406016)
(-0.809002 -37.8641 -0.00704753)
(-1.89862 -34.2466 -0.0165741)
(-1.59425 -36.3042 -0.0139174)
(-1.49223 -33.0449 -0.0130233)
(-2.44789 -4.26793 -0.0214243)
(-1.3521 -33.8578 -0.0118016)
(-2.54765 -32.4229 -0.0222379)
(-3.56957 -36.0081 -0.0311558)
(-5.20958 -33.013 -0.0454711)
(-6.63984 -18.0908 -0.0580065)
(-1.90069 -24.4352 -0.0165892)
(-4.21306 -23.5064 -0.0367711)
(-8.02071 -24.769 -0.0699994)
(-12.9962 -21.6694 -0.113422)
(-15.8122 -13.9676 -0.137977)
(-12.3304 -1.46586 -0.10766)
(-7.51616 -2.32695 -0.0656132)
(-5.55106 -1.1183 -0.0484427)
(-3.73528 -0.743703 -0.0326003)
(-2.85203 -0.462671 -0.0248899)
(-2.03931 -0.299882 -0.017798)
(-1.58432 -0.194569 -0.0138265)
(-1.18965 -0.128923 -0.0103826)
(-0.932749 -0.085691 -0.00814039)
(-0.725588 -0.0575433 -0.00633263)
(-0.576282 -0.0387882 -0.00502956)
(-0.459342 -0.0262913 -0.00400904)
(-0.37065 -0.0179207 -0.003235)
(-0.301119 -0.0122687 -0.00262818)
(-0.246841 -0.00846122 -0.00215448)
(-0.203815 -0.00587056 -0.00177898)
(-0.169512 -0.00410583 -0.00147958)
(-0.141909 -0.00289731 -0.00123868)
(-0.119519 -0.00206353 -0.00104326)
(-0.101216 -0.00148455 -0.000883517)
(-0.0861338 -0.00107895 -0.000751872)
(-0.0736144 -0.000792358 -0.00064259)
(-0.0631477 -0.000587771 -0.000551227)
(-0.0543408 -0.00044053 -0.000474346)
(-0.0468829 -0.000333341 -0.000409239)
(-0.0405305 -0.000254528 -0.000353866)
(-1.22466 -13.4204 -0.0106881)
(-2.48828 -10.8097 -0.021719)
(-4.83649 -9.78679 -0.0422115)
(-7.01726 -10.1043 -0.0612449)
(-8.52578 -9.34836 -0.0744126)
(-7.17257 -5.34169 -0.0626076)
(-5.20742 -3.4503 -0.0454568)
(-4.68779 -2.07605 -0.0409186)
(-3.5563 -1.46252 -0.0310442)
(-3.0683 -0.964147 -0.0267829)
(-2.45113 -0.703593 -0.0213968)
(-2.07646 -0.497589 -0.0181256)
(-1.71111 -0.370213 -0.014937)
(-1.44412 -0.272997 -0.0126062)
(-1.21142 -0.20586 -0.010575)
(-1.02606 -0.155328 -0.00895691)
(-0.869817 -0.118503 -0.00759305)
(-0.74115 -0.0907766 -0.00646985)
(-0.633114 -0.0700441 -0.00552677)
(-0.542795 -0.0543494 -0.00473833)
(-0.466712 -0.0424427 -0.00407418)
(-0.402493 -0.0333538 -0.00351358)
(-0.348079 -0.0263843 -0.00303859)
(-0.301814 -0.0210119 -0.00263472)
(-0.262342 -0.0168506 -0.00229016)
(-0.228539 -0.0136095 -0.00199506)
(-0.199486 -0.0110697 -0.00174143)
(-0.174424 -0.00906696 -0.00152263)
(-0.152728 -0.00747766 -0.00133323)
(-0.133877 -0.00620791 -0.00116869)
(-0.117444 -0.00518682 -0.00102536)
(-0.793929 -11.8696 -0.00692959)
(-1.44553 -10.3345 -0.0126187)
(-2.2 -9.54898 -0.0192027)
(-2.83117 -8.0448 -0.0247104)
(-4.08216 -5.69671 -0.0356282)
(-4.30947 -3.39274 -0.0376139)
(-3.92046 -2.85784 -0.0342198)
(-3.56405 -1.89291 -0.0311094)
(-3.03928 -1.50279 -0.0265293)
(-2.68156 -1.07538 -0.0234066)
(-2.28294 -0.837324 -0.0199276)
(-1.99607 -0.62919 -0.0174235)
(-1.71796 -0.490971 -0.0149961)
(-1.49841 -0.380324 -0.0130796)
(-1.30198 -0.299806 -0.0113651)
(-1.13755 -0.236786 -0.00992976)
(-0.994113 -0.188763 -0.00867777)
(-0.871139 -0.151104 -0.00760432)
(-0.764182 -0.121689 -0.0066707)
(-0.671499 -0.0984298 -0.00586167)
(-0.590764 -0.0799922 -0.00515694)
(-0.52038 -0.0652888 -0.00454255)
(-0.458894 -0.0535226 -0.00400584)
(-0.405088 -0.044071 -0.00353617)
(-0.357928 -0.0364543 -0.00312451)
(-0.316517 -0.0302948 -0.002763)
(-0.280088 -0.0252951 -0.00244499)
(-0.247982 -0.0212214 -0.00216471)
(-0.219633 -0.0178889 -0.00191725)
(-0.194551 -0.0151513 -0.00169835)
(-0.172316 -0.0128927 -0.00150438)
(-0.654394 -5.74309 -0.00571153)
(-1.33364 -4.6996 -0.0116415)
(-2.15487 -4.32338 -0.0188087)
(-2.87019 -4.13128 -0.0250515)
(-3.27521 -3.7928 -0.0285869)
(-3.07529 -3.00469 -0.0268428)
(-2.85958 -2.46324 -0.0249598)
(-2.6852 -1.85824 -0.023438)
(-2.38698 -1.48039 -0.0208351)
(-2.19051 -1.12701 -0.01912)
(-1.94123 -0.893523 -0.0169445)
(-1.75474 -0.696303 -0.0153165)
(-1.56092 -0.555945 -0.0136249)
(-1.3998 -0.44294 -0.0122185)
(-1.24937 -0.35785 -0.0109056)
(-1.11785 -0.290095 -0.00975764)
(-0.999226 -0.237174 -0.00872219)
(-0.894004 -0.194795 -0.00780374)
(-0.799785 -0.160903 -0.00698132)
(-0.715793 -0.13347 -0.00624818)
(-0.640698 -0.111184 -0.0055927)
(-0.573576 -0.0929631 -0.00500681)
(-0.513543 -0.0780096 -0.0044828)
(-0.459818 -0.0656907 -0.00401384)
(-0.411718 -0.0555117 -0.00359398)
(-0.368622 -0.0470756 -0.00321778)
(-0.329984 -0.0400632 -0.00288049)
(-0.295315 -0.0342176 -0.00257786)
(-0.264184 -0.0293303 -0.00230613)
(-0.236202 -0.0252317 -0.00206192)
(-0.211026 -0.0217832 -0.00184228)
(-0.323267 -5.14245 -0.00282165)
(-0.584049 -4.26514 -0.00509846)
(-0.925467 -3.72127 -0.0080787)
(-1.26512 -3.22759 -0.0110424)
(-1.64707 -2.72804 -0.0143759)
(-1.85199 -2.16795 -0.0161646)
(-1.93402 -1.8598 -0.0168806)
(-1.94115 -1.47173 -0.0169432)
(-1.85473 -1.23339 -0.016189)
(-1.765 -0.988362 -0.0154056)
(-1.63241 -0.817637 -0.0142484)
(-1.51521 -0.66462 -0.0132255)
(-1.38563 -0.549257 -0.0120945)
(-1.26913 -0.452275 -0.0110778)
(-1.15632 -0.375926 -0.0100932)
(-1.05322 -0.313045 -0.00919327)
(-0.957575 -0.262268 -0.00835846)
(-0.870234 -0.220481 -0.0075961)
(-0.790171 -0.186159 -0.00689727)
(-0.717159 -0.157704 -0.00625999)
(-0.650532 -0.134046 -0.00567844)
(-0.589801 -0.114272 -0.00514834)
(-0.534471 -0.097694 -0.0046654)
(-0.484069 -0.0837513 -0.00422546)
(-0.438172 -0.071996 -0.00382485)
(-0.396376 -0.0620612 -0.00346)
(-0.358313 -0.0536453 -0.00312774)
(-0.323645 -0.0465004 -0.00282513)
(-0.292065 -0.0404206 -0.00254949)
(-0.263289 -0.0352349 -0.00229835)
(-0.23706 -0.0308002 -0.00206951)
(-0.303858 -2.62441 -0.00265147)
(-0.58798 -2.1493 -0.00513167)
(-0.898057 -1.81992 -0.00783897)
(-1.16584 -1.66165 -0.010176)
(-1.38779 -1.58767 -0.012113)
(-1.48637 -1.4433 -0.0129736)
(-1.53507 -1.32652 -0.0133986)
(-1.5471 -1.1498 -0.0135038)
(-1.50127 -1.00619 -0.0131039)
(-1.45357 -0.851812 -0.0126872)
(-1.37383 -0.727684 -0.0119913)
(-1.30049 -0.612918 -0.0113511)
(-1.2137 -0.520006 -0.0105937)
(-1.1317 -0.439674 -0.00987795)
(-1.04915 -0.373832 -0.00915757)
(-0.970504 -0.318225 -0.00847112)
(-0.89534 -0.272056 -0.00781509)
(-0.824623 -0.233209 -0.00719786)
(-0.758213 -0.200567 -0.00661822)
(-0.696277 -0.172944 -0.00607762)
(-0.63864 -0.149514 -0.00557456)
(-0.585144 -0.129555 -0.00510762)
(-0.535591 -0.112512 -0.00467512)
(-0.489744 -0.0979224 -0.00427494)
(-0.447377 -0.0854092 -0.00390515)
(-0.408252 -0.0746576 -0.00356362)
(-0.372141 -0.0654031 -0.00324841)
(-0.338823 -0.0574237 -0.00295759)
(-0.308095 -0.0505309 -0.0026894)
(-0.279758 -0.0445654 -0.0024421)
(-0.253632 -0.0393909 -0.00221414)
(-0.158679 -2.10522 -0.00138474)
(-0.314407 -1.72597 -0.00274411)
(-0.47633 -1.41219 -0.00415787)
(-0.634156 -1.21336 -0.0055355)
(-0.805407 -1.10556 -0.00702969)
(-0.943537 -0.998244 -0.00823535)
(-1.04858 -0.936384 -0.0091521)
(-1.12042 -0.840382 -0.00977936)
(-1.14699 -0.763842 -0.0100115)
(-1.15328 -0.674509 -0.0100661)
(-1.12914 -0.598567 -0.00985536)
(-1.09756 -0.523795 -0.0095797)
(-1.04909 -0.459442 -0.00915676)
(-0.997181 -0.400944 -0.00870369)
(-0.940664 -0.350467 -0.00821048)
(-0.883158 -0.306057 -0.0077086)
(-0.825854 -0.267675 -0.00720847)
(-0.769899 -0.234303 -0.0067201)
(-0.715857 -0.205374 -0.00624842)
(-0.664211 -0.180235 -0.00579765)
(-0.615157 -0.158384 -0.00536951)
(-0.56879 -0.139363 -0.00496481)
(-0.525143 -0.122794 -0.00458386)
(-0.484159 -0.108351 -0.00422614)
(-0.445767 -0.0957525 -0.00389104)
(-0.409855 -0.0847558 -0.00357758)
(-0.376307 -0.0751482 -0.00328474)
(-0.344994 -0.0667458 -0.00301143)
(-0.315793 -0.0593876 -0.00275657)
(-0.288575 -0.0529341 -0.00251905)
(-0.263223 -0.0472631 -0.00229785)
(-0.141836 -1.01976 -0.00123779)
(-0.290178 -0.799401 -0.00253273)
(-0.434108 -0.5793 -0.00378954)
(-0.562427 -0.471485 -0.0049096)
(-0.686822 -0.469188 -0.00599476)
(-0.787119 -0.489396 -0.00687011)
(-0.865101 -0.522288 -0.00755064)
(-0.924878 -0.527923 -0.00807263)
(-0.953073 -0.521647 -0.00831902)
(-0.967557 -0.495927 -0.0084451)
(-0.959172 -0.46497 -0.00837179)
(-0.944436 -0.427098 -0.00824314)
(-0.915074 -0.389318 -0.00798692)
(-0.881108 -0.351674 -0.00769047)
(-0.841933 -0.316463 -0.00734862)
(-0.799938 -0.283746 -0.00698213)
(-0.756578 -0.253978 -0.00660371)
(-0.712786 -0.227064 -0.00622152)
(-0.66933 -0.20286 -0.00584224)
(-0.626793 -0.18117 -0.00547098)
(-0.585551 -0.161785 -0.00511103)
(-0.545844 -0.144496 -0.00476447)
(-0.507853 -0.129103 -0.00443289)
(-0.471647 -0.115419 -0.00411688)
(-0.437272 -0.103268 -0.00381686)
(-0.404717 -0.0924894 -0.0035327)
(-0.373952 -0.0829298 -0.00326416)
(-0.344923 -0.0744512 -0.00301079)
(-0.317572 -0.0669268 -0.00277208)
(-0.291828 -0.0602422 -0.00254742)
(-0.267624 -0.0542942 -0.00233623)
(-0.0875043 -0.645118 -0.000763641)
(-0.186108 -0.481946 -0.00162437)
(-0.274139 -0.309117 -0.00239317)
(-0.353274 -0.211758 -0.00308405)
(-0.439043 -0.197625 -0.00383203)
(-0.525501 -0.219552 -0.00458646)
(-0.605347 -0.26289 -0.00528313)
(-0.67935 -0.296667 -0.00592932)
(-0.730674 -0.323002 -0.00637781)
(-0.768948 -0.332916 -0.00671158)
(-0.786035 -0.334148 -0.00686058)
(-0.793307 -0.325106 -0.006924)
(-0.785105 -0.310887 -0.00685245)
(-0.769434 -0.292918 -0.00671569)
(-0.746708 -0.273141 -0.00651739)
(-0.719015 -0.252736 -0.00627573)
(-0.68818 -0.232447 -0.00600664)
(-0.655269 -0.212865 -0.00571942)
(-0.621271 -0.194232 -0.0054227)
(-0.586941 -0.176766 -0.00512308)
(-0.552804 -0.160548 -0.00482514)
(-0.519234 -0.145616 -0.00453216)
(-0.486529 -0.131955 -0.00424672)
(-0.454863 -0.119522 -0.00397034)
(-0.424372 -0.108252 -0.00370422)
(-0.395126 -0.0980694 -0.00344895)
(-0.367166 -0.0888893 -0.00320489)
(-0.340501 -0.0806244 -0.00297216)
(-0.315127 -0.0731866 -0.00275072)
(-0.291021 -0.0664911 -0.00254036)
(-0.268157 -0.060457 -0.00234086)
(-0.0730065 -0.0999046 -0.000636996)
(-0.155092 -0.00723291 -0.00135336)
(-0.234071 0.105292 -0.00204307)
(-0.306014 0.162029 -0.00267115)
(-0.380442 0.147191 -0.00332081)
(-0.447486 0.0922779 -0.00390582)
(-0.513767 0.0197082 -0.00448327)
(-0.573364 -0.0533969 -0.0050039)
(-0.618713 -0.116223 -0.00540038)
(-0.652746 -0.16492 -0.00569725)
(-0.672661 -0.20033 -0.00587095)
(-0.684933 -0.219811 -0.00597802)
(-0.684828 -0.228587 -0.00597713)
(-0.678087 -0.229537 -0.00591831)
(-0.664873 -0.224723 -0.00580303)
(-0.646668 -0.216413 -0.00564419)
(-0.624897 -0.205664 -0.00545422)
(-0.600459 -0.193644 -0.00524095)
(-0.574194 -0.180942 -0.00501173)
(-0.546845 -0.168118 -0.00477305)
(-0.518929 -0.155509 -0.00452942)
(-0.490861 -0.14337 -0.00428446)
(-0.462985 -0.131853 -0.00404117)
(-0.435534 -0.121051 -0.00380159)
(-0.408704 -0.111006 -0.00356743)
(-0.382624 -0.101728 -0.00333979)
(-0.35739 -0.0932005 -0.00311954)
(-0.333064 -0.0853907 -0.00290722)
(-0.309684 -0.0782523 -0.00270318)
(-0.287269 -0.0717327 -0.00250758)
(-0.265828 -0.0657759 -0.00232051)
(-0.0448651 0.121653 -0.00039146)
(-0.0988848 0.192651 -0.000862828)
(-0.149369 0.291111 -0.0013035)
(-0.201556 0.347546 -0.00175905)
(-0.256784 0.334121 -0.00224113)
(-0.31723 0.278555 -0.0027687)
(-0.376396 0.198251 -0.00328512)
(-0.432485 0.112303 -0.00377483)
(-0.481361 0.0359252 -0.0042013)
(-0.521186 -0.031142 -0.00454883)
(-0.552191 -0.0849616 -0.00481938)
(-0.574175 -0.123096 -0.00501124)
(-0.585647 -0.14897 -0.00511139)
(-0.589599 -0.165287 -0.0051459)
(-0.586425 -0.173676 -0.00511825)
(-0.577636 -0.176533 -0.00504159)
(-0.564351 -0.175015 -0.0049257)
(-0.547671 -0.170541 -0.00478015)
(-0.528366 -0.163945 -0.00461169)
(-0.507275 -0.156022 -0.00442763)
(-0.484941 -0.147323 -0.00423272)
(-0.461841 -0.13829 -0.00403112)
(-0.438366 -0.129228 -0.00382625)
(-0.414796 -0.120354 -0.00362055)
(-0.391375 -0.11181 -0.00341614)
(-0.368275 -0.103688 -0.00321452)
(-0.345638 -0.0960397 -0.00301694)
(-0.323566 -0.0888867 -0.0028243)
(-0.302137 -0.0822267 -0.00263728)
(-0.281402 -0.0760411 -0.00245634)
(-0.261402 -0.0703011 -0.00228185)
(-0.0389373 0.381137 -0.000339766)
(-0.0851063 0.424474 -0.000742628)
(-0.127809 0.499848 -0.00111534)
(-0.167511 0.545648 -0.00146183)
(-0.211827 0.533713 -0.00184859)
(-0.261285 0.476219 -0.00228022)
(-0.312384 0.388186 -0.00272629)
(-0.362755 0.289431 -0.00316607)
(-0.407671 0.192923 -0.00355797)
(-0.444559 0.105918 -0.00387996)
(-0.474737 0.0329444 -0.00414332)
(-0.497687 -0.0246456 -0.00434362)
(-0.512028 -0.0678693 -0.00446879)
(-0.519952 -0.0993157 -0.00453796)
(-0.521573 -0.120588 -0.00455216)
(-0.51818 -0.134232 -0.0045226)
(-0.510442 -0.141706 -0.00445511)
(-0.499357 -0.144653 -0.00435841)
(-0.48544 -0.144167 -0.00423697)
(-0.46945 -0.14124 -0.00409744)
(-0.451844 -0.136611 -0.0039438)
(-0.433071 -0.130878 -0.00377997)
(-0.413511 -0.124484 -0.00360927)
(-0.393455 -0.117755 -0.00343424)
(-0.373161 -0.110925 -0.00325713)
(-0.352831 -0.10416 -0.00307969)
(-0.332632 -0.0975759 -0.00290339)
(-0.3127 -0.0912473 -0.00272943)
(-0.293143 -0.0852159 -0.00255875)
(-0.27404 -0.0794983 -0.00239206)
(-0.255458 -0.0740935 -0.00222994)
(-0.0284035 0.537343 -0.000247885)
(-0.0652742 0.562683 -0.000569694)
(-0.0978195 0.619376 -0.000853744)
(-0.127741 0.660797 -0.00111481)
(-0.160705 0.654011 -0.00140243)
(-0.19793 0.603157 -0.00172726)
(-0.239967 0.517848 -0.00209417)
(-0.282953 0.416719 -0.00246947)
(-0.325001 0.312451 -0.00283636)
(-0.361394 0.215487 -0.00315406)
(-0.393908 0.130876 -0.00343781)
(-0.420356 0.060935 -0.00366864)
(-0.439524 0.00563978 -0.00383593)
(-0.452945 -0.0371882 -0.00395308)
(-0.460063 -0.0688997 -0.00401525)
(-0.462268 -0.0917781 -0.00403454)
(-0.459844 -0.107301 -0.00401345)
(-0.453899 -0.117132 -0.0039616)
(-0.44481 -0.122487 -0.0038823)
(-0.43334 -0.124463 -0.00378222)
(-0.419912 -0.123923 -0.00366506)
(-0.404979 -0.12158 -0.00353475)
(-0.388921 -0.117981 -0.00339461)
(-0.372036 -0.113547 -0.00324726)
(-0.354596 -0.108589 -0.00309506)
(-0.336816 -0.103338 -0.00293989)
(-0.318887 -0.0979669 -0.0027834)
(-0.300964 -0.0926006 -0.00262697)
(-0.283181 -0.0873232 -0.00247178)
(-0.26564 -0.0821863 -0.00231872)
(-0.24843 -0.0772174 -0.00216857)
(-0.023556 0.693058 -0.000205441)
(-0.0558445 0.709109 -0.000487157)
(-0.0849954 0.749532 -0.000742049)
(-0.112283 0.780326 -0.000980067)
(-0.138712 0.772696 -0.00121053)
(-0.16861 0.723623 -0.00147139)
(-0.202724 0.639971 -0.00176915)
(-0.238641 0.537414 -0.00208274)
(-0.275461 0.427771 -0.00240399)
(-0.308636 0.322741 -0.00269359)
(-0.339478 0.227723 -0.00296275)
(-0.365446 0.146357 -0.00318938)
(-0.385211 0.079103 -0.00336187)
(-0.400114 0.0250996 -0.00349195)
(-0.409437 -0.0168766 -0.00357335)
(-0.414523 -0.0486842 -0.00361779)
(-0.415357 -0.071955 -0.00362512)
(-0.412954 -0.0884053 -0.00360419)
(-0.407485 -0.0994107 -0.00355649)
(-0.399608 -0.106184 -0.00348777)
(-0.389649 -0.109702 -0.00340088)
(-0.377999 -0.110775 -0.00329923)
(-0.365 -0.11004 -0.0031858)
(-0.350934 -0.107996 -0.00306305)
(-0.336066 -0.105019 -0.00293331)
(-0.320614 -0.1014 -0.00279844)
(-0.304775 -0.0973592 -0.00266021)
(-0.288723 -0.0930667 -0.00252011)
(-0.272605 -0.0886465 -0.00237945)
(-0.256544 -0.0841845 -0.00223931)
(-0.240645 -0.0797364 -0.00210061)
(-0.017999 0.800719 -0.000156983)
(-0.0445579 0.811216 -0.000388682)
(-0.0674613 0.840351 -0.000588681)
(-0.0911759 0.864389 -0.000795563)
(-0.111968 0.855906 -0.000977132)
(-0.137805 0.810932 -0.00120257)
(-0.165662 0.73104 -0.00144573)
(-0.196468 0.630816 -0.0017147)
(-0.229042 0.519771 -0.00199888)
(-0.258914 0.41073 -0.00225964)
(-0.288096 0.30903 -0.00251428)
(-0.313418 0.219796 -0.00273526)
(-0.33391 0.143961 -0.0029141)
(-0.350513 0.0816625 -0.00305901)
(-0.362233 0.0317719 -0.00316132)
(-0.370224 -0.00727021 -0.00323111)
(-0.374183 -0.0371332 -0.00326572)
(-0.374994 -0.0594502 -0.00327284)
(-0.372728 -0.0756359 -0.0032531)
(-0.367984 -0.0869318 -0.00321173)
(-0.361042 -0.09437 -0.00315117)
(-0.35226 -0.098812 -0.00307455)
(-0.341955 -0.10095 -0.00298463)
(-0.330393 -0.10134 -0.00288374)
(-0.317833 -0.100415 -0.00277414)
(-0.30449 -0.0985101 -0.0026577)
(-0.290567 -0.0958881 -0.00253618)
(-0.276242 -0.0927572 -0.00241115)
(-0.261676 -0.0892779 -0.00228404)
(-0.247005 -0.0855683 -0.00215603)
(-0.23235 -0.0817117 -0.00202818)
(-0.015186 0.899546 -0.000132442)
(-0.0385176 0.906609 -0.000335962)
(-0.0593366 0.929584 -0.000517596)
(-0.0816225 0.946737 -0.00071204)
(-0.0993946 0.936689 -0.000867422)
(-0.121297 0.892956 -0.00105854)
(-0.144114 0.815222 -0.00125772)
(-0.169681 0.716313 -0.00148095)
(-0.197438 0.604356 -0.00172306)
(-0.223262 0.492253 -0.00194846)
(-0.249614 0.385278 -0.0021784)
(-0.273112 0.28958 -0.00238346)
(-0.292989 0.206309 -0.00255692)
(-0.309809 0.136635 -0.00270372)
(-0.322518 0.0794646 -0.00281468)
(-0.332033 0.0336716 -0.00289776)
(-0.337948 -0.00239122 -0.00294943)
(-0.340972 -0.0302635 -0.00297588)
(-0.341093 -0.0513786 -0.00297697)
(-0.338805 -0.0670068 -0.00295703)
(-0.334327 -0.0782346 -0.00291798)
(-0.327959 -0.0859728 -0.00286242)
(-0.31997 -0.0909588 -0.00279273)
(-0.310601 -0.0937956 -0.00271098)
(-0.30009 -0.094957 -0.00261926)
(-0.288644 -0.0948194 -0.00251937)
(-0.276461 -0.093679 -0.00241304)
(-0.26372 -0.0917765 -0.00230185)
(-0.25059 -0.0893037 -0.00218726)
(-0.237216 -0.0864089 -0.00207057)
(-0.223729 -0.0832017 -0.00195293)
(-0.0123138 0.977505 -0.0001074)
(-0.0331238 0.984779 -0.000288923)
(-0.0514368 1.00259 -0.000448646)
(-0.0720931 1.01364 -0.000628894)
(-0.0871162 0.999689 -0.000760381)
(-0.106007 0.957046 -0.00092522)
(-0.124807 0.881317 -0.0010893)
(-0.146201 0.784527 -0.00127607)
(-0.169844 0.673432 -0.00148227)
(-0.192256 0.560255 -0.00167788)
(-0.216028 0.450319 -0.00188528)
(-0.237695 0.350367 -0.00207436)
(-0.256873 0.2618 -0.00224172)
(-0.27355 0.18655 -0.00238728)
(-0.286954 0.123664 -0.00250429)
(-0.297578 0.0723712 -0.00259704)
(-0.305058 0.0310737 -0.00266237)
(-0.309878 -0.00165211 -0.00270448)
(-0.311987 -0.027211 -0.00272292)
(-0.311762 -0.0468394 -0.00272098)
(-0.309375 -0.061636 -0.00270018)
(-0.305076 -0.0725347 -0.00266268)
(-0.299098 -0.0802981 -0.00261053)
(-0.291653 -0.0855558 -0.00254558)
(-0.282958 -0.0888099 -0.00246971)
(-0.27321 -0.0904659 -0.00238464)
(-0.262599 -0.0908476 -0.00229203)
(-0.251303 -0.0902211 -0.00219345)
(-0.239493 -0.0888047 -0.00209039)
(-0.227322 -0.0867734 -0.0019842)
(-0.214928 -0.0842618 -0.00187609)
(-0.0108125 1.04822 -9.42933e-05)
(-0.0274291 1.05748 -0.000239247)
(-0.043995 1.07343 -0.000383802)
(-0.0621985 1.07805 -0.000542711)
(-0.076284 1.06021 -0.000665787)
(-0.0913605 1.01661 -0.000797335)
(-0.107076 0.941727 -0.000934689)
(-0.12701 0.846157 -0.00110865)
(-0.146989 0.735584 -0.00128284)
(-0.166582 0.621371 -0.00145382)
(-0.187711 0.509433 -0.00163815)
(-0.207443 0.406262 -0.00181034)
(-0.225621 0.313389 -0.00196897)
(-0.24179 0.2335 -0.0021101)
(-0.255465 0.165684 -0.00222946)
(-0.266761 0.109558 -0.00232807)
(-0.275379 0.0635694 -0.00240333)
(-0.281575 0.0264403 -0.00245743)
(-0.285289 -0.00321171 -0.00248988)
(-0.286775 -0.0265826 -0.00250288)
(-0.286153 -0.044759 -0.00249748)
(-0.283621 -0.058686 -0.00247541)
(-0.27938 -0.0691444 -0.00243842)
(-0.273615 -0.0767809 -0.00238812)
(-0.266521 -0.0821149 -0.00232624)
(-0.258284 -0.0855726 -0.00225436)
(-0.249086 -0.0874989 -0.00217408)
(-0.2391 -0.0881802 -0.00208693)
(-0.228497 -0.087856 -0.00199441)
(-0.217434 -0.0867248 -0.00189788)
(-0.206056 -0.0849442 -0.00179864)
(-0.00910999 1.10332 -7.94657e-05)
(-0.0219652 1.11225 -0.000191612)
(-0.0344903 1.12793 -0.000300885)
(-0.0494267 1.12939 -0.000431277)
(-0.0615473 1.10886 -0.000537242)
(-0.0748852 1.06388 -0.000653672)
(-0.0879128 0.990915 -0.000767314)
(-0.10386 0.897673 -0.000906393)
(-0.121057 0.788195 -0.00105652)
(-0.140446 0.674056 -0.00122569)
(-0.159597 0.561151 -0.00139276)
(-0.178442 0.45581 -0.0015572)
(-0.196214 0.359979 -0.00171231)
(-0.212151 0.276571 -0.0018514)
(-0.226319 0.204894 -0.00197508)
(-0.238299 0.144775 -0.00207965)
(-0.248004 0.0947984 -0.00216439)
(-0.255454 0.0537952 -0.00222944)
(-0.260602 0.0204501 -0.0022744)
(-0.263601 -0.00638406 -0.00230061)
(-0.264528 -0.0277503 -0.00230872)
(-0.263537 -0.0445755 -0.0023001)
(-0.260809 -0.057642 -0.00227632)
(-0.256514 -0.0676054 -0.00223885)
(-0.250831 -0.0749949 -0.00218928)
(-0.243933 -0.0802491 -0.00212909)
(-0.235997 -0.0837286 -0.00205983)
(-0.227191 -0.0857358 -0.00198299)
(-0.217685 -0.0865274 -0.00190004)
(-0.207638 -0.086322 -0.00181238)
(-0.197199 -0.0852984 -0.00172132)
(-0.00789 1.15118 -6.8829e-05)
(-0.0181832 1.1572 -0.000158624)
(-0.0275574 1.17211 -0.00024042)
(-0.0388959 1.17232 -0.000339387)
(-0.0486827 1.15041 -0.000424939)
(-0.0601922 1.10373 -0.000525476)
(-0.0713055 1.0328 -0.000622368)
(-0.0851057 0.941477 -0.000742662)
(-0.0998768 0.83452 -0.000871666)
(-0.11738 0.721443 -0.00102435)
(-0.134717 0.608141 -0.00117559)
(-0.152497 0.50122 -0.00133073)
(-0.169763 0.403265 -0.00148144)
(-0.185539 0.316979 -0.00161913)
(-0.20008 0.242123 -0.00174605)
(-0.212649 0.178545 -0.00185578)
(-0.223247 0.125042 -0.0019483)
(-0.231732 0.0805281 -0.00202239)
(-0.238058 0.0437755 -0.00207763)
(-0.242307 0.0136938 -0.00211474)
(-0.244532 -0.0107081 -0.00213419)
(-0.244849 -0.0303212 -0.00213698)
(-0.243413 -0.0459147 -0.00212448)
(-0.240384 -0.0581485 -0.00209806)
(-0.235928 -0.0675598 -0.0020592)
(-0.230207 -0.0745946 -0.00200928)
(-0.223389 -0.0796241 -0.00194978)
(-0.215639 -0.0829638 -0.00188215)
(-0.207123 -0.0848841 -0.00180784)
(-0.198001 -0.0856203 -0.00172826)
(-0.188425 -0.0853704 -0.00164473)
(-0.00667762 1.19014 -5.82588e-05)
(-0.0152459 1.19237 -0.000133007)
(-0.0224716 1.20442 -0.000196064)
(-0.0305737 1.20377 -0.000266788)
(-0.0374473 1.18259 -0.000326841)
(-0.0470642 1.13639 -0.000410827)
(-0.056153 1.06702 -0.000490107)
(-0.068319 0.977403 -0.000596148)
(-0.0807977 0.873366 -0.00070512)
(-0.0966052 0.761936 -0.000842995)
(-0.112389 0.649386 -0.000980696)
(-0.129209 0.542026 -0.00112747)
(-0.146083 0.442908 -0.00127475)
(-0.161706 0.354605 -0.00141111)
(-0.176559 0.277244 -0.00154077)
(-0.189596 0.210757 -0.00165457)
(-0.200902 0.154168 -0.00175328)
(-0.210219 0.106492 -0.00183461)
(-0.217499 0.0666126 -0.00189818)
(-0.222775 0.0335059 -0.00194426)
(-0.226079 0.0062375 -0.00197312)
(-0.227501 -0.0160437 -0.00198556)
(-0.227167 -0.034078 -0.00198267)
(-0.225224 -0.0485193 -0.00196574)
(-0.221829 -0.0599096 -0.00193613)
(-0.217134 -0.0686994 -0.00189516)
(-0.211299 -0.0752662 -0.00184425)
(-0.204487 -0.0799346 -0.0017848)
(-0.196859 -0.0829865 -0.00171824)
(-0.188574 -0.084671 -0.00164597)
(-0.179787 -0.0852038 -0.00156933)
(-0.00568783 1.22431 -4.95799e-05)
(-0.0131806 1.22298 -0.000114931)
(-0.0192566 1.23146 -0.000168064)
(-0.025311 1.2281 -0.000220884)
(-0.0299938 1.207 -0.000261753)
(-0.0370884 1.16191 -0.000323686)
(-0.0439079 1.09485 -0.000383173)
(-0.0541878 1.00749 -0.000472772)
(-0.064803 0.906427 -0.000565477)
(-0.0789026 0.796953 -0.000688461)
(-0.0933519 0.686126 -0.00081453)
(-0.109275 0.579069 -0.000953478)
(-0.125648 0.479585 -0.0010964)
(-0.141057 0.389855 -0.00123089)
(-0.156015 0.310519 -0.00136146)
(-0.169314 0.241545 -0.00147755)
(-0.181074 0.182219 -0.00158021)
(-0.190969 0.131665 -0.0016666)
(-0.198949 0.0888973 -0.00173627)
(-0.20501 0.0529642 -0.0017892)
(-0.209166 0.0229891 -0.00182551)
(-0.211488 -0.0018397 -0.00184579)
(-0.21207 -0.0222289 -0.0018509)
(-0.21104 -0.0388129 -0.00184193)
(-0.208545 -0.0521337 -0.00182018)
(-0.204733 -0.0626454 -0.00178692)
(-0.199754 -0.0707282 -0.00174348)
(-0.193765 -0.0767129 -0.00169122)
(-0.186927 -0.0808907 -0.00163155)
(-0.179396 -0.0835221 -0.00156586)
(-0.171327 -0.0848387 -0.00149548)
(-0.00484555 1.25271 -4.22457e-05)
(-0.0111592 1.24888 -9.73074e-05)
(-0.0169617 1.25356 -0.000148001)
(-0.0217381 1.24756 -0.000189735)
(-0.0258578 1.22575 -0.000225575)
(-0.0301711 1.18113 -0.000263266)
(-0.0354047 1.11664 -0.000308906)
(-0.0435156 1.03197 -0.000379593)
(-0.0521873 0.934337 -0.000455344)
(-0.064852 0.827468 -0.000565823)
(-0.0778377 0.718939 -0.000679127)
(-0.0928942 0.61284 -0.000810516)
(-0.108525 0.513497 -0.000946961)
(-0.123545 0.422817 -0.00107805)
(-0.138304 0.341918 -0.00120688)
(-0.151616 0.270827 -0.00132309)
(-0.163572 0.209088 -0.00142746)
(-0.173808 0.155938 -0.00151682)
(-0.182261 0.110524 -0.00159062)
(-0.188898 0.0719654 -0.00164858)
(-0.193711 0.0394465 -0.00169061)
(-0.196748 0.0121973 -0.00171714)
(-0.198079 -0.0104537 -0.00172878)
(-0.197808 -0.0291134 -0.00172644)
(-0.196071 -0.0443123 -0.0017113)
(-0.193008 -0.0565065 -0.00168458)
(-0.188765 -0.066077 -0.00164757)
(-0.183495 -0.0733581 -0.00160158)
(-0.177354 -0.078648 -0.001548)
(-0.170497 -0.0822177 -0.00148818)
(-0.163077 -0.0843123 -0.00142347)
(-0.00409134 1.27737 -3.5667e-05)
(-0.00990967 1.27272 -8.6411e-05)
(-0.0153362 1.27347 -0.000133729)
(-0.0197062 1.26501 -0.00017191)
(-0.0230358 1.2409 -0.000200908)
(-0.0263735 1.19624 -0.000230103)
(-0.0302812 1.13333 -0.000264171)
(-0.0369364 1.0516 -0.000322153)
(-0.0439193 0.95744 -0.000383175)
(-0.0551086 0.853742 -0.000480788)
(-0.0665014 0.747929 -0.000580193)
(-0.0804305 0.643285 -0.000701742)
(-0.0949838 0.544585 -0.000828778)
(-0.109302 0.453426 -0.00095375)
(-0.123517 0.371381 -0.00107783)
(-0.136548 0.298535 -0.00119157)
(-0.148418 0.234704 -0.00129519)
(-0.15874 0.179235 -0.0013853)
(-0.167432 0.131409 -0.00146119)
(-0.174433 0.0904226 -0.00152232)
(-0.179703 0.0555215 -0.00156834)
(-0.183272 0.025981 -0.00159951)
(-0.185182 0.00116597 -0.00161621)
(-0.18552 -0.0194981 -0.00161919)
(-0.184401 -0.0365195 -0.00160943)
(-0.181961 -0.0503508 -0.00158816)
(-0.178342 -0.0613743 -0.00155658)
(-0.173689 -0.0699247 -0.00151599)
(-0.168158 -0.076306 -0.00146772)
(-0.161899 -0.0807979 -0.00141312)
(-0.155065 -0.0836585 -0.00135353)
(-0.00365287 1.29884 -3.18487e-05)
(-0.00863467 1.29399 -7.52906e-05)
(-0.0141136 1.29212 -0.000123028)
(-0.0184212 1.28038 -0.000160656)
(-0.0214615 1.25466 -0.000187156)
(-0.0242202 1.20954 -0.000211292)
(-0.0273068 1.14783 -0.000238216)
(-0.0331427 1.06853 -0.000289049)
(-0.0389474 0.977334 -0.000339799)
(-0.0489792 0.876734 -0.000427308)
(-0.0588969 0.773662 -0.000513839)
(-0.0716021 0.670753 -0.000624705)
(-0.0847654 0.572971 -0.000739604)
(-0.0981493 0.481689 -0.000856422)
(-0.111491 0.398838 -0.000972876)
(-0.123966 0.324571 -0.00108177)
(-0.135476 0.258954 -0.00118224)
(-0.145642 0.201444 -0.00127099)
(-0.154351 0.151445 -0.00134702)
(-0.161515 0.108233 -0.00140957)
(-0.16706 0.0711166 -0.00145799)
(-0.170992 0.0394205 -0.00149233)
(-0.173328 0.0125479 -0.00151274)
(-0.174137 -0.0100401 -0.00151982)
(-0.17351 -0.0288228 -0.00151438)
(-0.171579 -0.0442408 -0.00149754)
(-0.168479 -0.0566757 -0.0014705)
(-0.164352 -0.066462 -0.00143449)
(-0.159348 -0.0739072 -0.00139083)
(-0.153618 -0.0792992 -0.00134084)
(-0.147311 -0.0829076 -0.00128585)
(-0.00323771 1.31794 -2.82204e-05)
(-0.00728353 1.3136 -6.34977e-05)
(-0.012752 1.31005 -0.000111173)
(-0.0168417 1.2961 -0.000146879)
(-0.0207958 1.26737 -0.000181457)
(-0.0237757 1.22149 -0.000207571)
(-0.02733 1.16095 -0.000238363)
(-0.031214 1.0837 -0.000272188)
(-0.0365851 0.995259 -0.000319185)
(-0.045498 0.897577 -0.000396936)
(-0.0541312 0.796786 -0.000472254)
(-0.0655603 0.695534 -0.000571983)
(-0.0772297 0.598762 -0.000673841)
(-0.0894762 0.507568 -0.000780734)
(-0.101729 0.424217 -0.000887684)
(-0.113453 0.348854 -0.000990021)
(-0.124412 0.281761 -0.00108568)
(-0.134258 0.222496 -0.00117163)
(-0.14283 0.170568 -0.00124646)
(-0.150009 0.125334 -0.00130914)
(-0.155686 0.0861679 -0.00135871)
(-0.159841 0.0524503 -0.001395)
(-0.162469 0.0236282 -0.00141796)
(-0.163622 -0.00080003 -0.00142805)
(-0.163375 -0.02128 -0.00142591)
(-0.161846 -0.0382306 -0.00141259)
(-0.159169 -0.0520308 -0.00138924)
(-0.155482 -0.0630139 -0.00135707)
(-0.150933 -0.0714896 -0.00131737)
(-0.145667 -0.0777537 -0.00127144)
(-0.139832 -0.0820864 -0.00122056)
(-0.00276408 1.33382 -2.40976e-05)
(-0.00605658 1.32997 -5.28067e-05)
(-0.0107858 1.32644 -9.40306e-05)
(-0.0148002 1.31167 -0.00012906)
(-0.0191188 1.28101 -0.000166824)
(-0.0227296 1.23431 -0.000198441)
(-0.0267823 1.17363 -0.000233733)
(-0.0313505 1.0975 -0.000273558)
(-0.0365755 1.01134 -0.000319087)
(-0.0432746 0.916068 -0.000377527)
(-0.0508934 0.817276 -0.000443987)
(-0.060858 0.717694 -0.000530942)
(-0.0710488 0.62196 -0.00061989)
(-0.0822526 0.531143 -0.000717687)
(-0.093397 0.447558 -0.000814965)
(-0.104412 0.371425 -0.000911113)
(-0.114792 0.303152 -0.00100171)
(-0.124283 0.242397 -0.00108457)
(-0.132649 0.188765 -0.0011576)
(-0.139756 0.141697 -0.00121965)
(-0.145461 0.100634 -0.00126947)
(-0.149729 0.0650205 -0.00130674)
(-0.152537 0.0343521 -0.00133127)
(-0.153926 0.00816864 -0.00134341)
(-0.153957 -0.0139409 -0.00134372)
(-0.152739 -0.0323676 -0.0013331)
(-0.1504 -0.0474824 -0.0013127)
(-0.147077 -0.0596183 -0.00128371)
(-0.142914 -0.0690861 -0.00124739)
(-0.138056 -0.0761888 -0.001205)
(-0.132644 -0.0812176 -0.00115781)
(-0.00243321 1.34739 -2.12156e-05)
(-0.0050614 1.34366 -4.41305e-05)
(-0.00921484 1.34054 -8.03482e-05)
(-0.0123119 1.32554 -0.000107369)
(-0.0165962 1.29502 -0.000144795)
(-0.0200576 1.24845 -0.000175076)
(-0.0246091 1.18708 -0.000214801)
(-0.0291814 1.11156 -0.000254689)
(-0.0344394 1.02638 -0.000300414)
(-0.0404512 0.932722 -0.000352864)
(-0.0474572 0.835721 -0.00041398)
(-0.0565313 0.737796 -0.000493169)
(-0.0656966 0.643059 -0.000573168)
(-0.0760625 0.552839 -0.000663655)
(-0.0863227 0.469193 -0.000753219)
(-0.0967011 0.392536 -0.00084381)
(-0.10653 0.323298 -0.000929611)
(-0.115646 0.261259 -0.00100918)
(-0.123746 0.206098 -0.0010799)
(-0.130695 0.157341 -0.00114057)
(-0.13633 0.114506 -0.00118977)
(-0.140606 0.077103 -0.00122712)
(-0.143489 0.0446814 -0.0012523)
(-0.145011 0.0168241 -0.00126561)
(-0.145228 -0.00684666 -0.00126753)
(-0.144235 -0.026691 -0.00125887)
(-0.142157 -0.0430671 -0.00124075)
(-0.139131 -0.0563074 -0.00121435)
(-0.135295 -0.0667242 -0.00118089)
(-0.130793 -0.0746275 -0.00114161)
(-0.125761 -0.0803198 -0.00109774)
(-0.0021441 1.35905 -1.86973e-05)
(-0.00448958 1.35528 -3.91431e-05)
(-0.00806882 1.35205 -7.0363e-05)
(-0.0109296 1.33685 -9.53383e-05)
(-0.0147517 1.30629 -0.000128692)
(-0.017419 1.26027 -0.000151989)
(-0.02173 1.19935 -0.000189629)
(-0.0259806 1.12492 -0.000226732)
(-0.0312322 1.04052 -0.000272393)
(-0.0370161 0.948319 -0.000322859)
(-0.0436865 0.852781 -0.000381054)
(-0.0523446 0.756305 -0.000456619)
(-0.0608293 0.662525 -0.000530683)
(-0.0706601 0.572922 -0.000616502)
(-0.0802764 0.489337 -0.000700448)
(-0.0901486 0.412312 -0.000786622)
(-0.0994877 0.342274 -0.000868145)
(-0.10822 0.279104 -0.00094437)
(-0.116006 0.222553 -0.00101235)
(-0.122724 0.172234 -0.001071)
(-0.128202 0.127741 -0.00111883)
(-0.132394 0.0886516 -0.00115544)
(-0.13526 0.0545699 -0.00118048)
(-0.136828 0.0251223 -0.00119419)
(-0.137148 -3.61314e-05 -0.001197)
(-0.136307 -0.0212353 -0.00118968)
(-0.134425 -0.0388152 -0.00117326)
(-0.131636 -0.053107 -0.00114894)
(-0.128078 -0.0644254 -0.00111789)
(-0.123889 -0.0730873 -0.00108134)
(-0.119201 -0.0794071 -0.00104047)
(-0.00183133 1.36974 -1.59525e-05)
(-0.00394101 1.36593 -3.43438e-05)
(-0.00700505 1.36328 -6.11237e-05)
(-0.00980872 1.34802 -8.55793e-05)
(-0.0134886 1.31699 -0.000117652)
(-0.0158264 1.27104 -0.000138047)
(-0.0197003 1.21081 -0.000171861)
(-0.023489 1.13748 -0.000204948)
(-0.0284466 1.05414 -0.000248057)
(-0.0339968 0.963404 -0.000296497)
(-0.0404054 0.869121 -0.000352418)
(-0.0487429 0.773972 -0.000425192)
(-0.0567756 0.681016 -0.000495313)
(-0.0661813 0.591962 -0.00057742)
(-0.0752851 0.508424 -0.000656893)
(-0.0846949 0.431057 -0.000739029)
(-0.0935647 0.360275 -0.000816456)
(-0.101889 0.296044 -0.000889125)
(-0.109314 0.238184 -0.000953939)
(-0.115735 0.186394 -0.00101)
(-0.120983 0.140334 -0.00105583)
(-0.125015 0.0996494 -0.00109104)
(-0.127789 0.0639935 -0.00111527)
(-0.12933 0.0330356 -0.00112874)
(-0.129683 0.00646299 -0.00113184)
(-0.128931 -0.0160256 -0.0011253)
(-0.127189 -0.0347489 -0.00111011)
(-0.12459 -0.0500362 -0.00108744)
(-0.121267 -0.0622051 -0.00105845)
(-0.117355 -0.0715806 -0.00102432)
(-0.112981 -0.0784891 -0.000986173)
(-0.00158934 1.37834 -1.38506e-05)
(-0.0035836 1.37448 -3.124e-05)
(-0.00606975 1.37255 -5.29191e-05)
(-0.00907664 1.35793 -7.91509e-05)
(-0.0128055 1.32647 -0.000111694)
(-0.015195 1.28041 -0.000132515)
(-0.0189652 1.22047 -0.000165406)
(-0.022431 1.14834 -0.00019569)
(-0.0269521 1.06627 -0.000235004)
(-0.0321356 0.97718 -0.00028026)
(-0.0381434 0.884257 -0.000332694)
(-0.046121 0.790444 -0.000402331)
(-0.0537365 0.698343 -0.00046881)
(-0.0627167 0.609858 -0.0005472)
(-0.0713374 0.526402 -0.000622453)
(-0.0802741 0.448738 -0.000700455)
(-0.0886625 0.377271 -0.000773678)
(-0.0965408 0.312051 -0.000842449)
(-0.103554 0.252968 -0.000903681)
(-0.109624 0.199796 -0.000956673)
(-0.114583 0.152262 -0.000999973)
(-0.118394 0.110071 -0.00103326)
(-0.121014 0.0729269 -0.00105615)
(-0.122467 0.0405393 -0.00106884)
(-0.122796 0.0126284 -0.00107174)
(-0.122084 -0.0110803 -0.00106554)
(-0.120438 -0.0308833 -0.00105118)
(-0.117991 -0.0471064 -0.00102984)
(-0.114872 -0.0600723 -0.00100262)
(-0.111209 -0.0701139 -0.000970674)
(-0.107124 -0.0775707 -0.000935049)
(-0.00138048 1.387 -1.20305e-05)
(-0.00330817 1.38316 -2.88395e-05)
(-0.00548458 1.3816 -4.78004e-05)
(-0.00827616 1.36808 -7.21452e-05)
(-0.0119956 1.33713 -0.000104638)
(-0.0148602 1.29101 -0.000129596)
(-0.0188235 1.23082 -0.000164159)
(-0.0222122 1.15947 -0.000193768)
(-0.0264682 1.07832 -0.00023078)
(-0.0312349 0.990712 -0.000272418)
(-0.0368469 0.89903 -0.000321404)
(-0.0443632 0.806433 -0.000387017)
(-0.0515437 0.7151 -0.000449698)
(-0.0600488 0.627082 -0.000523936)
(-0.0681999 0.543633 -0.000595085)
(-0.0766516 0.465616 -0.00066885)
(-0.0845629 0.393449 -0.000737905)
(-0.0919824 0.327251 -0.000802671)
(-0.0985694 0.266985 -0.000860178)
(-0.104263 0.21249 -0.000909887)
(-0.108901 0.163551 -0.000950391)
(-0.112453 0.119928 -0.000981413)
(-0.114877 0.0813692 -0.00100258)
(-0.116197 0.0476265 -0.00101413)
(-0.11646 0.0184512 -0.00101644)
(-0.115749 -0.0064071 -0.00101025)
(-0.114168 -0.0272242 -0.000996458)
(-0.111845 -0.0443216 -0.000976194)
(-0.108906 -0.0580288 -0.000950556)
(-0.105473 -0.0686881 -0.000920605)
(-0.101658 -0.0766526 -0.000887339)
(-0.00136884 1.39387 -1.19337e-05)
(-0.00322245 1.39025 -2.80937e-05)
(-0.00543814 1.38922 -4.73892e-05)
(-0.00814125 1.37687 -7.09727e-05)
(-0.0118399 1.34683 -0.000103322)
(-0.0150112 1.30108 -0.000130961)
(-0.0193894 1.24033 -0.000169131)
(-0.0230608 1.1694 -0.000201187)
(-0.0273226 1.08913 -0.000238255)
(-0.031736 1.00285 -0.000276814)
(-0.0369491 0.912458 -0.000322324)
(-0.0439167 0.821102 -0.000383147)
(-0.0506012 0.730604 -0.000441494)
(-0.058522 0.643119 -0.000510629)
(-0.0661145 0.559739 -0.000576898)
(-0.0739778 0.481428 -0.000645525)
(-0.0813377 0.408625 -0.000709765)
(-0.0882381 0.341527 -0.000769999)
(-0.0943489 0.280159 -0.000823349)
(-0.099624 0.224426 -0.000869407)
(-0.103903 0.174168 -0.000906769)
(-0.107156 0.129195 -0.000935181)
(-0.109344 0.0893039 -0.0009543)
(-0.110496 0.0542856 -0.000964371)
(-0.11066 0.0239241 -0.000965822)
(-0.109922 -0.00200847 -0.000959395)
(-0.108383 -0.0237705 -0.000945969)
(-0.106166 -0.0416785 -0.000926632)
(-0.103393 -0.0560706 -0.000902435)
(-0.100175 -0.0672991 -0.00087436)
(-0.0966163 -0.0757312 -0.000843326)
(-0.00124321 1.40224 -1.08333e-05)
(-0.00280675 1.39871 -2.44586e-05)
(-0.00495204 1.39805 -4.31605e-05)
(-0.00707905 1.38687 -6.17357e-05)
(-0.0104881 1.35817 -9.14933e-05)
(-0.0142429 1.31325 -0.000124233)
(-0.0187901 1.25258 -0.000163968)
(-0.0228122 1.18174 -0.000199073)
(-0.0273817 1.10132 -0.000238811)
(-0.0319129 1.01583 -0.00027838)
(-0.0370216 0.926337 -0.000322975)
(-0.043637 0.83591 -0.000380719)
(-0.0499294 0.746007 -0.00043564)
(-0.0573165 0.658851 -0.000500117)
(-0.0644244 0.575396 -0.000562156)
(-0.0717399 0.496694 -0.000626002)
(-0.0785935 0.42319 -0.000685823)
(-0.0850065 0.355169 -0.000741803)
(-0.0906713 0.292701 -0.00079126)
(-0.095545 0.235751 -0.000833814)
(-0.0994695 0.18421 -0.000868084)
(-0.102419 0.137937 -0.000893847)
(-0.104361 0.0967701 -0.000910812)
(-0.10533 0.0605415 -0.000919285)
(-0.105381 0.0290644 -0.000919745)
(-0.104603 0.00212954 -0.000912974)
(-0.103097 -0.0205096 -0.000899833)
(-0.100978 -0.0391654 -0.000881352)
(-0.0983619 -0.054187 -0.000858523)
(-0.0953497 -0.0659382 -0.000832242)
(-0.0920351 -0.0748004 -0.000803335)
(-0.00127963 1.4074 -1.11552e-05)
(-0.00267528 1.40406 -2.33156e-05)
(-0.00464452 1.40379 -4.04723e-05)
(-0.00653894 1.3934 -5.70246e-05)
(-0.00987002 1.36634 -8.61047e-05)
(-0.0130141 1.32256 -0.000113525)
(-0.0176932 1.26311 -0.000154372)
(-0.022898 1.1925 -0.000199781)
(-0.0279046 1.11232 -0.00024339)
(-0.0326111 1.02738 -0.000284485)
(-0.0377986 0.938683 -0.00032976)
(-0.0442311 0.849056 -0.000385902)
(-0.0502158 0.759789 -0.000438137)
(-0.0570612 0.673 -0.000497888)
(-0.0636389 0.589585 -0.000555301)
(-0.0703445 0.510618 -0.000613826)
(-0.0766378 0.436559 -0.000668758)
(-0.0825165 0.367756 -0.000720076)
(-0.0876969 0.304317 -0.000765304)
(-0.0921319 0.246268 -0.000804029)
(-0.0956679 0.193549 -0.000834908)
(-0.0982822 0.14607 -0.000857744)
(-0.0999508 0.10372 -0.000872324)
(-0.100716 0.0663713 -0.000879021)
(-0.100641 0.0338664 -0.000878376)
(-0.0998162 0.00601247 -0.000871192)
(-0.0983381 -0.0174285 -0.000858301)
(-0.0963149 -0.0367671 -0.000840651)
(-0.093851 -0.052364 -0.000819151)
(-0.0910367 -0.0645939 -0.000794596)
(-0.0879543 -0.0738521 -0.000767712)
(-0.00113486 1.41555 -9.89457e-06)
(-0.00226179 1.41158 -1.97122e-05)
(-0.00380824 1.41164 -3.31875e-05)
(-0.00532302 1.40258 -4.64292e-05)
(-0.00831476 1.37681 -7.25314e-05)
(-0.0112286 1.33456 -9.7945e-05)
(-0.0157199 1.27619 -0.000137125)
(-0.0209963 1.20622 -0.000183163)
(-0.0262552 1.12672 -0.00022901)
(-0.0314791 1.04199 -0.000274604)
(-0.0370129 0.953458 -0.000322894)
(-0.0435648 0.864029 -0.000380074)
(-0.0495115 0.774874 -0.00043198)
(-0.0561149 0.688019 -0.000489622)
(-0.0624282 0.604308 -0.000544731)
(-0.0687628 0.524809 -0.000600023)
(-0.0746926 0.449992 -0.000651786)
(-0.080194 0.380252 -0.000699813)
(-0.0850075 0.315729 -0.000741839)
(-0.0890854 0.256499 -0.000777447)
(-0.0922888 0.202552 -0.000805423)
(-0.0946059 0.153851 -0.000825663)
(-0.096029 0.11033 -0.0008381)
(-0.096613 0.0718971 -0.000843213)
(-0.0964293 0.0384164 -0.000841622)
(-0.0955724 0.00970346 -0.000834154)
(-0.0941342 -0.014484 -0.000821611)
(-0.0922132 -0.0344544 -0.00080485)
(-0.0899017 -0.0505812 -0.000784681)
(-0.0872784 -0.0632523 -0.000761791)
(-0.0844143 -0.0728777 -0.00073681)
(-0.00125679 1.4189 -1.09632e-05)
(-0.00270537 1.41457 -2.35896e-05)
(-0.00399761 1.41459 -3.48554e-05)
(-0.00538502 1.40634 -4.69927e-05)
(-0.00814965 1.38237 -7.10985e-05)
(-0.0111303 1.3415 -9.70424e-05)
(-0.0156262 1.28477 -0.000136276)
(-0.0211245 1.21583 -0.00018427)
(-0.026649 1.13723 -0.000232446)
(-0.032034 1.053 -0.000279434)
(-0.0378654 0.964889 -0.000330322)
(-0.0444006 0.875814 -0.000387355)
(-0.0502821 0.786969 -0.000438694)
(-0.0565661 0.700256 -0.000493551)
(-0.0625482 0.616511 -0.000545774)
(-0.0684286 0.536758 -0.000597106)
(-0.073894 0.461472 -0.000644817)
(-0.07891 0.391067 -0.000688608)
(-0.0832516 0.325708 -0.000726516)
(-0.0868754 0.265521 -0.000758161)
(-0.0896639 0.210549 -0.000782516)
(-0.0916217 0.160812 -0.00079962)
(-0.0927587 0.116289 -0.000809559)
(-0.0931391 0.0769233 -0.000812893)
(-0.092838 0.0425982 -0.000810278)
(-0.0919493 0.0131329 -0.00080253)
(-0.0905531 -0.011699 -0.000790352)
(-0.088731 -0.032222 -0.000774455)
(-0.0865643 -0.0488238 -0.00075555)
(-0.0841193 -0.0618995 -0.000734216)
(-0.0814551 -0.0718683 -0.000710977)
(-0.00114427 1.42886 -9.97636e-06)
(-0.00246522 1.42316 -2.1488e-05)
(-0.00374093 1.42227 -3.26203e-05)
(-0.00463142 1.41515 -4.04256e-05)
(-0.00680543 1.39314 -5.93692e-05)
(-0.00950383 1.35459 -8.28104e-05)
(-0.0135045 1.29953 -0.000117733)
(-0.0188655 1.23212 -0.000164548)
(-0.0242307 1.15424 -0.000211336)
(-0.0298272 1.07043 -0.000260164)
(-0.0359665 0.982257 -0.00031374)
(-0.0427244 0.892977 -0.000372718)
(-0.0488107 0.803756 -0.000425848)
(-0.0551593 0.716492 -0.000481272)
(-0.0611697 0.632048 -0.000533744)
(-0.0669577 0.551428 -0.000584273)
(-0.0722757 0.475105 -0.0006307)
(-0.0770818 0.403532 -0.000672662)
(-0.0811799 0.336899 -0.000708446)
(-0.0845396 0.275396 -0.000737785)
(-0.0870792 0.219117 -0.000759968)
(-0.0888233 0.168136 -0.000775206)
(-0.0898019 0.122471 -0.000783761)
(-0.090088 0.0820853 -0.000786269)
(-0.0897615 0.0468722 -0.00078343)
(-0.0888956 0.0166577 -0.000775881)
(-0.0875716 -0.0088594 -0.000764332)
(-0.085877 -0.0299709 -0.000749548)
(-0.0838683 -0.0470555 -0.000732021)
(-0.0815971 -0.0605315 -0.000712202)
(-0.0791153 -0.070835 -0.000690551)
(-0.00132289 1.431 -1.15399e-05)
(-0.00295439 1.42532 -2.57621e-05)
(-0.00383938 1.42376 -3.3485e-05)
(-0.00497185 1.41632 -4.33824e-05)
(-0.00711455 1.39545 -6.20635e-05)
(-0.0099957 1.3584 -8.71659e-05)
(-0.014261 1.30506 -0.000124372)
(-0.0198119 1.23872 -0.000172813)
(-0.0257566 1.16179 -0.000224664)
(-0.0314551 1.07838 -0.000274389)
(-0.0379092 0.990665 -0.000330706)
(-0.0445672 0.901629 -0.000388815)
(-0.0506755 0.812587 -0.000442135)
(-0.0567926 0.725335 -0.000495537)
(-0.0625293 0.640829 -0.000545617)
(-0.0679156 0.560016 -0.000592637)
(-0.0727789 0.483347 -0.000635094)
(-0.0770752 0.411299 -0.000672604)
(-0.080667 0.344076 -0.000703967)
(-0.0835427 0.28191 -0.000729082)
(-0.0856626 0.224935 -0.000747599)
(-0.0870681 0.173266 -0.00075988)
(-0.0878023 0.126944 -0.000766301)
(-0.0879343 0.0859497 -0.000767463)
(-0.0875244 0.0501759 -0.000763894)
(-0.0866798 0.0194333 -0.000756531)
(-0.0854401 -0.00651032 -0.000745719)
(-0.0838255 -0.027953 -0.000731633)
(-0.0819208 -0.0453678 -0.000715014)
(-0.0797789 -0.0591497 -0.000696324)
(-0.0774386 -0.0697341 -0.000675908)
(-0.00127814 1.44317 -1.11587e-05)
(-0.00227995 1.43463 -1.99041e-05)
(-0.00337068 1.43159 -2.93974e-05)
(-0.00427506 1.42586 -3.72948e-05)
(-0.00657458 1.40712 -5.73691e-05)
(-0.00913264 1.37315 -7.97445e-05)
(-0.0130362 1.32205 -0.000113758)
(-0.0181125 1.25812 -0.000157997)
(-0.0234275 1.18331 -0.000204339)
(-0.0286862 1.10121 -0.000250248)
(-0.0344825 1.01357 -0.000300823)
(-0.0409741 0.92452 -0.000357484)
(-0.0470775 0.834874 -0.000410755)
(-0.0532449 0.746839 -0.000464589)
(-0.0590333 0.661183 -0.000515115)
(-0.0644952 0.57905 -0.000562793)
(-0.0694327 0.500839 -0.000605897)
(-0.0738036 0.427141 -0.000644058)
(-0.0774925 0.358202 -0.000676271)
(-0.0804879 0.294338 -0.000702432)
(-0.082767 0.235736 -0.00072234)
(-0.0843634 0.182557 -0.000736288)
(-0.0853181 0.134866 -0.000744632)
(-0.0856904 0.0926506 -0.000747893)
(-0.0855461 0.0558042 -0.000746645)
(-0.0849063 0.0241334 -0.000741069)
(-0.0837739 -0.0026364 -0.000731189)
(-0.0823306 -0.0248806 -0.000718595)
(-0.0806435 -0.0429362 -0.000703879)
(-0.0786708 -0.0572591 -0.000686667)
(-0.0764781 -0.0682992 -0.000667537)
)
;

boundaryField
{
    inlet
    {
        type            zeroGradient;
    }
    outlet
    {
        type            pressureInletOutletVelocity;
        value           nonuniform List<vector> 0();
    }
    walls
    {
        type            noSlip;
    }
    side1
    {
        type            cyclic;
    }
    side2
    {
        type            cyclic;
    }
    procBoundary5to4
    {
        type            processor;
        value           nonuniform List<vector> 
90
(
(-0.973785 -44.1268 0.00855227)
(-0.184763 -38.8581 0.00161515)
(1.82229 -32.7991 -0.0158949)
(-1.03364 -25.8819 0.00902364)
(0.936088 -12.5723 -0.00816192)
(-0.0350888 -0.000196137 0.000306313)
(-0.103069 -0.00436056 0.000899772)
(-0.152565 -0.0110205 0.00133185)
(-0.188352 -0.0188712 0.00164424)
(-0.213143 -0.0269963 0.00186064)
(-0.229545 -0.0348904 0.00200381)
(-0.23962 -0.0422675 0.00209175)
(-0.244888 -0.0489898 0.00213772)
(-0.246502 -0.0550085 0.0021518)
(-0.245361 -0.060326 0.00214183)
(-0.242163 -0.0649719 0.00211391)
(-0.237447 -0.0689896 0.00207273)
(-0.231621 -0.0724281 0.00202187)
(-0.224997 -0.0753373 0.00196403)
(-0.217811 -0.0777666 0.0019013)
(-0.210243 -0.0797633 0.00183523)
(-0.202433 -0.0813729 0.00176705)
(-0.19449 -0.0826384 0.00169771)
(-0.1865 -0.0836006 0.00162795)
(-0.17853 -0.0842977 0.00155838)
(-0.170635 -0.0847659 0.00148945)
(-0.162858 -0.0850386 0.00142156)
(-0.155235 -0.0851467 0.00135502)
(-0.147796 -0.0851181 0.00129008)
(-0.140565 -0.084978 0.00122696)
(-0.133563 -0.0847481 0.00116584)
(-0.126811 -0.0844471 0.0011069)
(-0.120328 -0.0840898 0.00105031)
(-0.114136 -0.0836876 0.00099626)
(-0.108258 -0.0832481 0.000944954)
(-0.102722 -0.0827752 0.000896631)
(-0.0975592 -0.0822697 0.000851564)
(-0.0928042 -0.0817297 0.000810058)
(-0.0884948 -0.0811511 0.000772442)
(-0.0846693 -0.08053 0.00073905)
(-0.0813649 -0.0798617 0.000710207)
(-0.0786171 -0.0791439 0.000686222)
(-0.0764614 -0.0783926 0.000667405)
(-0.074928 -0.0775464 0.000654016)
(-0.0740928 -0.0764983 0.000646739)
(-0.937082 -44.1286 -0.00812245)
(-0.18449 -38.8575 -0.00160802)
(1.82442 -32.799 0.0159252)
(-1.03374 -25.8819 -0.00902098)
(0.936313 -12.5723 0.00817246)
(-0.0350888 -0.000196135 -0.000306336)
(-0.103069 -0.00436055 -0.000899821)
(-0.152565 -0.0110205 -0.00133191)
(-0.188352 -0.0188712 -0.00164429)
(-0.213143 -0.0269963 -0.00186068)
(-0.229545 -0.0348904 -0.00200383)
(-0.23962 -0.0422675 -0.00209175)
(-0.244888 -0.0489898 -0.00213771)
(-0.246502 -0.0550086 -0.00215178)
(-0.245361 -0.060326 -0.0021418)
(-0.242163 -0.0649719 -0.00211387)
(-0.237447 -0.0689896 -0.00207269)
(-0.231621 -0.0724281 -0.00202182)
(-0.224997 -0.0753373 -0.00196399)
(-0.217811 -0.0777666 -0.00190125)
(-0.210243 -0.0797633 -0.00183519)
(-0.202433 -0.0813729 -0.00176701)
(-0.19449 -0.0826384 -0.00169768)
(-0.1865 -0.0836006 -0.00162792)
(-0.17853 -0.0842977 -0.00155835)
(-0.170635 -0.0847659 -0.00148943)
(-0.162858 -0.0850386 -0.00142155)
(-0.155235 -0.0851467 -0.00135501)
(-0.147796 -0.0851181 -0.00129008)
(-0.140565 -0.0849779 -0.00122695)
(-0.133563 -0.0847481 -0.00116584)
(-0.126811 -0.084447 -0.0011069)
(-0.120328 -0.0840898 -0.00105031)
(-0.114136 -0.0836876 -0.000996257)
(-0.108258 -0.0832481 -0.000944951)
(-0.102722 -0.0827752 -0.000896627)
(-0.0975592 -0.0822697 -0.000851559)
(-0.0928042 -0.0817296 -0.000810052)
(-0.0884948 -0.0811511 -0.000772434)
(-0.0846693 -0.08053 -0.000739041)
(-0.0813649 -0.0798617 -0.000710195)
(-0.0786171 -0.0791439 -0.000686208)
(-0.0764614 -0.0783926 -0.000667389)
(-0.074928 -0.0775464 -0.000653999)
(-0.0740928 -0.0764983 -0.00064672)
)
;
    }
}


// ************************************************************************* //
