/*--------------------------------*- C++ -*----------------------------------*\
| =========                 |                                                 |
| \\      /  F ield         | OpenFOAM: The Open Source CFD Toolbox           |
|  \\    /   O peration     | Version:  v2012                                 |
|   \\  /    A nd           | Website:  www.openfoam.com                      |
|    \\/     M anipulation  |                                                 |
\*---------------------------------------------------------------------------*/
FoamFile
{
    version     2.0;
    format      ascii;
    class       volScalarField;
    location    "0.95";
    object      p_rgh;
}
// * * * * * * * * * * * * * * * * * * * * * * * * * * * * * * * * * * * * * //

dimensions      [1 -1 -2 0 0 0 0];


internalField   nonuniform List<scalar> 
3326
(
3.50028e+06
3.50027e+06
3.50027e+06
3.50026e+06
3.50026e+06
3.50026e+06
3.50026e+06
3.50026e+06
3.50026e+06
3.50031e+06
3.5003e+06
3.50029e+06
3.50028e+06
3.50027e+06
3.50027e+06
3.50026e+06
3.50026e+06
3.50026e+06
3.50026e+06
3.50026e+06
3.50026e+06
3.5018e+06
3.50174e+06
3.50167e+06
3.50161e+06
3.50154e+06
3.50147e+06
3.50141e+06
3.50134e+06
3.50127e+06
3.5012e+06
3.50114e+06
3.50107e+06
3.50101e+06
3.50095e+06
3.5009e+06
3.50084e+06
3.50079e+06
3.50074e+06
3.5007e+06
3.50065e+06
3.50061e+06
3.50058e+06
3.50054e+06
3.50051e+06
3.50048e+06
3.50045e+06
3.50043e+06
3.5004e+06
3.50038e+06
3.50037e+06
3.50035e+06
3.50033e+06
3.50032e+06
3.50031e+06
3.5003e+06
3.50029e+06
3.50028e+06
3.50028e+06
3.50027e+06
3.50027e+06
3.50026e+06
3.50026e+06
3.50026e+06
3.50026e+06
3.50026e+06
3.50193e+06
3.50186e+06
3.50179e+06
3.50171e+06
3.50164e+06
3.50156e+06
3.50148e+06
3.50141e+06
3.50133e+06
3.50126e+06
3.50119e+06
3.50112e+06
3.50105e+06
3.50099e+06
3.50093e+06
3.50087e+06
3.50081e+06
3.50076e+06
3.50071e+06
3.50067e+06
3.50063e+06
3.50059e+06
3.50055e+06
3.50052e+06
3.50049e+06
3.50046e+06
3.50043e+06
3.50041e+06
3.50039e+06
3.50037e+06
3.50035e+06
3.50034e+06
3.50032e+06
3.50031e+06
3.5003e+06
3.50029e+06
3.50028e+06
3.50028e+06
3.50027e+06
3.50027e+06
3.50026e+06
3.50026e+06
3.50026e+06
3.50026e+06
3.50026e+06
3.50206e+06
3.50198e+06
3.50191e+06
3.50182e+06
3.50174e+06
3.50165e+06
3.50157e+06
3.50148e+06
3.5014e+06
3.50132e+06
3.50124e+06
3.50116e+06
3.50109e+06
3.50102e+06
3.50096e+06
3.5009e+06
3.50084e+06
3.50078e+06
3.50073e+06
3.50068e+06
3.50064e+06
3.5006e+06
3.50056e+06
3.50052e+06
3.50049e+06
3.50046e+06
3.50044e+06
3.50041e+06
3.50039e+06
3.50037e+06
3.50036e+06
3.50034e+06
3.50033e+06
3.50031e+06
3.5003e+06
3.50029e+06
3.50029e+06
3.50028e+06
3.50027e+06
3.50027e+06
3.50027e+06
3.50026e+06
3.50026e+06
3.50026e+06
3.50027e+06
3.50221e+06
3.50212e+06
3.50203e+06
3.50194e+06
3.50184e+06
3.50175e+06
3.50165e+06
3.50156e+06
3.50147e+06
3.50138e+06
3.50129e+06
3.50121e+06
3.50113e+06
3.50106e+06
3.50099e+06
3.50092e+06
3.50086e+06
3.5008e+06
3.50075e+06
3.5007e+06
3.50065e+06
3.50061e+06
3.50057e+06
3.50053e+06
3.5005e+06
3.50047e+06
3.50044e+06
3.50042e+06
3.5004e+06
3.50038e+06
3.50036e+06
3.50034e+06
3.50033e+06
3.50032e+06
3.50031e+06
3.5003e+06
3.50029e+06
3.50028e+06
3.50028e+06
3.50027e+06
3.50027e+06
3.50027e+06
3.50026e+06
3.50026e+06
3.50027e+06
3.50237e+06
3.50226e+06
3.50216e+06
3.50206e+06
3.50195e+06
3.50184e+06
3.50174e+06
3.50164e+06
3.50153e+06
3.50144e+06
3.50135e+06
3.50126e+06
3.50117e+06
3.50109e+06
3.50102e+06
3.50095e+06
3.50088e+06
3.50082e+06
3.50076e+06
3.50071e+06
3.50066e+06
3.50062e+06
3.50058e+06
3.50054e+06
3.50051e+06
3.50047e+06
3.50045e+06
3.50042e+06
3.5004e+06
3.50038e+06
3.50036e+06
3.50034e+06
3.50033e+06
3.50032e+06
3.50031e+06
3.5003e+06
3.50029e+06
3.50028e+06
3.50028e+06
3.50027e+06
3.50027e+06
3.50027e+06
3.50027e+06
3.50027e+06
3.50027e+06
3.50254e+06
3.50242e+06
3.50231e+06
3.50219e+06
3.50207e+06
3.50195e+06
3.50183e+06
3.50171e+06
3.5016e+06
3.5015e+06
3.5014e+06
3.5013e+06
3.50121e+06
3.50113e+06
3.50105e+06
3.50097e+06
3.5009e+06
3.50084e+06
3.50078e+06
3.50072e+06
3.50067e+06
3.50063e+06
3.50058e+06
3.50055e+06
3.50051e+06
3.50048e+06
3.50045e+06
3.50043e+06
3.5004e+06
3.50038e+06
3.50036e+06
3.50035e+06
3.50033e+06
3.50032e+06
3.50031e+06
3.5003e+06
3.50029e+06
3.50028e+06
3.50028e+06
3.50027e+06
3.50027e+06
3.50027e+06
3.50027e+06
3.50027e+06
3.50027e+06
3.50272e+06
3.50259e+06
3.50246e+06
3.50232e+06
3.50219e+06
3.50205e+06
3.50192e+06
3.5018e+06
3.50168e+06
3.50156e+06
3.50145e+06
3.50135e+06
3.50125e+06
3.50116e+06
3.50108e+06
3.501e+06
3.50092e+06
3.50086e+06
3.50079e+06
3.50074e+06
3.50068e+06
3.50064e+06
3.50059e+06
3.50055e+06
3.50052e+06
3.50048e+06
3.50046e+06
3.50043e+06
3.50041e+06
3.50038e+06
3.50037e+06
3.50035e+06
3.50033e+06
3.50032e+06
3.50031e+06
3.5003e+06
3.50029e+06
3.50029e+06
3.50028e+06
3.50027e+06
3.50027e+06
3.50027e+06
3.50027e+06
3.50027e+06
3.50027e+06
3.50292e+06
3.50277e+06
3.50262e+06
3.50246e+06
3.50231e+06
3.50216e+06
3.50202e+06
3.50188e+06
3.50175e+06
3.50162e+06
3.5015e+06
3.50139e+06
3.50129e+06
3.50119e+06
3.5011e+06
3.50102e+06
3.50094e+06
3.50087e+06
3.50081e+06
3.50075e+06
3.50069e+06
3.50064e+06
3.5006e+06
3.50056e+06
3.50052e+06
3.50049e+06
3.50046e+06
3.50043e+06
3.50041e+06
3.50039e+06
3.50037e+06
3.50035e+06
3.50034e+06
3.50032e+06
3.50031e+06
3.5003e+06
3.50029e+06
3.50029e+06
3.50028e+06
3.50028e+06
3.50027e+06
3.50027e+06
3.50027e+06
3.50027e+06
3.50027e+06
3.50311e+06
3.50295e+06
3.50278e+06
3.50261e+06
3.50244e+06
3.50228e+06
3.50212e+06
3.50197e+06
3.50182e+06
3.50168e+06
3.50156e+06
3.50144e+06
3.50133e+06
3.50123e+06
3.50113e+06
3.50104e+06
3.50096e+06
3.50089e+06
3.50082e+06
3.50076e+06
3.5007e+06
3.50065e+06
3.50061e+06
3.50056e+06
3.50053e+06
3.50049e+06
3.50046e+06
3.50043e+06
3.50041e+06
3.50039e+06
3.50037e+06
3.50035e+06
3.50034e+06
3.50032e+06
3.50031e+06
3.5003e+06
3.50029e+06
3.50029e+06
3.50028e+06
3.50028e+06
3.50027e+06
3.50027e+06
3.50027e+06
3.50027e+06
3.50027e+06
3.50334e+06
3.50315e+06
3.50296e+06
3.50277e+06
3.50258e+06
3.5024e+06
3.50222e+06
3.50205e+06
3.50189e+06
3.50175e+06
3.50161e+06
3.50148e+06
3.50137e+06
3.50126e+06
3.50116e+06
3.50106e+06
3.50098e+06
3.5009e+06
3.50083e+06
3.50077e+06
3.50071e+06
3.50066e+06
3.50061e+06
3.50057e+06
3.50053e+06
3.5005e+06
3.50046e+06
3.50044e+06
3.50041e+06
3.50039e+06
3.50037e+06
3.50035e+06
3.50034e+06
3.50033e+06
3.50031e+06
3.5003e+06
3.5003e+06
3.50029e+06
3.50028e+06
3.50028e+06
3.50027e+06
3.50027e+06
3.50027e+06
3.50027e+06
3.50027e+06
3.50356e+06
3.50336e+06
3.50315e+06
3.50293e+06
3.50272e+06
3.50252e+06
3.50232e+06
3.50214e+06
3.50197e+06
3.50181e+06
3.50166e+06
3.50153e+06
3.5014e+06
3.50129e+06
3.50118e+06
3.50108e+06
3.501e+06
3.50092e+06
3.50084e+06
3.50078e+06
3.50072e+06
3.50066e+06
3.50062e+06
3.50057e+06
3.50053e+06
3.5005e+06
3.50047e+06
3.50044e+06
3.50041e+06
3.50039e+06
3.50037e+06
3.50036e+06
3.50034e+06
3.50033e+06
3.50032e+06
3.50031e+06
3.5003e+06
3.50029e+06
3.50028e+06
3.50028e+06
3.50028e+06
3.50027e+06
3.50027e+06
3.50027e+06
3.50027e+06
3.50382e+06
3.50358e+06
3.50335e+06
3.5031e+06
3.50287e+06
3.50264e+06
3.50243e+06
3.50223e+06
3.50204e+06
3.50187e+06
3.50171e+06
3.50157e+06
3.50144e+06
3.50131e+06
3.5012e+06
3.5011e+06
3.50101e+06
3.50093e+06
3.50085e+06
3.50079e+06
3.50072e+06
3.50067e+06
3.50062e+06
3.50058e+06
3.50054e+06
3.5005e+06
3.50047e+06
3.50044e+06
3.50042e+06
3.50039e+06
3.50037e+06
3.50036e+06
3.50034e+06
3.50033e+06
3.50032e+06
3.50031e+06
3.5003e+06
3.50029e+06
3.50028e+06
3.50028e+06
3.50028e+06
3.50027e+06
3.50027e+06
3.50027e+06
3.50027e+06
3.50406e+06
3.5038e+06
3.50354e+06
3.50327e+06
3.50301e+06
3.50276e+06
3.50253e+06
3.50231e+06
3.50211e+06
3.50193e+06
3.50176e+06
3.50161e+06
3.50147e+06
3.50134e+06
3.50123e+06
3.50112e+06
3.50103e+06
3.50094e+06
3.50086e+06
3.50079e+06
3.50073e+06
3.50067e+06
3.50062e+06
3.50058e+06
3.50054e+06
3.5005e+06
3.50047e+06
3.50044e+06
3.50042e+06
3.5004e+06
3.50038e+06
3.50036e+06
3.50034e+06
3.50033e+06
3.50032e+06
3.50031e+06
3.5003e+06
3.50029e+06
3.50029e+06
3.50028e+06
3.50028e+06
3.50028e+06
3.50027e+06
3.50027e+06
3.50027e+06
3.50436e+06
3.50406e+06
3.50376e+06
3.50345e+06
3.50316e+06
3.50289e+06
3.50263e+06
3.5024e+06
3.50218e+06
3.50199e+06
3.50181e+06
3.50165e+06
3.5015e+06
3.50136e+06
3.50124e+06
3.50114e+06
3.50104e+06
3.50095e+06
3.50087e+06
3.5008e+06
3.50073e+06
3.50068e+06
3.50063e+06
3.50058e+06
3.50054e+06
3.5005e+06
3.50047e+06
3.50044e+06
3.50042e+06
3.5004e+06
3.50038e+06
3.50036e+06
3.50034e+06
3.50033e+06
3.50032e+06
3.50031e+06
3.5003e+06
3.50029e+06
3.50029e+06
3.50028e+06
3.50028e+06
3.50028e+06
3.50027e+06
3.50027e+06
3.50028e+06
3.50462e+06
3.50429e+06
3.50396e+06
3.50363e+06
3.50331e+06
3.50301e+06
3.50273e+06
3.50248e+06
3.50225e+06
3.50204e+06
3.50185e+06
3.50168e+06
3.50153e+06
3.50139e+06
3.50126e+06
3.50115e+06
3.50105e+06
3.50096e+06
3.50087e+06
3.5008e+06
3.50074e+06
3.50068e+06
3.50063e+06
3.50058e+06
3.50054e+06
3.50051e+06
3.50047e+06
3.50044e+06
3.50042e+06
3.5004e+06
3.50038e+06
3.50036e+06
3.50034e+06
3.50033e+06
3.50032e+06
3.50031e+06
3.5003e+06
3.50029e+06
3.50029e+06
3.50028e+06
3.50028e+06
3.50028e+06
3.50028e+06
3.50027e+06
3.50028e+06
3.50501e+06
3.5046e+06
3.50421e+06
3.50382e+06
3.50347e+06
3.50314e+06
3.50284e+06
3.50256e+06
3.50232e+06
3.50209e+06
3.50189e+06
3.50171e+06
3.50155e+06
3.50141e+06
3.50128e+06
3.50116e+06
3.50105e+06
3.50096e+06
3.50088e+06
3.5008e+06
3.50074e+06
3.50068e+06
3.50063e+06
3.50058e+06
3.50054e+06
3.50051e+06
3.50047e+06
3.50045e+06
3.50042e+06
3.5004e+06
3.50038e+06
3.50036e+06
3.50034e+06
3.50033e+06
3.50032e+06
3.50031e+06
3.5003e+06
3.50029e+06
3.50029e+06
3.50028e+06
3.50028e+06
3.50028e+06
3.50028e+06
3.50028e+06
3.50028e+06
3.50528e+06
3.50484e+06
3.50442e+06
3.504e+06
3.50361e+06
3.50326e+06
3.50294e+06
3.50264e+06
3.50238e+06
3.50214e+06
3.50193e+06
3.50174e+06
3.50157e+06
3.50142e+06
3.50129e+06
3.50117e+06
3.50106e+06
3.50097e+06
3.50088e+06
3.50081e+06
3.50074e+06
3.50068e+06
3.50063e+06
3.50058e+06
3.50054e+06
3.50051e+06
3.50047e+06
3.50045e+06
3.50042e+06
3.5004e+06
3.50038e+06
3.50036e+06
3.50035e+06
3.50033e+06
3.50032e+06
3.50031e+06
3.5003e+06
3.50029e+06
3.50029e+06
3.50028e+06
3.50028e+06
3.50028e+06
3.50028e+06
3.50028e+06
3.50028e+06
3.5057e+06
3.50517e+06
3.50468e+06
3.50421e+06
3.50378e+06
3.50339e+06
3.50304e+06
3.50272e+06
3.50244e+06
3.50219e+06
3.50197e+06
3.50177e+06
3.50159e+06
3.50143e+06
3.5013e+06
3.50117e+06
3.50106e+06
3.50097e+06
3.50088e+06
3.50081e+06
3.50074e+06
3.50068e+06
3.50063e+06
3.50058e+06
3.50054e+06
3.50051e+06
3.50047e+06
3.50045e+06
3.50042e+06
3.5004e+06
3.50038e+06
3.50036e+06
3.50035e+06
3.50033e+06
3.50032e+06
3.50031e+06
3.5003e+06
3.50029e+06
3.50029e+06
3.50028e+06
3.50028e+06
3.50028e+06
3.50028e+06
3.50028e+06
3.50028e+06
3.50592e+06
3.50538e+06
3.50488e+06
3.50438e+06
3.50393e+06
3.50351e+06
3.50313e+06
3.5028e+06
3.5025e+06
3.50223e+06
3.50199e+06
3.50179e+06
3.5016e+06
3.50144e+06
3.5013e+06
3.50118e+06
3.50106e+06
3.50097e+06
3.50088e+06
3.50081e+06
3.50074e+06
3.50068e+06
3.50063e+06
3.50058e+06
3.50054e+06
3.5005e+06
3.50047e+06
3.50044e+06
3.50042e+06
3.5004e+06
3.50038e+06
3.50036e+06
3.50035e+06
3.50033e+06
3.50032e+06
3.50031e+06
3.5003e+06
3.5003e+06
3.50029e+06
3.50028e+06
3.50028e+06
3.50028e+06
3.50028e+06
3.50028e+06
3.50028e+06
3.50645e+06
3.50578e+06
3.50518e+06
3.50462e+06
3.50411e+06
3.50365e+06
3.50323e+06
3.50287e+06
3.50255e+06
3.50227e+06
3.50202e+06
3.5018e+06
3.50161e+06
3.50145e+06
3.5013e+06
3.50118e+06
3.50106e+06
3.50097e+06
3.50088e+06
3.5008e+06
3.50074e+06
3.50068e+06
3.50063e+06
3.50058e+06
3.50054e+06
3.5005e+06
3.50047e+06
3.50044e+06
3.50042e+06
3.5004e+06
3.50038e+06
3.50036e+06
3.50035e+06
3.50033e+06
3.50032e+06
3.50031e+06
3.5003e+06
3.5003e+06
3.50029e+06
3.50029e+06
3.50028e+06
3.50028e+06
3.50028e+06
3.50028e+06
3.50028e+06
3.50661e+06
3.50596e+06
3.50536e+06
3.50478e+06
3.50425e+06
3.50376e+06
3.50332e+06
3.50293e+06
3.50259e+06
3.5023e+06
3.50204e+06
3.50181e+06
3.50162e+06
3.50145e+06
3.5013e+06
3.50117e+06
3.50106e+06
3.50096e+06
3.50087e+06
3.5008e+06
3.50073e+06
3.50067e+06
3.50062e+06
3.50058e+06
3.50054e+06
3.5005e+06
3.50047e+06
3.50044e+06
3.50042e+06
3.5004e+06
3.50038e+06
3.50036e+06
3.50035e+06
3.50033e+06
3.50032e+06
3.50031e+06
3.5003e+06
3.5003e+06
3.50029e+06
3.50029e+06
3.50028e+06
3.50028e+06
3.50028e+06
3.50028e+06
3.50028e+06
3.50736e+06
3.50651e+06
3.50576e+06
3.50507e+06
3.50445e+06
3.5039e+06
3.50341e+06
3.50299e+06
3.50263e+06
3.50232e+06
3.50205e+06
3.50182e+06
3.50162e+06
3.50144e+06
3.5013e+06
3.50117e+06
3.50105e+06
3.50095e+06
3.50087e+06
3.50079e+06
3.50073e+06
3.50067e+06
3.50062e+06
3.50057e+06
3.50054e+06
3.5005e+06
3.50047e+06
3.50044e+06
3.50042e+06
3.5004e+06
3.50038e+06
3.50036e+06
3.50035e+06
3.50033e+06
3.50032e+06
3.50031e+06
3.5003e+06
3.5003e+06
3.50029e+06
3.50029e+06
3.50028e+06
3.50028e+06
3.50028e+06
3.50028e+06
3.50028e+06
3.50744e+06
3.50664e+06
3.50592e+06
3.50521e+06
3.50457e+06
3.50399e+06
3.50348e+06
3.50304e+06
3.50266e+06
3.50233e+06
3.50205e+06
3.50181e+06
3.50161e+06
3.50144e+06
3.50129e+06
3.50116e+06
3.50104e+06
3.50095e+06
3.50086e+06
3.50079e+06
3.50072e+06
3.50067e+06
3.50062e+06
3.50057e+06
3.50053e+06
3.5005e+06
3.50047e+06
3.50044e+06
3.50042e+06
3.5004e+06
3.50038e+06
3.50036e+06
3.50034e+06
3.50033e+06
3.50032e+06
3.50031e+06
3.5003e+06
3.5003e+06
3.50029e+06
3.50029e+06
3.50028e+06
3.50028e+06
3.50028e+06
3.50028e+06
3.50028e+06
3.50864e+06
3.50748e+06
3.50648e+06
3.50558e+06
3.5048e+06
3.50413e+06
3.50357e+06
3.50308e+06
3.50268e+06
3.50233e+06
3.50205e+06
3.5018e+06
3.5016e+06
3.50142e+06
3.50127e+06
3.50114e+06
3.50103e+06
3.50094e+06
3.50085e+06
3.50078e+06
3.50072e+06
3.50066e+06
3.50061e+06
3.50057e+06
3.50053e+06
3.5005e+06
3.50047e+06
3.50044e+06
3.50042e+06
3.50039e+06
3.50038e+06
3.50036e+06
3.50034e+06
3.50033e+06
3.50032e+06
3.50031e+06
3.5003e+06
3.5003e+06
3.50029e+06
3.50029e+06
3.50028e+06
3.50028e+06
3.50028e+06
3.50028e+06
3.50028e+06
3.50848e+06
3.50745e+06
3.50653e+06
3.50565e+06
3.50487e+06
3.50418e+06
3.5036e+06
3.5031e+06
3.50268e+06
3.50232e+06
3.50203e+06
3.50178e+06
3.50158e+06
3.5014e+06
3.50126e+06
3.50113e+06
3.50102e+06
3.50092e+06
3.50084e+06
3.50077e+06
3.50071e+06
3.50065e+06
3.50061e+06
3.50056e+06
3.50053e+06
3.50049e+06
3.50046e+06
3.50044e+06
3.50041e+06
3.50039e+06
3.50037e+06
3.50036e+06
3.50034e+06
3.50033e+06
3.50032e+06
3.50031e+06
3.5003e+06
3.5003e+06
3.50029e+06
3.50029e+06
3.50028e+06
3.50028e+06
3.50028e+06
3.50028e+06
3.50028e+06
3.51458e+06
3.51225e+06
3.51033e+06
3.50864e+06
3.50728e+06
3.50609e+06
3.50512e+06
3.50431e+06
3.50365e+06
3.50311e+06
3.50267e+06
3.5023e+06
3.502e+06
3.50176e+06
3.50155e+06
3.50138e+06
3.50123e+06
3.50111e+06
3.501e+06
3.50091e+06
3.50083e+06
3.50076e+06
3.5007e+06
3.50065e+06
3.5006e+06
3.50056e+06
3.50052e+06
3.50049e+06
3.50046e+06
3.50044e+06
3.50041e+06
3.50039e+06
3.50037e+06
3.50036e+06
3.50034e+06
3.50033e+06
3.50032e+06
3.50031e+06
3.5003e+06
3.5003e+06
3.50029e+06
3.50029e+06
3.50028e+06
3.50028e+06
3.50028e+06
3.50028e+06
3.50028e+06
3.5129e+06
3.51111e+06
3.50963e+06
3.50823e+06
3.50706e+06
3.50599e+06
3.50507e+06
3.50427e+06
3.50362e+06
3.50307e+06
3.50263e+06
3.50226e+06
3.50196e+06
3.50172e+06
3.50152e+06
3.50135e+06
3.50121e+06
3.50109e+06
3.50098e+06
3.5009e+06
3.50082e+06
3.50075e+06
3.50069e+06
3.50064e+06
3.50059e+06
3.50055e+06
3.50052e+06
3.50049e+06
3.50046e+06
3.50043e+06
3.50041e+06
3.50039e+06
3.50037e+06
3.50036e+06
3.50034e+06
3.50033e+06
3.50032e+06
3.50031e+06
3.5003e+06
3.5003e+06
3.50029e+06
3.50029e+06
3.50028e+06
3.50028e+06
3.50028e+06
3.50028e+06
3.50028e+06
3.51968e+06
3.51562e+06
3.51254e+06
3.51001e+06
3.50809e+06
3.50654e+06
3.50534e+06
3.50438e+06
3.50363e+06
3.50304e+06
3.50258e+06
3.50221e+06
3.50191e+06
3.50167e+06
3.50148e+06
3.50132e+06
3.50118e+06
3.50106e+06
3.50096e+06
3.50088e+06
3.5008e+06
3.50074e+06
3.50068e+06
3.50063e+06
3.50059e+06
3.50055e+06
3.50051e+06
3.50048e+06
3.50046e+06
3.50043e+06
3.50041e+06
3.50039e+06
3.50037e+06
3.50036e+06
3.50034e+06
3.50033e+06
3.50032e+06
3.50031e+06
3.5003e+06
3.5003e+06
3.50029e+06
3.50029e+06
3.50028e+06
3.50028e+06
3.50028e+06
3.50028e+06
3.50028e+06
3.51527e+06
3.51259e+06
3.51056e+06
3.50875e+06
3.50732e+06
3.50607e+06
3.50504e+06
3.50417e+06
3.50349e+06
3.50293e+06
3.50249e+06
3.50213e+06
3.50185e+06
3.50162e+06
3.50143e+06
3.50128e+06
3.50115e+06
3.50104e+06
3.50094e+06
3.50086e+06
3.50079e+06
3.50073e+06
3.50067e+06
3.50062e+06
3.50058e+06
3.50054e+06
3.50051e+06
3.50048e+06
3.50045e+06
3.50043e+06
3.50041e+06
3.50039e+06
3.50037e+06
3.50035e+06
3.50034e+06
3.50033e+06
3.50032e+06
3.50031e+06
3.5003e+06
3.5003e+06
3.50029e+06
3.50029e+06
3.50028e+06
3.50028e+06
3.50028e+06
3.50028e+06
3.50028e+06
3.52671e+06
3.51986e+06
3.51501e+06
3.5113e+06
3.50868e+06
3.50672e+06
3.50529e+06
3.50422e+06
3.50344e+06
3.50284e+06
3.50239e+06
3.50205e+06
3.50177e+06
3.50156e+06
3.50138e+06
3.50124e+06
3.50111e+06
3.50101e+06
3.50092e+06
3.50084e+06
3.50077e+06
3.50072e+06
3.50066e+06
3.50062e+06
3.50057e+06
3.50054e+06
3.50051e+06
3.50048e+06
3.50045e+06
3.50043e+06
3.5004e+06
3.50039e+06
3.50037e+06
3.50035e+06
3.50034e+06
3.50033e+06
3.50032e+06
3.50031e+06
3.5003e+06
3.5003e+06
3.50029e+06
3.50029e+06
3.50028e+06
3.50028e+06
3.50028e+06
3.50028e+06
3.50028e+06
3.51612e+06
3.51288e+06
3.51042e+06
3.50841e+06
3.50689e+06
3.50563e+06
3.50461e+06
3.50379e+06
3.50315e+06
3.50264e+06
3.50224e+06
3.50193e+06
3.50168e+06
3.50149e+06
3.50133e+06
3.50119e+06
3.50108e+06
3.50098e+06
3.5009e+06
3.50082e+06
3.50076e+06
3.5007e+06
3.50065e+06
3.50061e+06
3.50057e+06
3.50053e+06
3.5005e+06
3.50047e+06
3.50045e+06
3.50042e+06
3.5004e+06
3.50038e+06
3.50037e+06
3.50035e+06
3.50034e+06
3.50033e+06
3.50032e+06
3.50031e+06
3.5003e+06
3.50029e+06
3.50029e+06
3.50029e+06
3.50028e+06
3.50028e+06
3.50028e+06
3.50028e+06
3.50028e+06
3.53452e+06
3.52404e+06
3.51675e+06
3.51179e+06
3.50852e+06
3.5063e+06
3.5048e+06
3.50375e+06
3.50303e+06
3.5025e+06
3.50211e+06
3.50182e+06
3.50159e+06
3.50142e+06
3.50127e+06
3.50115e+06
3.50104e+06
3.50095e+06
3.50088e+06
3.50081e+06
3.50075e+06
3.50069e+06
3.50064e+06
3.5006e+06
3.50056e+06
3.50053e+06
3.5005e+06
3.50047e+06
3.50044e+06
3.50042e+06
3.5004e+06
3.50038e+06
3.50037e+06
3.50035e+06
3.50034e+06
3.50033e+06
3.50032e+06
3.50031e+06
3.5003e+06
3.50029e+06
3.50029e+06
3.50029e+06
3.50028e+06
3.50028e+06
3.50028e+06
3.50028e+06
3.50028e+06
3.51289e+06
3.51008e+06
3.50754e+06
3.5063e+06
3.50522e+06
3.50439e+06
3.50367e+06
3.50308e+06
3.50261e+06
3.50222e+06
3.50192e+06
3.50169e+06
3.5015e+06
3.50134e+06
3.50121e+06
3.5011e+06
3.50101e+06
3.50093e+06
3.50085e+06
3.50079e+06
3.50073e+06
3.50068e+06
3.50063e+06
3.50059e+06
3.50056e+06
3.50052e+06
3.50049e+06
3.50046e+06
3.50044e+06
3.50042e+06
3.5004e+06
3.50038e+06
3.50036e+06
3.50035e+06
3.50034e+06
3.50033e+06
3.50032e+06
3.50031e+06
3.5003e+06
3.50029e+06
3.50029e+06
3.50029e+06
3.50028e+06
3.50028e+06
3.50028e+06
3.50028e+06
3.50028e+06
3.53265e+06
3.52182e+06
3.51388e+06
3.50956e+06
3.50663e+06
3.5049e+06
3.50373e+06
3.50296e+06
3.50244e+06
3.50206e+06
3.50179e+06
3.50158e+06
3.50141e+06
3.50128e+06
3.50116e+06
3.50107e+06
3.50098e+06
3.5009e+06
3.50084e+06
3.50077e+06
3.50072e+06
3.50067e+06
3.50063e+06
3.50059e+06
3.50055e+06
3.50052e+06
3.50049e+06
3.50046e+06
3.50044e+06
3.50042e+06
3.5004e+06
3.50038e+06
3.50036e+06
3.50035e+06
3.50034e+06
3.50032e+06
3.50031e+06
3.50031e+06
3.5003e+06
3.50029e+06
3.50029e+06
3.50029e+06
3.50028e+06
3.50028e+06
3.50028e+06
3.50028e+06
3.50028e+06
3.49744e+06
3.50234e+06
3.50202e+06
3.50293e+06
3.50281e+06
3.5028e+06
3.50255e+06
3.5023e+06
3.50204e+06
3.50181e+06
3.50163e+06
3.50147e+06
3.50133e+06
3.50122e+06
3.50112e+06
3.50103e+06
3.50095e+06
3.50088e+06
3.50082e+06
3.50076e+06
3.50071e+06
3.50066e+06
3.50062e+06
3.50058e+06
3.50054e+06
3.50051e+06
3.50048e+06
3.50046e+06
3.50043e+06
3.50041e+06
3.50039e+06
3.50038e+06
3.50036e+06
3.50035e+06
3.50033e+06
3.50032e+06
3.50031e+06
3.50031e+06
3.5003e+06
3.50029e+06
3.50029e+06
3.50029e+06
3.50028e+06
3.50028e+06
3.50028e+06
3.50028e+06
3.50028e+06
3.51545e+06
3.51095e+06
3.50544e+06
3.50433e+06
3.50317e+06
3.5028e+06
3.5024e+06
3.50213e+06
3.50189e+06
3.50169e+06
3.50153e+06
3.50139e+06
3.50128e+06
3.50118e+06
3.50109e+06
3.501e+06
3.50093e+06
3.50086e+06
3.5008e+06
3.50075e+06
3.5007e+06
3.50065e+06
3.50061e+06
3.50057e+06
3.50054e+06
3.50051e+06
3.50048e+06
3.50045e+06
3.50043e+06
3.50041e+06
3.50039e+06
3.50037e+06
3.50036e+06
3.50035e+06
3.50033e+06
3.50032e+06
3.50031e+06
3.5003e+06
3.5003e+06
3.50029e+06
3.50029e+06
3.50028e+06
3.50028e+06
3.50028e+06
3.50028e+06
3.50028e+06
3.50028e+06
3.50028e+06
3.50027e+06
3.50027e+06
3.50026e+06
3.50026e+06
3.50026e+06
3.50026e+06
3.50026e+06
3.50026e+06
3.50031e+06
3.5003e+06
3.50029e+06
3.50028e+06
3.50027e+06
3.50027e+06
3.50026e+06
3.50026e+06
3.50026e+06
3.50026e+06
3.50026e+06
3.50026e+06
3.5018e+06
3.50174e+06
3.50167e+06
3.50161e+06
3.50154e+06
3.50147e+06
3.50141e+06
3.50134e+06
3.50127e+06
3.5012e+06
3.50114e+06
3.50107e+06
3.50101e+06
3.50095e+06
3.5009e+06
3.50084e+06
3.50079e+06
3.50074e+06
3.5007e+06
3.50065e+06
3.50061e+06
3.50058e+06
3.50054e+06
3.50051e+06
3.50048e+06
3.50045e+06
3.50043e+06
3.5004e+06
3.50038e+06
3.50037e+06
3.50035e+06
3.50033e+06
3.50032e+06
3.50031e+06
3.5003e+06
3.50029e+06
3.50028e+06
3.50028e+06
3.50027e+06
3.50027e+06
3.50026e+06
3.50026e+06
3.50026e+06
3.50026e+06
3.50026e+06
3.50193e+06
3.50186e+06
3.50179e+06
3.50171e+06
3.50164e+06
3.50156e+06
3.50148e+06
3.50141e+06
3.50133e+06
3.50126e+06
3.50119e+06
3.50112e+06
3.50105e+06
3.50099e+06
3.50093e+06
3.50087e+06
3.50081e+06
3.50076e+06
3.50071e+06
3.50067e+06
3.50063e+06
3.50059e+06
3.50055e+06
3.50052e+06
3.50049e+06
3.50046e+06
3.50043e+06
3.50041e+06
3.50039e+06
3.50037e+06
3.50035e+06
3.50034e+06
3.50032e+06
3.50031e+06
3.5003e+06
3.50029e+06
3.50028e+06
3.50028e+06
3.50027e+06
3.50027e+06
3.50026e+06
3.50026e+06
3.50026e+06
3.50026e+06
3.50026e+06
3.50206e+06
3.50198e+06
3.50191e+06
3.50182e+06
3.50174e+06
3.50165e+06
3.50157e+06
3.50148e+06
3.5014e+06
3.50132e+06
3.50124e+06
3.50116e+06
3.50109e+06
3.50102e+06
3.50096e+06
3.5009e+06
3.50084e+06
3.50078e+06
3.50073e+06
3.50068e+06
3.50064e+06
3.5006e+06
3.50056e+06
3.50052e+06
3.50049e+06
3.50046e+06
3.50044e+06
3.50041e+06
3.50039e+06
3.50037e+06
3.50036e+06
3.50034e+06
3.50033e+06
3.50031e+06
3.5003e+06
3.50029e+06
3.50029e+06
3.50028e+06
3.50027e+06
3.50027e+06
3.50027e+06
3.50026e+06
3.50026e+06
3.50026e+06
3.50027e+06
3.50221e+06
3.50212e+06
3.50203e+06
3.50194e+06
3.50184e+06
3.50175e+06
3.50165e+06
3.50156e+06
3.50147e+06
3.50138e+06
3.50129e+06
3.50121e+06
3.50113e+06
3.50106e+06
3.50099e+06
3.50092e+06
3.50086e+06
3.5008e+06
3.50075e+06
3.5007e+06
3.50065e+06
3.50061e+06
3.50057e+06
3.50053e+06
3.5005e+06
3.50047e+06
3.50044e+06
3.50042e+06
3.5004e+06
3.50038e+06
3.50036e+06
3.50034e+06
3.50033e+06
3.50032e+06
3.50031e+06
3.5003e+06
3.50029e+06
3.50028e+06
3.50028e+06
3.50027e+06
3.50027e+06
3.50027e+06
3.50026e+06
3.50026e+06
3.50027e+06
3.50237e+06
3.50226e+06
3.50216e+06
3.50206e+06
3.50195e+06
3.50184e+06
3.50174e+06
3.50164e+06
3.50153e+06
3.50144e+06
3.50135e+06
3.50126e+06
3.50117e+06
3.50109e+06
3.50102e+06
3.50095e+06
3.50088e+06
3.50082e+06
3.50076e+06
3.50071e+06
3.50066e+06
3.50062e+06
3.50058e+06
3.50054e+06
3.50051e+06
3.50047e+06
3.50045e+06
3.50042e+06
3.5004e+06
3.50038e+06
3.50036e+06
3.50034e+06
3.50033e+06
3.50032e+06
3.50031e+06
3.5003e+06
3.50029e+06
3.50028e+06
3.50028e+06
3.50027e+06
3.50027e+06
3.50027e+06
3.50027e+06
3.50027e+06
3.50027e+06
3.50254e+06
3.50242e+06
3.50231e+06
3.50219e+06
3.50207e+06
3.50195e+06
3.50183e+06
3.50171e+06
3.5016e+06
3.5015e+06
3.5014e+06
3.5013e+06
3.50121e+06
3.50113e+06
3.50105e+06
3.50097e+06
3.5009e+06
3.50084e+06
3.50078e+06
3.50072e+06
3.50067e+06
3.50063e+06
3.50058e+06
3.50055e+06
3.50051e+06
3.50048e+06
3.50045e+06
3.50043e+06
3.5004e+06
3.50038e+06
3.50036e+06
3.50035e+06
3.50033e+06
3.50032e+06
3.50031e+06
3.5003e+06
3.50029e+06
3.50028e+06
3.50028e+06
3.50027e+06
3.50027e+06
3.50027e+06
3.50027e+06
3.50027e+06
3.50027e+06
3.50272e+06
3.50259e+06
3.50246e+06
3.50232e+06
3.50219e+06
3.50205e+06
3.50192e+06
3.5018e+06
3.50168e+06
3.50156e+06
3.50145e+06
3.50135e+06
3.50125e+06
3.50116e+06
3.50108e+06
3.501e+06
3.50092e+06
3.50086e+06
3.50079e+06
3.50074e+06
3.50068e+06
3.50064e+06
3.50059e+06
3.50055e+06
3.50052e+06
3.50048e+06
3.50046e+06
3.50043e+06
3.50041e+06
3.50038e+06
3.50037e+06
3.50035e+06
3.50033e+06
3.50032e+06
3.50031e+06
3.5003e+06
3.50029e+06
3.50029e+06
3.50028e+06
3.50027e+06
3.50027e+06
3.50027e+06
3.50027e+06
3.50027e+06
3.50027e+06
3.50292e+06
3.50277e+06
3.50262e+06
3.50246e+06
3.50231e+06
3.50216e+06
3.50202e+06
3.50188e+06
3.50175e+06
3.50162e+06
3.5015e+06
3.50139e+06
3.50129e+06
3.50119e+06
3.5011e+06
3.50102e+06
3.50094e+06
3.50087e+06
3.50081e+06
3.50075e+06
3.50069e+06
3.50064e+06
3.5006e+06
3.50056e+06
3.50052e+06
3.50049e+06
3.50046e+06
3.50043e+06
3.50041e+06
3.50039e+06
3.50037e+06
3.50035e+06
3.50034e+06
3.50032e+06
3.50031e+06
3.5003e+06
3.50029e+06
3.50029e+06
3.50028e+06
3.50028e+06
3.50027e+06
3.50027e+06
3.50027e+06
3.50027e+06
3.50027e+06
3.50311e+06
3.50295e+06
3.50278e+06
3.50261e+06
3.50244e+06
3.50228e+06
3.50212e+06
3.50197e+06
3.50182e+06
3.50168e+06
3.50156e+06
3.50144e+06
3.50133e+06
3.50123e+06
3.50113e+06
3.50104e+06
3.50096e+06
3.50089e+06
3.50082e+06
3.50076e+06
3.5007e+06
3.50065e+06
3.50061e+06
3.50056e+06
3.50053e+06
3.50049e+06
3.50046e+06
3.50043e+06
3.50041e+06
3.50039e+06
3.50037e+06
3.50035e+06
3.50034e+06
3.50032e+06
3.50031e+06
3.5003e+06
3.50029e+06
3.50029e+06
3.50028e+06
3.50028e+06
3.50027e+06
3.50027e+06
3.50027e+06
3.50027e+06
3.50027e+06
3.50334e+06
3.50315e+06
3.50296e+06
3.50277e+06
3.50258e+06
3.5024e+06
3.50222e+06
3.50205e+06
3.50189e+06
3.50175e+06
3.50161e+06
3.50148e+06
3.50137e+06
3.50126e+06
3.50116e+06
3.50106e+06
3.50098e+06
3.5009e+06
3.50083e+06
3.50077e+06
3.50071e+06
3.50066e+06
3.50061e+06
3.50057e+06
3.50053e+06
3.5005e+06
3.50046e+06
3.50044e+06
3.50041e+06
3.50039e+06
3.50037e+06
3.50035e+06
3.50034e+06
3.50033e+06
3.50031e+06
3.5003e+06
3.5003e+06
3.50029e+06
3.50028e+06
3.50028e+06
3.50027e+06
3.50027e+06
3.50027e+06
3.50027e+06
3.50027e+06
3.50356e+06
3.50336e+06
3.50315e+06
3.50293e+06
3.50272e+06
3.50252e+06
3.50232e+06
3.50214e+06
3.50197e+06
3.50181e+06
3.50166e+06
3.50153e+06
3.5014e+06
3.50129e+06
3.50118e+06
3.50108e+06
3.501e+06
3.50092e+06
3.50084e+06
3.50078e+06
3.50072e+06
3.50066e+06
3.50062e+06
3.50057e+06
3.50053e+06
3.5005e+06
3.50047e+06
3.50044e+06
3.50041e+06
3.50039e+06
3.50037e+06
3.50036e+06
3.50034e+06
3.50033e+06
3.50032e+06
3.50031e+06
3.5003e+06
3.50029e+06
3.50028e+06
3.50028e+06
3.50028e+06
3.50027e+06
3.50027e+06
3.50027e+06
3.50027e+06
3.50382e+06
3.50358e+06
3.50335e+06
3.5031e+06
3.50287e+06
3.50264e+06
3.50243e+06
3.50223e+06
3.50204e+06
3.50187e+06
3.50171e+06
3.50157e+06
3.50144e+06
3.50131e+06
3.5012e+06
3.5011e+06
3.50101e+06
3.50093e+06
3.50085e+06
3.50079e+06
3.50072e+06
3.50067e+06
3.50062e+06
3.50058e+06
3.50054e+06
3.5005e+06
3.50047e+06
3.50044e+06
3.50042e+06
3.50039e+06
3.50037e+06
3.50036e+06
3.50034e+06
3.50033e+06
3.50032e+06
3.50031e+06
3.5003e+06
3.50029e+06
3.50028e+06
3.50028e+06
3.50028e+06
3.50027e+06
3.50027e+06
3.50027e+06
3.50027e+06
3.50406e+06
3.5038e+06
3.50354e+06
3.50327e+06
3.50301e+06
3.50276e+06
3.50253e+06
3.50231e+06
3.50211e+06
3.50193e+06
3.50176e+06
3.50161e+06
3.50147e+06
3.50134e+06
3.50123e+06
3.50112e+06
3.50103e+06
3.50094e+06
3.50086e+06
3.50079e+06
3.50073e+06
3.50067e+06
3.50062e+06
3.50058e+06
3.50054e+06
3.5005e+06
3.50047e+06
3.50044e+06
3.50042e+06
3.5004e+06
3.50038e+06
3.50036e+06
3.50034e+06
3.50033e+06
3.50032e+06
3.50031e+06
3.5003e+06
3.50029e+06
3.50029e+06
3.50028e+06
3.50028e+06
3.50028e+06
3.50027e+06
3.50027e+06
3.50027e+06
3.50436e+06
3.50406e+06
3.50376e+06
3.50345e+06
3.50316e+06
3.50289e+06
3.50263e+06
3.5024e+06
3.50218e+06
3.50199e+06
3.50181e+06
3.50165e+06
3.5015e+06
3.50136e+06
3.50124e+06
3.50114e+06
3.50104e+06
3.50095e+06
3.50087e+06
3.5008e+06
3.50073e+06
3.50068e+06
3.50063e+06
3.50058e+06
3.50054e+06
3.5005e+06
3.50047e+06
3.50044e+06
3.50042e+06
3.5004e+06
3.50038e+06
3.50036e+06
3.50034e+06
3.50033e+06
3.50032e+06
3.50031e+06
3.5003e+06
3.50029e+06
3.50029e+06
3.50028e+06
3.50028e+06
3.50028e+06
3.50027e+06
3.50027e+06
3.50028e+06
3.50462e+06
3.50429e+06
3.50396e+06
3.50363e+06
3.50331e+06
3.50301e+06
3.50273e+06
3.50248e+06
3.50225e+06
3.50204e+06
3.50185e+06
3.50168e+06
3.50153e+06
3.50139e+06
3.50126e+06
3.50115e+06
3.50105e+06
3.50096e+06
3.50087e+06
3.5008e+06
3.50074e+06
3.50068e+06
3.50063e+06
3.50058e+06
3.50054e+06
3.50051e+06
3.50047e+06
3.50044e+06
3.50042e+06
3.5004e+06
3.50038e+06
3.50036e+06
3.50034e+06
3.50033e+06
3.50032e+06
3.50031e+06
3.5003e+06
3.50029e+06
3.50029e+06
3.50028e+06
3.50028e+06
3.50028e+06
3.50028e+06
3.50027e+06
3.50028e+06
3.50501e+06
3.5046e+06
3.50421e+06
3.50382e+06
3.50347e+06
3.50314e+06
3.50284e+06
3.50256e+06
3.50232e+06
3.50209e+06
3.50189e+06
3.50171e+06
3.50155e+06
3.50141e+06
3.50128e+06
3.50116e+06
3.50105e+06
3.50096e+06
3.50088e+06
3.5008e+06
3.50074e+06
3.50068e+06
3.50063e+06
3.50058e+06
3.50054e+06
3.50051e+06
3.50047e+06
3.50045e+06
3.50042e+06
3.5004e+06
3.50038e+06
3.50036e+06
3.50034e+06
3.50033e+06
3.50032e+06
3.50031e+06
3.5003e+06
3.50029e+06
3.50029e+06
3.50028e+06
3.50028e+06
3.50028e+06
3.50028e+06
3.50028e+06
3.50028e+06
3.50528e+06
3.50484e+06
3.50442e+06
3.504e+06
3.50361e+06
3.50326e+06
3.50294e+06
3.50264e+06
3.50238e+06
3.50214e+06
3.50193e+06
3.50174e+06
3.50157e+06
3.50142e+06
3.50129e+06
3.50117e+06
3.50106e+06
3.50097e+06
3.50088e+06
3.50081e+06
3.50074e+06
3.50068e+06
3.50063e+06
3.50058e+06
3.50054e+06
3.50051e+06
3.50047e+06
3.50045e+06
3.50042e+06
3.5004e+06
3.50038e+06
3.50036e+06
3.50035e+06
3.50033e+06
3.50032e+06
3.50031e+06
3.5003e+06
3.50029e+06
3.50029e+06
3.50028e+06
3.50028e+06
3.50028e+06
3.50028e+06
3.50028e+06
3.50028e+06
3.5057e+06
3.50517e+06
3.50468e+06
3.50421e+06
3.50378e+06
3.50339e+06
3.50304e+06
3.50272e+06
3.50244e+06
3.50219e+06
3.50197e+06
3.50177e+06
3.50159e+06
3.50143e+06
3.5013e+06
3.50117e+06
3.50106e+06
3.50097e+06
3.50088e+06
3.50081e+06
3.50074e+06
3.50068e+06
3.50063e+06
3.50058e+06
3.50054e+06
3.50051e+06
3.50047e+06
3.50045e+06
3.50042e+06
3.5004e+06
3.50038e+06
3.50036e+06
3.50035e+06
3.50033e+06
3.50032e+06
3.50031e+06
3.5003e+06
3.50029e+06
3.50029e+06
3.50028e+06
3.50028e+06
3.50028e+06
3.50028e+06
3.50028e+06
3.50028e+06
3.50592e+06
3.50538e+06
3.50488e+06
3.50438e+06
3.50393e+06
3.50351e+06
3.50313e+06
3.5028e+06
3.5025e+06
3.50223e+06
3.50199e+06
3.50179e+06
3.5016e+06
3.50144e+06
3.5013e+06
3.50118e+06
3.50106e+06
3.50097e+06
3.50088e+06
3.50081e+06
3.50074e+06
3.50068e+06
3.50063e+06
3.50058e+06
3.50054e+06
3.5005e+06
3.50047e+06
3.50044e+06
3.50042e+06
3.5004e+06
3.50038e+06
3.50036e+06
3.50035e+06
3.50033e+06
3.50032e+06
3.50031e+06
3.5003e+06
3.5003e+06
3.50029e+06
3.50028e+06
3.50028e+06
3.50028e+06
3.50028e+06
3.50028e+06
3.50028e+06
3.50645e+06
3.50578e+06
3.50518e+06
3.50462e+06
3.50411e+06
3.50365e+06
3.50323e+06
3.50287e+06
3.50255e+06
3.50227e+06
3.50202e+06
3.5018e+06
3.50161e+06
3.50145e+06
3.5013e+06
3.50118e+06
3.50106e+06
3.50097e+06
3.50088e+06
3.5008e+06
3.50074e+06
3.50068e+06
3.50063e+06
3.50058e+06
3.50054e+06
3.5005e+06
3.50047e+06
3.50044e+06
3.50042e+06
3.5004e+06
3.50038e+06
3.50036e+06
3.50035e+06
3.50033e+06
3.50032e+06
3.50031e+06
3.5003e+06
3.5003e+06
3.50029e+06
3.50029e+06
3.50028e+06
3.50028e+06
3.50028e+06
3.50028e+06
3.50028e+06
3.50661e+06
3.50596e+06
3.50536e+06
3.50478e+06
3.50425e+06
3.50376e+06
3.50332e+06
3.50293e+06
3.50259e+06
3.5023e+06
3.50204e+06
3.50181e+06
3.50162e+06
3.50145e+06
3.5013e+06
3.50117e+06
3.50106e+06
3.50096e+06
3.50087e+06
3.5008e+06
3.50073e+06
3.50067e+06
3.50062e+06
3.50058e+06
3.50054e+06
3.5005e+06
3.50047e+06
3.50044e+06
3.50042e+06
3.5004e+06
3.50038e+06
3.50036e+06
3.50035e+06
3.50033e+06
3.50032e+06
3.50031e+06
3.5003e+06
3.5003e+06
3.50029e+06
3.50029e+06
3.50028e+06
3.50028e+06
3.50028e+06
3.50028e+06
3.50028e+06
3.50736e+06
3.50651e+06
3.50576e+06
3.50507e+06
3.50445e+06
3.5039e+06
3.50341e+06
3.50299e+06
3.50263e+06
3.50232e+06
3.50205e+06
3.50182e+06
3.50162e+06
3.50145e+06
3.5013e+06
3.50117e+06
3.50105e+06
3.50095e+06
3.50087e+06
3.50079e+06
3.50073e+06
3.50067e+06
3.50062e+06
3.50057e+06
3.50054e+06
3.5005e+06
3.50047e+06
3.50044e+06
3.50042e+06
3.5004e+06
3.50038e+06
3.50036e+06
3.50035e+06
3.50033e+06
3.50032e+06
3.50031e+06
3.5003e+06
3.5003e+06
3.50029e+06
3.50029e+06
3.50028e+06
3.50028e+06
3.50028e+06
3.50028e+06
3.50028e+06
3.50744e+06
3.50664e+06
3.50592e+06
3.50521e+06
3.50457e+06
3.50399e+06
3.50348e+06
3.50304e+06
3.50266e+06
3.50233e+06
3.50205e+06
3.50181e+06
3.50161e+06
3.50144e+06
3.50129e+06
3.50116e+06
3.50104e+06
3.50095e+06
3.50086e+06
3.50079e+06
3.50072e+06
3.50067e+06
3.50062e+06
3.50057e+06
3.50053e+06
3.5005e+06
3.50047e+06
3.50044e+06
3.50042e+06
3.5004e+06
3.50038e+06
3.50036e+06
3.50034e+06
3.50033e+06
3.50032e+06
3.50031e+06
3.5003e+06
3.5003e+06
3.50029e+06
3.50029e+06
3.50028e+06
3.50028e+06
3.50028e+06
3.50028e+06
3.50028e+06
3.50864e+06
3.50748e+06
3.50648e+06
3.50558e+06
3.5048e+06
3.50413e+06
3.50357e+06
3.50308e+06
3.50268e+06
3.50233e+06
3.50205e+06
3.5018e+06
3.5016e+06
3.50142e+06
3.50127e+06
3.50114e+06
3.50103e+06
3.50094e+06
3.50085e+06
3.50078e+06
3.50072e+06
3.50066e+06
3.50061e+06
3.50057e+06
3.50053e+06
3.5005e+06
3.50047e+06
3.50044e+06
3.50042e+06
3.50039e+06
3.50038e+06
3.50036e+06
3.50034e+06
3.50033e+06
3.50032e+06
3.50031e+06
3.5003e+06
3.5003e+06
3.50029e+06
3.50029e+06
3.50028e+06
3.50028e+06
3.50028e+06
3.50028e+06
3.50028e+06
3.50848e+06
3.50745e+06
3.50653e+06
3.50565e+06
3.50487e+06
3.50418e+06
3.5036e+06
3.5031e+06
3.50268e+06
3.50232e+06
3.50203e+06
3.50178e+06
3.50158e+06
3.5014e+06
3.50126e+06
3.50113e+06
3.50102e+06
3.50092e+06
3.50084e+06
3.50077e+06
3.50071e+06
3.50065e+06
3.50061e+06
3.50056e+06
3.50053e+06
3.50049e+06
3.50046e+06
3.50044e+06
3.50041e+06
3.50039e+06
3.50037e+06
3.50036e+06
3.50034e+06
3.50033e+06
3.50032e+06
3.50031e+06
3.5003e+06
3.5003e+06
3.50029e+06
3.50029e+06
3.50028e+06
3.50028e+06
3.50028e+06
3.50028e+06
3.50028e+06
3.51458e+06
3.51225e+06
3.51033e+06
3.50864e+06
3.50728e+06
3.50609e+06
3.50512e+06
3.50431e+06
3.50365e+06
3.50311e+06
3.50267e+06
3.5023e+06
3.502e+06
3.50176e+06
3.50155e+06
3.50138e+06
3.50123e+06
3.50111e+06
3.501e+06
3.50091e+06
3.50083e+06
3.50076e+06
3.5007e+06
3.50065e+06
3.5006e+06
3.50056e+06
3.50052e+06
3.50049e+06
3.50046e+06
3.50044e+06
3.50041e+06
3.50039e+06
3.50037e+06
3.50036e+06
3.50034e+06
3.50033e+06
3.50032e+06
3.50031e+06
3.5003e+06
3.5003e+06
3.50029e+06
3.50029e+06
3.50028e+06
3.50028e+06
3.50028e+06
3.50028e+06
3.50028e+06
3.5129e+06
3.51111e+06
3.50963e+06
3.50823e+06
3.50706e+06
3.50599e+06
3.50507e+06
3.50427e+06
3.50362e+06
3.50307e+06
3.50263e+06
3.50226e+06
3.50196e+06
3.50172e+06
3.50152e+06
3.50135e+06
3.50121e+06
3.50109e+06
3.50098e+06
3.5009e+06
3.50082e+06
3.50075e+06
3.50069e+06
3.50064e+06
3.50059e+06
3.50055e+06
3.50052e+06
3.50049e+06
3.50046e+06
3.50043e+06
3.50041e+06
3.50039e+06
3.50037e+06
3.50036e+06
3.50034e+06
3.50033e+06
3.50032e+06
3.50031e+06
3.5003e+06
3.5003e+06
3.50029e+06
3.50029e+06
3.50028e+06
3.50028e+06
3.50028e+06
3.50028e+06
3.50028e+06
3.51968e+06
3.51562e+06
3.51254e+06
3.51001e+06
3.50809e+06
3.50654e+06
3.50534e+06
3.50438e+06
3.50363e+06
3.50304e+06
3.50258e+06
3.50221e+06
3.50191e+06
3.50167e+06
3.50148e+06
3.50132e+06
3.50118e+06
3.50106e+06
3.50096e+06
3.50088e+06
3.5008e+06
3.50074e+06
3.50068e+06
3.50063e+06
3.50059e+06
3.50055e+06
3.50051e+06
3.50048e+06
3.50046e+06
3.50043e+06
3.50041e+06
3.50039e+06
3.50037e+06
3.50036e+06
3.50034e+06
3.50033e+06
3.50032e+06
3.50031e+06
3.5003e+06
3.5003e+06
3.50029e+06
3.50029e+06
3.50028e+06
3.50028e+06
3.50028e+06
3.50028e+06
3.50028e+06
3.51528e+06
3.51259e+06
3.51056e+06
3.50875e+06
3.50732e+06
3.50607e+06
3.50504e+06
3.50417e+06
3.50349e+06
3.50293e+06
3.50249e+06
3.50213e+06
3.50185e+06
3.50162e+06
3.50143e+06
3.50128e+06
3.50115e+06
3.50104e+06
3.50094e+06
3.50086e+06
3.50079e+06
3.50073e+06
3.50067e+06
3.50062e+06
3.50058e+06
3.50054e+06
3.50051e+06
3.50048e+06
3.50045e+06
3.50043e+06
3.50041e+06
3.50039e+06
3.50037e+06
3.50035e+06
3.50034e+06
3.50033e+06
3.50032e+06
3.50031e+06
3.5003e+06
3.5003e+06
3.50029e+06
3.50029e+06
3.50028e+06
3.50028e+06
3.50028e+06
3.50028e+06
3.50028e+06
3.52671e+06
3.51986e+06
3.51501e+06
3.5113e+06
3.50868e+06
3.50672e+06
3.50529e+06
3.50422e+06
3.50344e+06
3.50284e+06
3.50239e+06
3.50205e+06
3.50177e+06
3.50156e+06
3.50138e+06
3.50124e+06
3.50111e+06
3.50101e+06
3.50092e+06
3.50084e+06
3.50077e+06
3.50072e+06
3.50066e+06
3.50062e+06
3.50057e+06
3.50054e+06
3.50051e+06
3.50048e+06
3.50045e+06
3.50043e+06
3.5004e+06
3.50039e+06
3.50037e+06
3.50035e+06
3.50034e+06
3.50033e+06
3.50032e+06
3.50031e+06
3.5003e+06
3.5003e+06
3.50029e+06
3.50029e+06
3.50028e+06
3.50028e+06
3.50028e+06
3.50028e+06
3.50028e+06
3.51612e+06
3.51289e+06
3.51041e+06
3.50841e+06
3.50689e+06
3.50563e+06
3.50461e+06
3.50379e+06
3.50315e+06
3.50264e+06
3.50224e+06
3.50193e+06
3.50168e+06
3.50149e+06
3.50133e+06
3.50119e+06
3.50108e+06
3.50098e+06
3.5009e+06
3.50082e+06
3.50076e+06
3.5007e+06
3.50065e+06
3.50061e+06
3.50057e+06
3.50053e+06
3.5005e+06
3.50047e+06
3.50045e+06
3.50042e+06
3.5004e+06
3.50038e+06
3.50037e+06
3.50035e+06
3.50034e+06
3.50033e+06
3.50032e+06
3.50031e+06
3.5003e+06
3.50029e+06
3.50029e+06
3.50029e+06
3.50028e+06
3.50028e+06
3.50028e+06
3.50028e+06
3.50028e+06
3.53452e+06
3.52404e+06
3.51675e+06
3.5118e+06
3.50852e+06
3.5063e+06
3.5048e+06
3.50375e+06
3.50303e+06
3.5025e+06
3.50211e+06
3.50182e+06
3.50159e+06
3.50142e+06
3.50127e+06
3.50115e+06
3.50104e+06
3.50095e+06
3.50088e+06
3.50081e+06
3.50075e+06
3.50069e+06
3.50064e+06
3.5006e+06
3.50056e+06
3.50053e+06
3.5005e+06
3.50047e+06
3.50044e+06
3.50042e+06
3.5004e+06
3.50038e+06
3.50037e+06
3.50035e+06
3.50034e+06
3.50033e+06
3.50032e+06
3.50031e+06
3.5003e+06
3.50029e+06
3.50029e+06
3.50029e+06
3.50028e+06
3.50028e+06
3.50028e+06
3.50028e+06
3.50028e+06
3.51289e+06
3.51009e+06
3.50754e+06
3.5063e+06
3.50522e+06
3.50439e+06
3.50367e+06
3.50308e+06
3.50261e+06
3.50222e+06
3.50192e+06
3.50169e+06
3.5015e+06
3.50134e+06
3.50121e+06
3.5011e+06
3.50101e+06
3.50093e+06
3.50085e+06
3.50079e+06
3.50073e+06
3.50068e+06
3.50063e+06
3.50059e+06
3.50056e+06
3.50052e+06
3.50049e+06
3.50046e+06
3.50044e+06
3.50042e+06
3.5004e+06
3.50038e+06
3.50036e+06
3.50035e+06
3.50034e+06
3.50033e+06
3.50032e+06
3.50031e+06
3.5003e+06
3.50029e+06
3.50029e+06
3.50029e+06
3.50028e+06
3.50028e+06
3.50028e+06
3.50028e+06
3.50028e+06
3.53266e+06
3.52182e+06
3.51388e+06
3.50956e+06
3.50663e+06
3.5049e+06
3.50373e+06
3.50296e+06
3.50244e+06
3.50206e+06
3.50179e+06
3.50158e+06
3.50141e+06
3.50128e+06
3.50116e+06
3.50107e+06
3.50098e+06
3.5009e+06
3.50084e+06
3.50077e+06
3.50072e+06
3.50067e+06
3.50063e+06
3.50059e+06
3.50055e+06
3.50052e+06
3.50049e+06
3.50046e+06
3.50044e+06
3.50042e+06
3.5004e+06
3.50038e+06
3.50036e+06
3.50035e+06
3.50034e+06
3.50032e+06
3.50031e+06
3.50031e+06
3.5003e+06
3.50029e+06
3.50029e+06
3.50029e+06
3.50028e+06
3.50028e+06
3.50028e+06
3.50028e+06
3.50028e+06
3.49744e+06
3.50234e+06
3.50202e+06
3.50293e+06
3.50281e+06
3.5028e+06
3.50254e+06
3.5023e+06
3.50204e+06
3.50181e+06
3.50163e+06
3.50147e+06
3.50133e+06
3.50122e+06
3.50112e+06
3.50103e+06
3.50095e+06
3.50088e+06
3.50082e+06
3.50076e+06
3.50071e+06
3.50066e+06
3.50062e+06
3.50058e+06
3.50054e+06
3.50051e+06
3.50048e+06
3.50046e+06
3.50043e+06
3.50041e+06
3.50039e+06
3.50038e+06
3.50036e+06
3.50035e+06
3.50033e+06
3.50032e+06
3.50031e+06
3.50031e+06
3.5003e+06
3.50029e+06
3.50029e+06
3.50029e+06
3.50028e+06
3.50028e+06
3.50028e+06
3.50028e+06
3.50028e+06
3.51545e+06
3.51095e+06
3.50544e+06
3.50433e+06
3.50317e+06
3.5028e+06
3.50241e+06
3.50213e+06
3.50189e+06
3.50169e+06
3.50153e+06
3.50139e+06
3.50128e+06
3.50118e+06
3.50109e+06
3.501e+06
3.50093e+06
3.50086e+06
3.5008e+06
3.50075e+06
3.5007e+06
3.50065e+06
3.50061e+06
3.50057e+06
3.50054e+06
3.50051e+06
3.50048e+06
3.50045e+06
3.50043e+06
3.50041e+06
3.50039e+06
3.50037e+06
3.50036e+06
3.50035e+06
3.50033e+06
3.50032e+06
3.50031e+06
3.5003e+06
3.5003e+06
3.50029e+06
3.50029e+06
3.50028e+06
3.50028e+06
3.50028e+06
3.50028e+06
3.50028e+06
3.50028e+06
)
;

boundaryField
{
    inlet
    {
        type            fixedValue;
        value           nonuniform List<scalar> 0();
    }
    outlet
    {
        type            fixedValue;
        value           nonuniform List<scalar> 0();
    }
    walls
    {
        type            fixedFluxPressure;
        gradient        uniform 0;
        value           nonuniform List<scalar> 
170
(
3.51545e+06
3.51095e+06
3.50544e+06
3.50433e+06
3.50317e+06
3.5028e+06
3.5024e+06
3.50213e+06
3.50189e+06
3.50169e+06
3.50153e+06
3.50139e+06
3.50128e+06
3.50118e+06
3.50109e+06
3.501e+06
3.50093e+06
3.50086e+06
3.5008e+06
3.50075e+06
3.5007e+06
3.50065e+06
3.50061e+06
3.50057e+06
3.50054e+06
3.50051e+06
3.50048e+06
3.50045e+06
3.50043e+06
3.50041e+06
3.50039e+06
3.50037e+06
3.50036e+06
3.50035e+06
3.50033e+06
3.50032e+06
3.50031e+06
3.5003e+06
3.5003e+06
3.50029e+06
3.50029e+06
3.50028e+06
3.50028e+06
3.50028e+06
3.50028e+06
3.50028e+06
3.50028e+06
3.51545e+06
3.51095e+06
3.50544e+06
3.50433e+06
3.50317e+06
3.5028e+06
3.50241e+06
3.50213e+06
3.50189e+06
3.50169e+06
3.50153e+06
3.50139e+06
3.50128e+06
3.50118e+06
3.50109e+06
3.501e+06
3.50093e+06
3.50086e+06
3.5008e+06
3.50075e+06
3.5007e+06
3.50065e+06
3.50061e+06
3.50057e+06
3.50054e+06
3.50051e+06
3.50048e+06
3.50045e+06
3.50043e+06
3.50041e+06
3.50039e+06
3.50037e+06
3.50036e+06
3.50035e+06
3.50033e+06
3.50032e+06
3.50031e+06
3.5003e+06
3.5003e+06
3.50029e+06
3.50029e+06
3.50028e+06
3.50028e+06
3.50028e+06
3.50028e+06
3.50028e+06
3.50028e+06
3.50026e+06
3.50026e+06
3.50026e+06
3.50026e+06
3.50027e+06
3.50027e+06
3.50027e+06
3.50027e+06
3.50027e+06
3.50027e+06
3.50027e+06
3.50027e+06
3.50027e+06
3.50027e+06
3.50027e+06
3.50028e+06
3.50028e+06
3.50028e+06
3.50028e+06
3.50028e+06
3.50028e+06
3.50028e+06
3.50028e+06
3.50028e+06
3.50028e+06
3.50028e+06
3.50028e+06
3.50028e+06
3.50028e+06
3.50028e+06
3.50028e+06
3.50028e+06
3.50028e+06
3.50028e+06
3.50028e+06
3.50028e+06
3.50028e+06
3.50028e+06
3.50026e+06
3.50026e+06
3.50026e+06
3.50026e+06
3.50027e+06
3.50027e+06
3.50027e+06
3.50027e+06
3.50027e+06
3.50027e+06
3.50027e+06
3.50027e+06
3.50027e+06
3.50027e+06
3.50027e+06
3.50028e+06
3.50028e+06
3.50028e+06
3.50028e+06
3.50028e+06
3.50028e+06
3.50028e+06
3.50028e+06
3.50028e+06
3.50028e+06
3.50028e+06
3.50028e+06
3.50028e+06
3.50028e+06
3.50028e+06
3.50028e+06
3.50028e+06
3.50028e+06
3.50028e+06
3.50028e+06
3.50028e+06
3.50028e+06
3.50028e+06
)
;
    }
    side1
    {
        type            cyclic;
    }
    side2
    {
        type            cyclic;
    }
    procBoundary0to1
    {
        type            processor;
        value           nonuniform List<scalar> 
76
(
3.50186e+06
3.50199e+06
3.50214e+06
3.5023e+06
3.50246e+06
3.50265e+06
3.50284e+06
3.50306e+06
3.50328e+06
3.50352e+06
3.50376e+06
3.50404e+06
3.5043e+06
3.50465e+06
3.50494e+06
3.5054e+06
3.50572e+06
3.50626e+06
3.50647e+06
3.50715e+06
3.50726e+06
3.50828e+06
3.50826e+06
3.50991e+06
3.5106e+06
3.50952e+06
3.50952e+06
3.51716e+06
3.51463e+06
3.52432e+06
3.51836e+06
3.53544e+06
3.52091e+06
3.54951e+06
3.52222e+06
3.55322e+06
3.4955e+06
3.53948e+06
3.50186e+06
3.50199e+06
3.50214e+06
3.5023e+06
3.50246e+06
3.50265e+06
3.50284e+06
3.50306e+06
3.50328e+06
3.50352e+06
3.50376e+06
3.50404e+06
3.5043e+06
3.50465e+06
3.50494e+06
3.5054e+06
3.50572e+06
3.50626e+06
3.50647e+06
3.50715e+06
3.50726e+06
3.50828e+06
3.50826e+06
3.50991e+06
3.5106e+06
3.50952e+06
3.50952e+06
3.51716e+06
3.51463e+06
3.52432e+06
3.51836e+06
3.53544e+06
3.52091e+06
3.54951e+06
3.52222e+06
3.55322e+06
3.49551e+06
3.53948e+06
)
;
    }
    procBoundary0to3
    {
        type            processor;
        value           nonuniform List<scalar> 
42
(
3.50028e+06
3.50027e+06
3.50026e+06
3.50026e+06
3.50026e+06
3.50026e+06
3.50026e+06
3.50026e+06
3.50026e+06
3.5003e+06
3.50029e+06
3.50029e+06
3.50029e+06
3.50042e+06
3.5004e+06
3.50038e+06
3.50036e+06
3.50035e+06
3.50033e+06
3.50032e+06
3.50032e+06
3.50028e+06
3.50027e+06
3.50026e+06
3.50026e+06
3.50026e+06
3.50026e+06
3.50026e+06
3.50026e+06
3.50026e+06
3.5003e+06
3.50029e+06
3.50029e+06
3.50029e+06
3.50042e+06
3.5004e+06
3.50038e+06
3.50036e+06
3.50035e+06
3.50033e+06
3.50032e+06
3.50032e+06
)
;
    }
    procBoundary0to4
    {
        type            processor;
        value           nonuniform List<scalar> 
52
(
3.50168e+06
3.50162e+06
3.50157e+06
3.50151e+06
3.50145e+06
3.50139e+06
3.50133e+06
3.50127e+06
3.50121e+06
3.50115e+06
3.50109e+06
3.50103e+06
3.50097e+06
3.50092e+06
3.50087e+06
3.50082e+06
3.50077e+06
3.50072e+06
3.50068e+06
3.50064e+06
3.5006e+06
3.50056e+06
3.50053e+06
3.5005e+06
3.50047e+06
3.50045e+06
3.50168e+06
3.50162e+06
3.50157e+06
3.50151e+06
3.50145e+06
3.50139e+06
3.50133e+06
3.50127e+06
3.50121e+06
3.50115e+06
3.50109e+06
3.50103e+06
3.50097e+06
3.50092e+06
3.50087e+06
3.50082e+06
3.50077e+06
3.50072e+06
3.50068e+06
3.50064e+06
3.5006e+06
3.50056e+06
3.50053e+06
3.5005e+06
3.50047e+06
3.50045e+06
)
;
    }
}


// ************************************************************************* //
