/*--------------------------------*- C++ -*----------------------------------*\
| =========                 |                                                 |
| \\      /  F ield         | OpenFOAM: The Open Source CFD Toolbox           |
|  \\    /   O peration     | Version:  v2012                                 |
|   \\  /    A nd           | Website:  www.openfoam.com                      |
|    \\/     M anipulation  |                                                 |
\*---------------------------------------------------------------------------*/
FoamFile
{
    version     2.0;
    format      ascii;
    class       labelList;
    note        "nPoints:4227  nCells:2642  nFaces:9421  nInternalFaces:6431";
    location    "constant/polyMesh";
    object      owner;
}
// * * * * * * * * * * * * * * * * * * * * * * * * * * * * * * * * * * * * * //


9421
(
0
0
0
1
1
1
2
2
2
3
3
3
4
4
4
5
5
5
6
6
6
7
7
7
8
8
8
9
9
9
10
10
10
11
11
11
12
12
12
13
13
13
14
14
14
15
15
15
16
16
16
17
17
17
18
18
18
19
19
19
20
20
20
21
21
21
22
22
22
23
23
24
24
24
25
25
25
26
26
26
27
27
27
28
28
28
29
29
29
30
30
30
31
31
31
32
32
32
33
33
33
34
34
34
35
35
35
36
36
36
37
37
37
38
38
38
39
39
39
40
40
40
41
41
41
42
42
42
43
43
43
44
44
44
45
45
45
46
46
46
47
47
48
48
48
49
49
49
50
50
50
51
51
51
52
52
52
53
53
53
54
54
54
55
55
55
56
56
56
57
57
57
58
58
58
59
59
59
60
60
60
61
61
61
62
62
62
63
63
63
64
64
64
65
65
65
66
66
66
67
67
67
68
68
68
69
69
69
70
70
70
71
71
72
72
72
73
73
73
74
74
74
75
75
75
76
76
76
77
77
77
78
78
78
79
79
79
80
80
80
81
81
81
82
82
82
83
83
83
84
84
84
85
85
85
86
86
86
87
87
87
88
88
88
89
89
89
90
90
90
91
91
91
92
92
92
93
93
93
94
94
94
95
95
96
96
96
97
97
97
98
98
98
99
99
99
100
100
100
101
101
101
102
102
102
103
103
103
104
104
104
105
105
105
106
106
106
107
107
107
108
108
108
109
109
109
110
110
110
111
111
111
112
112
112
113
113
113
114
114
114
115
115
115
116
116
116
117
117
117
118
118
118
119
119
120
120
120
121
121
121
122
122
122
123
123
123
124
124
124
125
125
125
126
126
126
127
127
127
128
128
128
129
129
129
130
130
130
131
131
131
132
132
132
133
133
133
134
134
134
135
135
135
136
136
136
137
137
137
138
138
138
139
139
139
140
140
140
141
141
141
142
142
142
143
143
144
144
144
145
145
145
146
146
146
147
147
147
148
148
148
149
149
149
150
150
150
151
151
151
152
152
152
153
153
153
154
154
154
155
155
155
156
156
156
157
157
157
158
158
158
159
159
159
160
160
160
161
161
161
162
162
162
163
163
163
164
164
164
165
165
165
166
166
166
167
167
168
168
168
169
169
169
170
170
170
171
171
171
172
172
172
173
173
173
174
174
174
175
175
175
176
176
176
177
177
177
178
178
178
179
179
179
180
180
180
181
181
181
182
182
182
183
183
183
184
184
184
185
185
185
186
186
186
187
187
187
188
188
188
189
189
189
190
190
190
191
191
192
192
192
193
193
193
194
194
194
195
195
195
196
196
196
197
197
197
198
198
198
199
199
199
200
200
200
201
201
201
202
202
202
203
203
203
204
204
204
205
205
205
206
206
206
207
207
207
208
208
208
209
209
209
210
210
210
211
211
211
212
212
212
213
213
213
214
214
214
215
215
216
216
216
217
217
217
218
218
218
219
219
219
220
220
220
221
221
221
222
222
222
223
223
223
224
224
224
225
225
225
226
226
226
227
227
227
228
228
228
229
229
229
230
230
230
231
231
231
232
232
232
233
233
233
234
234
234
235
235
235
236
236
236
237
237
237
238
238
238
239
239
240
240
240
241
241
241
242
242
242
243
243
243
244
244
244
245
245
245
246
246
246
247
247
247
248
248
248
249
249
249
250
250
250
251
251
251
252
252
252
253
253
253
254
254
254
255
255
255
256
256
256
257
257
257
258
258
258
259
259
259
260
260
260
261
261
261
262
262
262
263
263
264
264
264
265
265
265
266
266
266
267
267
267
268
268
268
269
269
269
270
270
270
271
271
271
272
272
272
273
273
273
274
274
274
275
275
275
276
276
276
277
277
277
278
278
278
279
279
279
280
280
280
281
281
281
282
282
282
283
283
283
284
284
284
285
285
285
286
286
286
287
287
288
288
288
289
289
289
290
290
290
291
291
291
292
292
292
293
293
293
294
294
294
295
295
295
296
296
296
297
297
297
298
298
298
299
299
299
300
300
300
301
301
301
302
302
302
303
303
303
304
304
304
305
305
305
306
306
306
307
307
307
308
308
308
309
309
309
310
310
310
311
311
312
312
312
313
313
313
314
314
314
315
315
315
316
316
316
317
317
317
318
318
318
319
319
319
320
320
320
321
321
321
322
322
322
323
323
323
324
324
324
325
325
325
326
326
326
327
327
327
328
328
328
329
329
329
330
330
330
331
331
331
332
332
332
333
333
333
334
334
334
335
335
336
336
336
337
337
337
338
338
338
339
339
339
340
340
340
341
341
341
342
342
342
343
343
343
344
344
344
345
345
345
346
346
346
347
347
347
348
348
348
349
349
349
350
350
350
351
351
351
352
352
352
353
353
353
354
354
354
355
355
355
356
356
356
357
357
357
358
358
358
359
359
360
360
360
361
361
361
362
362
362
363
363
363
364
364
364
365
365
365
366
366
366
367
367
367
368
368
368
369
369
369
370
370
370
371
371
371
372
372
372
373
373
373
374
374
374
375
375
375
376
376
376
377
377
377
378
378
378
379
379
379
380
380
380
381
381
381
382
382
382
383
383
384
384
384
385
385
385
386
386
386
387
387
387
388
388
388
389
389
389
390
390
390
391
391
391
392
392
392
393
393
393
394
394
394
395
395
395
396
396
396
397
397
397
398
398
398
399
399
399
400
400
400
401
401
401
402
402
402
403
403
403
404
404
404
405
405
405
406
406
406
407
407
408
408
408
409
409
409
410
410
410
411
411
411
412
412
412
413
413
413
414
414
414
415
415
415
416
416
416
417
417
417
418
418
418
419
419
419
420
420
420
421
421
421
422
422
422
423
423
423
424
424
424
425
425
425
426
426
426
427
427
427
428
428
428
429
429
429
430
430
430
431
431
432
432
432
433
433
433
434
434
434
435
435
435
436
436
436
437
437
437
438
438
438
439
439
439
440
440
440
441
441
441
442
442
442
443
443
443
444
444
444
445
445
445
446
446
446
447
447
447
448
448
448
449
449
449
450
450
450
451
451
451
452
452
452
453
453
453
454
454
454
455
455
456
456
456
457
457
457
458
458
458
459
459
459
460
460
460
461
461
461
462
462
462
463
463
463
464
464
464
465
465
465
466
466
466
467
467
467
468
468
468
469
469
469
470
470
470
471
471
471
472
472
472
473
473
473
474
474
474
475
475
475
476
476
476
477
477
477
478
478
478
479
479
480
480
480
481
481
481
482
482
482
483
483
483
484
484
484
485
485
485
486
486
486
487
487
487
488
488
488
489
489
489
490
490
490
491
491
491
492
492
492
493
493
493
494
494
494
495
495
495
496
496
496
497
497
497
498
498
498
499
499
499
500
500
500
501
501
501
502
502
502
503
503
504
504
504
505
505
505
506
506
506
507
507
507
508
508
508
509
509
509
510
510
510
511
511
511
512
512
512
513
513
513
514
514
514
515
515
515
516
516
516
517
517
517
518
518
518
519
519
519
520
520
520
521
521
521
522
522
522
523
523
523
524
524
524
525
525
525
526
526
526
527
527
528
528
528
529
529
529
530
530
530
531
531
531
532
532
532
533
533
533
534
534
534
535
535
535
536
536
536
537
537
537
538
538
538
539
539
539
540
540
540
541
541
541
542
542
542
543
543
543
544
544
544
545
545
545
546
546
546
547
547
547
548
548
548
549
549
549
550
550
550
551
551
552
552
552
553
553
553
554
554
554
555
555
555
556
556
556
557
557
557
558
558
558
559
559
559
560
560
560
561
561
561
562
562
562
563
563
563
564
564
564
565
565
565
566
566
566
567
567
567
568
568
568
569
569
569
570
570
570
571
571
571
572
572
572
573
573
573
574
574
574
575
575
576
576
576
577
577
577
578
578
578
579
579
579
580
580
580
581
581
581
582
582
582
583
583
583
584
584
584
585
585
585
586
586
586
587
587
587
588
588
588
589
589
589
590
590
590
591
591
591
592
592
592
593
593
593
594
594
594
595
595
595
596
596
596
597
597
597
598
598
598
599
599
600
600
600
601
601
601
602
602
602
603
603
603
604
604
604
605
605
605
606
606
606
607
607
607
608
608
608
609
609
609
610
610
610
611
611
611
612
612
612
613
613
613
614
614
614
615
615
615
616
616
616
617
617
617
618
618
618
619
619
619
620
620
620
621
621
621
622
622
622
623
623
624
624
624
625
625
625
626
626
626
627
627
627
628
628
628
629
629
629
630
630
630
631
631
631
632
632
632
633
633
633
634
634
634
635
635
635
636
636
636
637
637
637
638
638
638
639
639
639
640
640
640
641
641
641
642
642
642
643
643
643
644
644
644
645
645
645
646
646
646
647
647
648
648
648
649
649
649
650
650
650
651
651
651
652
652
652
653
653
653
654
654
654
655
655
655
656
656
656
657
657
657
658
658
658
659
659
659
660
660
660
661
661
661
662
662
662
663
663
663
664
664
664
665
665
665
666
666
666
667
667
667
668
668
668
669
669
669
670
670
670
671
671
672
672
672
673
673
673
674
674
674
675
675
675
676
676
676
677
677
677
678
678
678
679
679
679
680
680
680
681
681
681
682
682
682
683
683
683
684
684
684
685
685
685
686
686
686
687
687
687
688
688
688
689
689
689
690
690
690
691
691
691
692
692
692
693
693
693
694
694
694
695
695
695
696
696
697
697
697
698
698
698
699
699
699
700
700
700
701
701
701
702
702
702
703
703
703
704
704
704
705
705
705
706
706
706
707
707
707
708
708
708
709
709
709
710
710
710
711
711
711
712
712
712
713
713
713
714
714
714
715
715
715
716
716
716
717
717
717
718
718
718
719
719
719
720
720
720
721
721
721
722
722
723
723
723
724
724
724
725
725
725
726
726
726
727
727
727
728
728
728
729
729
729
730
730
730
731
731
731
732
732
732
733
733
733
734
734
734
735
735
735
736
736
736
737
737
737
738
738
738
739
739
739
740
740
740
741
741
741
742
742
742
743
743
743
744
744
744
745
745
745
746
746
746
747
747
747
748
748
749
749
749
750
750
750
751
751
751
752
752
752
753
753
753
754
754
754
755
755
755
756
756
756
757
757
757
758
758
758
759
759
759
760
760
760
761
761
761
762
762
762
763
763
763
764
764
764
765
765
765
766
766
766
767
767
767
768
768
768
769
769
769
770
770
770
771
771
771
772
772
772
773
773
773
774
774
775
775
775
776
776
776
777
777
777
778
778
778
779
779
779
780
780
780
781
781
781
782
782
782
783
783
783
784
784
784
785
785
785
786
786
786
787
787
787
788
788
788
789
789
789
790
790
790
791
791
791
792
792
792
793
793
793
794
794
794
795
795
795
796
796
796
797
797
797
798
798
798
799
799
799
800
800
801
801
801
802
802
802
803
803
803
804
804
804
805
805
805
806
806
806
807
807
807
808
808
808
809
809
809
810
810
810
811
811
811
812
812
812
813
813
813
814
814
814
815
815
815
816
816
816
817
817
817
818
818
818
819
819
819
820
820
820
821
821
821
822
822
822
823
823
823
824
824
824
825
825
825
826
826
827
827
827
828
828
828
829
829
829
830
830
830
831
831
831
832
832
832
833
833
833
834
834
834
835
835
835
836
836
836
837
837
837
838
838
838
839
839
839
840
840
840
841
841
841
842
842
842
843
843
843
844
844
844
845
845
845
846
846
846
847
847
847
848
848
848
849
849
849
850
850
850
851
851
851
852
852
853
853
853
854
854
854
855
855
855
856
856
856
857
857
857
858
858
858
859
859
859
860
860
860
861
861
861
862
862
862
863
863
863
864
864
864
865
865
865
866
866
866
867
867
867
868
868
868
869
869
869
870
870
870
871
871
871
872
872
872
873
873
873
874
874
874
875
875
875
876
876
876
877
877
877
878
878
879
879
879
880
880
880
881
881
881
882
882
882
883
883
883
884
884
884
885
885
885
886
886
886
887
887
887
888
888
888
889
889
889
890
890
890
891
891
891
892
892
892
893
893
893
894
894
894
895
895
895
896
896
896
897
897
897
898
898
898
899
899
899
900
900
900
901
901
901
902
902
902
903
903
903
904
904
905
905
905
906
906
906
907
907
907
908
908
908
909
909
909
910
910
910
911
911
911
912
912
912
913
913
913
914
914
914
915
915
915
916
916
916
917
917
917
918
918
918
919
919
919
920
920
920
921
921
921
922
922
922
923
923
923
924
924
924
925
925
925
926
926
926
927
927
927
928
928
928
929
929
929
930
930
931
931
931
932
932
932
933
933
933
934
934
934
935
935
935
936
936
936
937
937
937
938
938
938
939
939
939
940
940
940
941
941
941
942
942
942
943
943
943
944
944
944
945
945
945
946
946
946
947
947
947
948
948
948
949
949
949
950
950
950
951
951
951
952
952
952
953
953
953
954
954
954
955
955
955
956
956
957
957
957
958
958
958
959
959
959
960
960
960
961
961
961
962
962
962
963
963
963
964
964
964
965
965
965
966
966
966
967
967
967
968
968
968
969
969
969
970
970
970
971
971
971
972
972
972
973
973
973
974
974
974
975
975
975
976
976
976
977
977
977
978
978
978
979
979
979
980
980
980
981
981
981
982
982
983
983
983
984
984
984
985
985
985
986
986
986
987
987
987
988
988
988
989
989
989
990
990
990
991
991
991
992
992
992
993
993
993
994
994
994
995
995
995
996
996
996
997
997
997
998
998
998
999
999
999
1000
1000
1000
1001
1001
1001
1002
1002
1002
1003
1003
1003
1004
1004
1004
1005
1005
1005
1006
1006
1006
1007
1007
1007
1008
1008
1009
1009
1009
1010
1010
1010
1011
1011
1011
1012
1012
1012
1013
1013
1013
1014
1014
1014
1015
1015
1015
1016
1016
1016
1017
1017
1017
1018
1018
1018
1019
1019
1019
1020
1020
1020
1021
1021
1021
1022
1022
1022
1023
1023
1023
1024
1024
1024
1025
1025
1025
1026
1026
1026
1027
1027
1027
1028
1028
1028
1029
1029
1029
1030
1030
1030
1031
1031
1031
1032
1032
1032
1033
1033
1033
1034
1034
1035
1035
1035
1036
1036
1036
1037
1037
1037
1038
1038
1038
1039
1039
1039
1040
1040
1040
1041
1041
1041
1042
1042
1042
1043
1043
1043
1044
1044
1044
1045
1045
1045
1046
1046
1046
1047
1047
1047
1048
1048
1048
1049
1049
1049
1050
1050
1050
1051
1051
1051
1052
1052
1052
1053
1053
1053
1054
1054
1054
1055
1055
1055
1056
1056
1056
1057
1057
1057
1058
1058
1058
1059
1059
1059
1060
1060
1060
1061
1061
1062
1062
1062
1063
1063
1063
1064
1064
1064
1065
1065
1065
1066
1066
1066
1067
1067
1067
1068
1068
1068
1069
1069
1069
1070
1070
1070
1071
1071
1071
1072
1072
1072
1073
1073
1073
1074
1074
1074
1075
1075
1075
1076
1076
1076
1077
1077
1077
1078
1078
1078
1079
1079
1079
1080
1080
1080
1081
1081
1081
1082
1082
1082
1083
1083
1083
1084
1084
1084
1085
1085
1085
1086
1086
1086
1087
1087
1087
1088
1088
1088
1089
1089
1089
1090
1090
1090
1091
1091
1091
1092
1092
1092
1093
1093
1093
1094
1094
1094
1095
1095
1095
1096
1096
1096
1097
1097
1097
1098
1098
1099
1099
1099
1100
1100
1100
1101
1101
1101
1102
1102
1102
1103
1103
1103
1104
1104
1104
1105
1105
1105
1106
1106
1106
1107
1107
1107
1108
1108
1108
1109
1109
1109
1110
1110
1110
1111
1111
1111
1112
1112
1112
1113
1113
1113
1114
1114
1114
1115
1115
1115
1116
1116
1116
1117
1117
1117
1118
1118
1118
1119
1119
1119
1120
1120
1120
1121
1121
1121
1122
1122
1122
1123
1123
1123
1124
1124
1124
1125
1125
1125
1126
1126
1126
1127
1127
1127
1128
1128
1128
1129
1129
1129
1130
1130
1130
1131
1131
1131
1132
1132
1132
1133
1133
1133
1134
1134
1134
1135
1135
1136
1136
1136
1137
1137
1137
1138
1138
1138
1139
1139
1139
1140
1140
1140
1141
1141
1141
1142
1142
1142
1143
1143
1143
1144
1144
1144
1145
1145
1145
1146
1146
1146
1147
1147
1147
1148
1148
1148
1149
1149
1149
1150
1150
1150
1151
1151
1151
1152
1152
1152
1153
1153
1153
1154
1154
1154
1155
1155
1155
1156
1156
1156
1157
1157
1157
1158
1158
1158
1159
1159
1159
1160
1160
1160
1161
1161
1161
1162
1162
1162
1163
1163
1163
1164
1164
1164
1165
1165
1165
1166
1166
1166
1167
1167
1167
1168
1168
1168
1169
1169
1169
1170
1170
1170
1171
1171
1171
1172
1172
1173
1173
1173
1174
1174
1174
1175
1175
1175
1176
1176
1176
1177
1177
1177
1178
1178
1178
1179
1179
1179
1180
1180
1180
1181
1181
1181
1182
1182
1182
1183
1183
1183
1184
1184
1184
1185
1185
1185
1186
1186
1186
1187
1187
1187
1188
1188
1188
1189
1189
1189
1190
1190
1190
1191
1191
1191
1192
1192
1192
1193
1193
1193
1194
1194
1194
1195
1195
1195
1196
1196
1196
1197
1197
1197
1198
1198
1198
1199
1199
1199
1200
1200
1200
1201
1201
1201
1202
1202
1202
1203
1203
1203
1204
1204
1204
1205
1205
1205
1206
1206
1206
1207
1207
1207
1208
1208
1208
1209
1209
1210
1210
1210
1211
1211
1211
1212
1212
1212
1213
1213
1213
1214
1214
1214
1215
1215
1215
1216
1216
1216
1217
1217
1217
1218
1218
1218
1219
1219
1219
1220
1220
1220
1221
1221
1221
1222
1222
1222
1223
1223
1223
1224
1224
1224
1225
1225
1225
1226
1226
1226
1227
1227
1227
1228
1228
1228
1229
1229
1229
1230
1230
1230
1231
1231
1231
1232
1232
1232
1233
1233
1233
1234
1234
1234
1235
1235
1235
1236
1236
1236
1237
1237
1237
1238
1238
1238
1239
1239
1239
1240
1240
1240
1241
1241
1241
1242
1242
1242
1243
1243
1243
1244
1244
1244
1245
1245
1245
1246
1246
1247
1247
1247
1248
1248
1248
1249
1249
1249
1250
1250
1250
1251
1251
1251
1252
1252
1252
1253
1253
1253
1254
1254
1254
1255
1255
1255
1256
1256
1256
1257
1257
1257
1258
1258
1258
1259
1259
1259
1260
1260
1260
1261
1261
1261
1262
1262
1262
1263
1263
1263
1264
1264
1264
1265
1265
1265
1266
1266
1266
1267
1267
1267
1268
1268
1268
1269
1269
1269
1270
1270
1270
1271
1271
1271
1272
1272
1272
1273
1273
1273
1274
1274
1274
1275
1275
1275
1276
1276
1276
1277
1277
1277
1278
1278
1278
1279
1279
1279
1280
1280
1280
1281
1281
1281
1282
1282
1282
1283
1283
1284
1284
1285
1285
1286
1286
1287
1287
1288
1288
1289
1289
1290
1290
1291
1291
1292
1292
1293
1293
1294
1294
1295
1295
1296
1296
1297
1297
1298
1298
1299
1299
1300
1300
1301
1301
1302
1302
1303
1303
1304
1304
1305
1305
1306
1306
1307
1307
1308
1308
1309
1309
1310
1310
1311
1311
1312
1312
1313
1313
1314
1314
1315
1315
1316
1316
1317
1317
1318
1318
1319
1319
1320
1321
1321
1322
1322
1323
1323
1324
1324
1325
1325
1326
1326
1327
1327
1328
1328
1329
1329
1330
1330
1331
1331
1332
1332
1333
1333
1334
1334
1335
1335
1336
1336
1337
1337
1338
1338
1339
1339
1340
1340
1341
1341
1342
1342
1343
1343
1344
1345
1345
1346
1346
1347
1347
1348
1348
1349
1349
1350
1350
1351
1351
1352
1352
1353
1353
1354
1354
1355
1355
1356
1356
1357
1357
1358
1358
1359
1359
1360
1360
1361
1361
1362
1362
1363
1363
1364
1364
1365
1365
1366
1366
1367
1367
1368
1369
1369
1370
1370
1371
1371
1372
1372
1373
1373
1374
1374
1375
1375
1376
1376
1377
1377
1378
1378
1379
1379
1380
1380
1381
1381
1382
1382
1383
1383
1384
1384
1385
1385
1386
1386
1387
1387
1388
1388
1389
1389
1390
1390
1391
1391
1392
1393
1393
1394
1394
1395
1395
1396
1396
1397
1397
1398
1398
1399
1399
1400
1400
1401
1401
1402
1402
1403
1403
1404
1404
1405
1405
1406
1406
1407
1407
1408
1408
1409
1409
1410
1410
1411
1411
1412
1412
1413
1413
1414
1414
1415
1415
1416
1417
1417
1418
1418
1419
1419
1420
1420
1421
1421
1422
1422
1423
1423
1424
1424
1425
1425
1426
1426
1427
1427
1428
1428
1429
1429
1430
1430
1431
1431
1432
1432
1433
1433
1434
1434
1435
1435
1436
1436
1437
1437
1438
1438
1439
1439
1440
1441
1441
1442
1442
1443
1443
1444
1444
1445
1445
1446
1446
1447
1447
1448
1448
1449
1449
1450
1450
1451
1451
1452
1452
1453
1453
1454
1454
1455
1455
1456
1456
1457
1457
1458
1458
1459
1459
1460
1460
1461
1461
1462
1462
1463
1463
1464
1465
1465
1466
1466
1467
1467
1468
1468
1469
1469
1470
1470
1471
1471
1472
1472
1473
1473
1474
1474
1475
1475
1476
1476
1477
1477
1478
1478
1479
1479
1480
1480
1481
1481
1482
1482
1483
1483
1484
1484
1485
1485
1486
1486
1487
1487
1488
1489
1489
1490
1490
1491
1491
1492
1492
1493
1493
1494
1494
1495
1495
1496
1496
1497
1497
1498
1498
1499
1499
1500
1500
1501
1501
1502
1502
1503
1503
1504
1504
1505
1505
1506
1506
1507
1507
1508
1508
1509
1509
1510
1510
1511
1511
1512
1513
1513
1514
1514
1515
1515
1516
1516
1517
1517
1518
1518
1519
1519
1520
1520
1521
1521
1522
1522
1523
1523
1524
1524
1525
1525
1526
1526
1527
1527
1528
1528
1529
1529
1530
1530
1531
1531
1532
1532
1533
1533
1534
1534
1535
1535
1536
1537
1537
1538
1538
1539
1539
1540
1540
1541
1541
1542
1542
1543
1543
1544
1544
1545
1545
1546
1546
1547
1547
1548
1548
1549
1549
1550
1550
1551
1551
1552
1552
1553
1553
1554
1554
1555
1555
1556
1556
1557
1557
1558
1558
1559
1559
1560
1561
1561
1562
1562
1563
1563
1564
1564
1565
1565
1566
1566
1567
1567
1568
1568
1569
1569
1570
1570
1571
1571
1572
1572
1573
1573
1574
1574
1575
1575
1576
1576
1577
1577
1578
1578
1579
1579
1580
1580
1581
1581
1582
1582
1583
1583
1584
1585
1585
1586
1586
1587
1587
1588
1588
1589
1589
1590
1590
1591
1591
1592
1592
1593
1593
1594
1594
1595
1595
1596
1596
1597
1597
1598
1598
1599
1599
1600
1600
1601
1601
1602
1602
1603
1603
1604
1604
1605
1605
1606
1606
1607
1607
1608
1609
1609
1610
1610
1611
1611
1612
1612
1613
1613
1614
1614
1615
1615
1616
1616
1617
1617
1618
1618
1619
1619
1620
1620
1621
1621
1622
1622
1623
1623
1624
1624
1625
1625
1626
1626
1627
1627
1628
1628
1629
1629
1630
1630
1631
1631
1632
1633
1633
1634
1634
1635
1635
1636
1636
1637
1637
1638
1638
1639
1639
1640
1640
1641
1641
1642
1642
1643
1643
1644
1644
1645
1645
1646
1646
1647
1647
1648
1648
1649
1649
1650
1650
1651
1651
1652
1652
1653
1653
1654
1654
1655
1655
1656
1657
1657
1658
1658
1659
1659
1660
1660
1661
1661
1662
1662
1663
1663
1664
1664
1665
1665
1666
1666
1667
1667
1668
1668
1669
1669
1670
1670
1671
1671
1672
1672
1673
1673
1674
1674
1675
1675
1676
1676
1677
1677
1678
1678
1679
1679
1680
1681
1681
1682
1682
1683
1683
1684
1684
1685
1685
1686
1686
1687
1687
1688
1688
1689
1689
1690
1690
1691
1691
1692
1692
1693
1693
1694
1694
1695
1695
1696
1696
1697
1697
1698
1698
1699
1699
1700
1700
1701
1701
1702
1702
1703
1703
1704
1705
1705
1706
1706
1707
1707
1708
1708
1709
1709
1710
1710
1711
1711
1712
1712
1713
1713
1714
1714
1715
1715
1716
1716
1717
1717
1718
1718
1719
1719
1720
1720
1721
1721
1722
1722
1723
1723
1724
1724
1725
1725
1726
1726
1727
1727
1728
1729
1729
1730
1730
1731
1731
1732
1732
1733
1733
1734
1734
1735
1735
1736
1736
1737
1737
1738
1738
1739
1739
1740
1740
1741
1741
1742
1742
1743
1743
1744
1744
1745
1745
1746
1746
1747
1747
1748
1748
1749
1749
1750
1750
1751
1751
1752
1753
1753
1754
1754
1755
1755
1756
1756
1757
1757
1758
1758
1759
1759
1760
1760
1761
1761
1762
1762
1763
1763
1764
1764
1765
1765
1766
1766
1767
1767
1768
1768
1769
1769
1770
1770
1771
1771
1772
1772
1773
1773
1774
1774
1775
1775
1776
1777
1777
1778
1778
1779
1779
1780
1780
1781
1781
1782
1782
1783
1783
1784
1784
1785
1785
1786
1786
1787
1787
1788
1788
1789
1789
1790
1790
1791
1791
1792
1792
1793
1793
1794
1794
1795
1795
1796
1796
1797
1797
1798
1798
1799
1799
1800
1801
1801
1802
1802
1803
1803
1804
1804
1805
1805
1806
1806
1807
1807
1808
1808
1809
1809
1810
1810
1811
1811
1812
1812
1813
1813
1814
1814
1815
1815
1816
1816
1817
1817
1818
1818
1819
1819
1820
1820
1821
1821
1822
1822
1823
1823
1824
1825
1825
1826
1826
1827
1827
1828
1828
1829
1829
1830
1830
1831
1831
1832
1832
1833
1833
1834
1834
1835
1835
1836
1836
1837
1837
1838
1838
1839
1839
1840
1840
1841
1841
1842
1842
1843
1843
1844
1844
1845
1845
1846
1846
1847
1847
1848
1849
1849
1850
1850
1851
1851
1852
1852
1853
1853
1854
1854
1855
1855
1856
1856
1857
1857
1858
1858
1859
1859
1860
1860
1861
1861
1862
1862
1863
1863
1864
1864
1865
1865
1866
1866
1867
1867
1868
1868
1869
1869
1870
1870
1871
1871
1872
1873
1873
1874
1874
1875
1875
1876
1876
1877
1877
1878
1878
1879
1879
1880
1880
1881
1881
1882
1882
1883
1883
1884
1884
1885
1885
1886
1886
1887
1887
1888
1888
1889
1889
1890
1890
1891
1891
1892
1892
1893
1893
1894
1894
1895
1895
1896
1897
1897
1898
1898
1899
1899
1900
1900
1901
1901
1902
1902
1903
1903
1904
1904
1905
1905
1906
1906
1907
1907
1908
1908
1909
1909
1910
1910
1911
1911
1912
1912
1913
1913
1914
1914
1915
1915
1916
1916
1917
1917
1918
1918
1919
1919
1920
1921
1921
1922
1922
1923
1923
1924
1924
1925
1925
1926
1926
1927
1927
1928
1928
1929
1929
1930
1930
1931
1931
1932
1932
1933
1933
1934
1934
1935
1935
1936
1936
1937
1937
1938
1938
1939
1939
1940
1940
1941
1941
1942
1942
1943
1943
1944
1945
1945
1946
1946
1947
1947
1948
1948
1949
1949
1950
1950
1951
1951
1952
1952
1953
1953
1954
1954
1955
1955
1956
1956
1957
1957
1958
1958
1959
1959
1960
1960
1961
1961
1962
1962
1963
1963
1964
1964
1965
1965
1966
1966
1967
1967
1968
1969
1969
1970
1970
1971
1971
1972
1972
1973
1973
1974
1974
1975
1975
1976
1976
1977
1977
1978
1978
1979
1979
1980
1980
1981
1981
1982
1982
1983
1983
1984
1984
1985
1985
1986
1986
1987
1987
1988
1988
1989
1989
1990
1990
1991
1991
1992
1993
1993
1994
1994
1995
1995
1996
1996
1997
1997
1998
1998
1999
1999
2000
2000
2001
2001
2002
2002
2003
2003
2004
2004
2005
2005
2006
2006
2007
2007
2008
2008
2009
2009
2010
2010
2011
2011
2012
2012
2013
2013
2014
2014
2015
2015
2016
2016
2017
2018
2018
2019
2019
2020
2020
2021
2021
2022
2022
2023
2023
2024
2024
2025
2025
2026
2026
2027
2027
2028
2028
2029
2029
2030
2030
2031
2031
2032
2032
2033
2033
2034
2034
2035
2035
2036
2036
2037
2037
2038
2038
2039
2039
2040
2040
2041
2041
2042
2042
2043
2044
2044
2045
2045
2046
2046
2047
2047
2048
2048
2049
2049
2050
2050
2051
2051
2052
2052
2053
2053
2054
2054
2055
2055
2056
2056
2057
2057
2058
2058
2059
2059
2060
2060
2061
2061
2062
2062
2063
2063
2064
2064
2065
2065
2066
2066
2067
2067
2068
2068
2069
2070
2070
2071
2071
2072
2072
2073
2073
2074
2074
2075
2075
2076
2076
2077
2077
2078
2078
2079
2079
2080
2080
2081
2081
2082
2082
2083
2083
2084
2084
2085
2085
2086
2086
2087
2087
2088
2088
2089
2089
2090
2090
2091
2091
2092
2092
2093
2093
2094
2094
2095
2096
2096
2097
2097
2098
2098
2099
2099
2100
2100
2101
2101
2102
2102
2103
2103
2104
2104
2105
2105
2106
2106
2107
2107
2108
2108
2109
2109
2110
2110
2111
2111
2112
2112
2113
2113
2114
2114
2115
2115
2116
2116
2117
2117
2118
2118
2119
2119
2120
2120
2121
2122
2122
2123
2123
2124
2124
2125
2125
2126
2126
2127
2127
2128
2128
2129
2129
2130
2130
2131
2131
2132
2132
2133
2133
2134
2134
2135
2135
2136
2136
2137
2137
2138
2138
2139
2139
2140
2140
2141
2141
2142
2142
2143
2143
2144
2144
2145
2145
2146
2146
2147
2148
2148
2149
2149
2150
2150
2151
2151
2152
2152
2153
2153
2154
2154
2155
2155
2156
2156
2157
2157
2158
2158
2159
2159
2160
2160
2161
2161
2162
2162
2163
2163
2164
2164
2165
2165
2166
2166
2167
2167
2168
2168
2169
2169
2170
2170
2171
2171
2172
2172
2173
2174
2174
2175
2175
2176
2176
2177
2177
2178
2178
2179
2179
2180
2180
2181
2181
2182
2182
2183
2183
2184
2184
2185
2185
2186
2186
2187
2187
2188
2188
2189
2189
2190
2190
2191
2191
2192
2192
2193
2193
2194
2194
2195
2195
2196
2196
2197
2197
2198
2198
2199
2200
2200
2201
2201
2202
2202
2203
2203
2204
2204
2205
2205
2206
2206
2207
2207
2208
2208
2209
2209
2210
2210
2211
2211
2212
2212
2213
2213
2214
2214
2215
2215
2216
2216
2217
2217
2218
2218
2219
2219
2220
2220
2221
2221
2222
2222
2223
2223
2224
2224
2225
2226
2226
2227
2227
2228
2228
2229
2229
2230
2230
2231
2231
2232
2232
2233
2233
2234
2234
2235
2235
2236
2236
2237
2237
2238
2238
2239
2239
2240
2240
2241
2241
2242
2242
2243
2243
2244
2244
2245
2245
2246
2246
2247
2247
2248
2248
2249
2249
2250
2250
2251
2252
2252
2253
2253
2254
2254
2255
2255
2256
2256
2257
2257
2258
2258
2259
2259
2260
2260
2261
2261
2262
2262
2263
2263
2264
2264
2265
2265
2266
2266
2267
2267
2268
2268
2269
2269
2270
2270
2271
2271
2272
2272
2273
2273
2274
2274
2275
2275
2276
2276
2277
2278
2278
2279
2279
2280
2280
2281
2281
2282
2282
2283
2283
2284
2284
2285
2285
2286
2286
2287
2287
2288
2288
2289
2289
2290
2290
2291
2291
2292
2292
2293
2293
2294
2294
2295
2295
2296
2296
2297
2297
2298
2298
2299
2299
2300
2300
2301
2301
2302
2302
2303
2304
2304
2305
2305
2306
2306
2307
2307
2308
2308
2309
2309
2310
2310
2311
2311
2312
2312
2313
2313
2314
2314
2315
2315
2316
2316
2317
2317
2318
2318
2319
2319
2320
2320
2321
2321
2322
2322
2323
2323
2324
2324
2325
2325
2326
2326
2327
2327
2328
2328
2329
2330
2330
2331
2331
2332
2332
2333
2333
2334
2334
2335
2335
2336
2336
2337
2337
2338
2338
2339
2339
2340
2340
2341
2341
2342
2342
2343
2343
2344
2344
2345
2345
2346
2346
2347
2347
2348
2348
2349
2349
2350
2350
2351
2351
2352
2352
2353
2353
2354
2354
2355
2356
2356
2357
2357
2358
2358
2359
2359
2360
2360
2361
2361
2362
2362
2363
2363
2364
2364
2365
2365
2366
2366
2367
2367
2368
2368
2369
2369
2370
2370
2371
2371
2372
2372
2373
2373
2374
2374
2375
2375
2376
2376
2377
2377
2378
2378
2379
2379
2380
2380
2381
2381
2382
2383
2383
2384
2384
2385
2385
2386
2386
2387
2387
2388
2388
2389
2389
2390
2390
2391
2391
2392
2392
2393
2393
2394
2394
2395
2395
2396
2396
2397
2397
2398
2398
2399
2399
2400
2400
2401
2401
2402
2402
2403
2403
2404
2404
2405
2405
2406
2406
2407
2407
2408
2408
2409
2409
2410
2410
2411
2411
2412
2412
2413
2413
2414
2414
2415
2415
2416
2416
2417
2417
2418
2418
2419
2420
2420
2421
2421
2422
2422
2423
2423
2424
2424
2425
2425
2426
2426
2427
2427
2428
2428
2429
2429
2430
2430
2431
2431
2432
2432
2433
2433
2434
2434
2435
2435
2436
2436
2437
2437
2438
2438
2439
2439
2440
2440
2441
2441
2442
2442
2443
2443
2444
2444
2445
2445
2446
2446
2447
2447
2448
2448
2449
2449
2450
2450
2451
2451
2452
2452
2453
2453
2454
2454
2455
2455
2456
2457
2457
2458
2458
2459
2459
2460
2460
2461
2461
2462
2462
2463
2463
2464
2464
2465
2465
2466
2466
2467
2467
2468
2468
2469
2469
2470
2470
2471
2471
2472
2472
2473
2473
2474
2474
2475
2475
2476
2476
2477
2477
2478
2478
2479
2479
2480
2480
2481
2481
2482
2482
2483
2483
2484
2484
2485
2485
2486
2486
2487
2487
2488
2488
2489
2489
2490
2490
2491
2491
2492
2492
2493
2494
2494
2495
2495
2496
2496
2497
2497
2498
2498
2499
2499
2500
2500
2501
2501
2502
2502
2503
2503
2504
2504
2505
2505
2506
2506
2507
2507
2508
2508
2509
2509
2510
2510
2511
2511
2512
2512
2513
2513
2514
2514
2515
2515
2516
2516
2517
2517
2518
2518
2519
2519
2520
2520
2521
2521
2522
2522
2523
2523
2524
2524
2525
2525
2526
2526
2527
2527
2528
2528
2529
2529
2530
2531
2531
2532
2532
2533
2533
2534
2534
2535
2535
2536
2536
2537
2537
2538
2538
2539
2539
2540
2540
2541
2541
2542
2542
2543
2543
2544
2544
2545
2545
2546
2546
2547
2547
2548
2548
2549
2549
2550
2550
2551
2551
2552
2552
2553
2553
2554
2554
2555
2555
2556
2556
2557
2557
2558
2558
2559
2559
2560
2560
2561
2561
2562
2562
2563
2563
2564
2564
2565
2565
2566
2566
2567
2568
2568
2569
2569
2570
2570
2571
2571
2572
2572
2573
2573
2574
2574
2575
2575
2576
2576
2577
2577
2578
2578
2579
2579
2580
2580
2581
2581
2582
2582
2583
2583
2584
2584
2585
2585
2586
2586
2587
2587
2588
2588
2589
2589
2590
2590
2591
2591
2592
2592
2593
2593
2594
2594
2595
2595
2596
2596
2597
2597
2598
2598
2599
2599
2600
2600
2601
2601
2602
2602
2603
2603
2604
2605
2606
2607
2608
2609
2610
2611
2612
2613
2614
2615
2616
2617
2618
2619
2620
2621
2622
2623
2624
2625
2626
2627
2628
2629
2630
2631
2632
2633
2634
2635
2636
2637
2638
2639
2640
0
1321
1
1322
2
1323
3
1324
4
1325
5
1326
6
1327
7
1328
8
1329
9
1330
10
1331
11
1332
12
1333
13
1334
14
1335
15
1336
16
1337
17
1338
18
1339
19
1340
20
1341
21
1342
22
1343
23
1344
23
47
71
95
119
143
167
191
215
239
263
287
311
335
359
383
407
431
455
479
503
527
551
575
599
623
647
671
696
722
748
774
800
826
852
878
904
930
956
982
1008
1034
1061
1098
1135
1172
1209
1246
1283
1320
1344
1368
1392
1416
1440
1464
1488
1512
1536
1560
1584
1608
1632
1656
1680
1704
1728
1752
1776
1800
1824
1848
1872
1896
1920
1944
1968
1992
2017
2043
2069
2095
2121
2147
2173
2199
2225
2251
2277
2303
2329
2355
2382
2419
2456
2493
2530
2567
2604
2641
2383
2420
2457
2494
2531
2568
2605
2384
2421
2458
2495
2532
2569
2606
2385
2422
2459
2496
2533
2570
2607
2386
2423
2460
2497
2534
2571
2608
2387
2424
2461
2498
2535
2572
2609
2388
2425
2462
2499
2536
2573
2610
2389
2426
2463
2500
2537
2574
2611
2390
2427
2464
2501
2538
2575
2612
2391
2428
2465
2502
2539
2576
2613
2392
2429
2466
2503
2540
2577
2614
2356
2393
2430
2467
2504
2541
2578
2615
2018
2044
2070
2096
2122
2148
2174
2200
2226
2252
2278
2304
2330
2357
2394
2431
2468
2505
2542
2579
2616
1993
2019
2045
2071
2097
2123
2149
2175
2201
2227
2253
2279
2305
2331
2358
2395
2432
2469
2506
2543
2580
2617
1321
1345
1369
1393
1417
1441
1465
1489
1513
1537
1561
1585
1609
1633
1657
1681
1705
1729
1753
1777
1801
1825
1849
1873
1897
1921
1945
1969
1994
2020
2046
2072
2098
2124
2150
2176
2202
2228
2254
2280
2306
2332
2359
2396
2433
2470
2507
2544
2581
2618
1322
1346
1370
1394
1418
1442
1466
1490
1514
1538
1562
1586
1610
1634
1658
1682
1706
1730
1754
1778
1802
1826
1850
1874
1898
1922
1946
1970
1995
2021
2047
2073
2099
2125
2151
2177
2203
2229
2255
2281
2307
2333
2360
2397
2434
2471
2508
2545
2582
2619
1323
1347
1371
1395
1419
1443
1467
1491
1515
1539
1563
1587
1611
1635
1659
1683
1707
1731
1755
1779
1803
1827
1851
1875
1899
1923
1947
1971
1996
2022
2048
2074
2100
2126
2152
2178
2204
2230
2256
2282
2308
2334
2361
2398
2435
2472
2509
2546
2583
2620
1324
1348
1372
1396
1420
1444
1468
1492
1516
1540
1564
1588
1612
1636
1660
1684
1708
1732
1756
1780
1804
1828
1852
1876
1900
1924
1948
1972
1997
2023
2049
2075
2101
2127
2153
2179
2205
2231
2257
2283
2309
2335
2362
2399
2436
2473
2510
2547
2584
2621
1325
1349
1373
1397
1421
1445
1469
1493
1517
1541
1565
1589
1613
1637
1661
1685
1709
1733
1757
1781
1805
1829
1853
1877
1901
1925
1949
1973
1998
2024
2050
2076
2102
2128
2154
2180
2206
2232
2258
2284
2310
2336
2363
2400
2437
2474
2511
2548
2585
2622
1326
1350
1374
1398
1422
1446
1470
1494
1518
1542
1566
1590
1614
1638
1662
1686
1710
1734
1758
1782
1806
1830
1854
1878
1902
1926
1950
1974
1999
2025
2051
2077
2103
2129
2155
2181
2207
2233
2259
2285
2311
2337
2364
2401
2438
2475
2512
2549
2586
2623
1327
1351
1375
1399
1423
1447
1471
1495
1519
1543
1567
1591
1615
1639
1663
1687
1711
1735
1759
1783
1807
1831
1855
1879
1903
1927
1951
1975
2000
2026
2052
2078
2104
2130
2156
2182
2208
2234
2260
2286
2312
2338
2365
2402
2439
2476
2513
2550
2587
2624
1328
1352
1376
1400
1424
1448
1472
1496
1520
1544
1568
1592
1616
1640
1664
1688
1712
1736
1760
1784
1808
1832
1856
1880
1904
1928
1952
1976
2001
2027
2053
2079
2105
2131
2157
2183
2209
2235
2261
2287
2313
2339
2366
2403
2440
2477
2514
2551
2588
2625
1329
1353
1377
1401
1425
1449
1473
1497
1521
1545
1569
1593
1617
1641
1665
1689
1713
1737
1761
1785
1809
1833
1857
1881
1905
1929
1953
1977
2002
2028
2054
2080
2106
2132
2158
2184
2210
2236
2262
2288
2314
2340
2367
2404
2441
2478
2515
2552
2589
2626
1330
1354
1378
1402
1426
1450
1474
1498
1522
1546
1570
1594
1618
1642
1666
1690
1714
1738
1762
1786
1810
1834
1858
1882
1906
1930
1954
1978
2003
2029
2055
2081
2107
2133
2159
2185
2211
2237
2263
2289
2315
2341
2368
2405
2442
2479
2516
2553
2590
2627
1331
1355
1379
1403
1427
1451
1475
1499
1523
1547
1571
1595
1619
1643
1667
1691
1715
1739
1763
1787
1811
1835
1859
1883
1907
1931
1955
1979
2004
2030
2056
2082
2108
2134
2160
2186
2212
2238
2264
2290
2316
2342
2369
2406
2443
2480
2517
2554
2591
2628
1332
1356
1380
1404
1428
1452
1476
1500
1524
1548
1572
1596
1620
1644
1668
1692
1716
1740
1764
1788
1812
1836
1860
1884
1908
1932
1956
1980
2005
2031
2057
2083
2109
2135
2161
2187
2213
2239
2265
2291
2317
2343
2370
2407
2444
2481
2518
2555
2592
2629
1333
1357
1381
1405
1429
1453
1477
1501
1525
1549
1573
1597
1621
1645
1669
1693
1717
1741
1765
1789
1813
1837
1861
1885
1909
1933
1957
1981
2006
2032
2058
2084
2110
2136
2162
2188
2214
2240
2266
2292
2318
2344
2371
2408
2445
2482
2519
2556
2593
2630
1334
1358
1382
1406
1430
1454
1478
1502
1526
1550
1574
1598
1622
1646
1670
1694
1718
1742
1766
1790
1814
1838
1862
1886
1910
1934
1958
1982
2007
2033
2059
2085
2111
2137
2163
2189
2215
2241
2267
2293
2319
2345
2372
2409
2446
2483
2520
2557
2594
2631
1335
1359
1383
1407
1431
1455
1479
1503
1527
1551
1575
1599
1623
1647
1671
1695
1719
1743
1767
1791
1815
1839
1863
1887
1911
1935
1959
1983
2008
2034
2060
2086
2112
2138
2164
2190
2216
2242
2268
2294
2320
2346
2373
2410
2447
2484
2521
2558
2595
2632
1336
1360
1384
1408
1432
1456
1480
1504
1528
1552
1576
1600
1624
1648
1672
1696
1720
1744
1768
1792
1816
1840
1864
1888
1912
1936
1960
1984
2009
2035
2061
2087
2113
2139
2165
2191
2217
2243
2269
2295
2321
2347
2374
2411
2448
2485
2522
2559
2596
2633
1337
1361
1385
1409
1433
1457
1481
1505
1529
1553
1577
1601
1625
1649
1673
1697
1721
1745
1769
1793
1817
1841
1865
1889
1913
1937
1961
1985
2010
2036
2062
2088
2114
2140
2166
2192
2218
2244
2270
2296
2322
2348
2375
2412
2449
2486
2523
2560
2597
2634
1338
1362
1386
1410
1434
1458
1482
1506
1530
1554
1578
1602
1626
1650
1674
1698
1722
1746
1770
1794
1818
1842
1866
1890
1914
1938
1962
1986
2011
2037
2063
2089
2115
2141
2167
2193
2219
2245
2271
2297
2323
2349
2376
2413
2450
2487
2524
2561
2598
2635
1339
1363
1387
1411
1435
1459
1483
1507
1531
1555
1579
1603
1627
1651
1675
1699
1723
1747
1771
1795
1819
1843
1867
1891
1915
1939
1963
1987
2012
2038
2064
2090
2116
2142
2168
2194
2220
2246
2272
2298
2324
2350
2377
2414
2451
2488
2525
2562
2599
2636
1340
1364
1388
1412
1436
1460
1484
1508
1532
1556
1580
1604
1628
1652
1676
1700
1724
1748
1772
1796
1820
1844
1868
1892
1916
1940
1964
1988
2013
2039
2065
2091
2117
2143
2169
2195
2221
2247
2273
2299
2325
2351
2378
2415
2452
2489
2526
2563
2600
2637
1341
1365
1389
1413
1437
1461
1485
1509
1533
1557
1581
1605
1629
1653
1677
1701
1725
1749
1773
1797
1821
1845
1869
1893
1917
1941
1965
1989
2014
2040
2066
2092
2118
2144
2170
2196
2222
2248
2274
2300
2326
2352
2379
2416
2453
2490
2527
2564
2601
2638
1342
1366
1390
1414
1438
1462
1486
1510
1534
1558
1582
1606
1630
1654
1678
1702
1726
1750
1774
1798
1822
1846
1870
1894
1918
1942
1966
1990
2015
2041
2067
2093
2119
2145
2171
2197
2223
2249
2275
2301
2327
2353
2380
2417
2454
2491
2528
2565
2602
2639
1343
1367
1391
1415
1439
1463
1487
1511
1535
1559
1583
1607
1631
1655
1679
1703
1727
1751
1775
1799
1823
1847
1871
1895
1919
1943
1967
1991
2016
2042
2068
2094
2120
2146
2172
2198
2224
2250
2276
2302
2328
2354
2381
2418
2455
2492
2529
2566
2603
2640
1344
1368
1392
1416
1440
1464
1488
1512
1536
1560
1584
1608
1632
1656
1680
1704
1728
1752
1776
1800
1824
1848
1872
1896
1920
1944
1968
1992
2017
2043
2069
2095
2121
2147
2173
2199
2225
2251
2277
2303
2329
2355
2382
2419
2456
2493
2530
2567
2604
2641
1062
1099
1136
1173
1210
1247
1284
1063
1100
1137
1174
1211
1248
1285
1064
1101
1138
1175
1212
1249
1286
1065
1102
1139
1176
1213
1250
1287
1066
1103
1140
1177
1214
1251
1288
1067
1104
1141
1178
1215
1252
1289
1068
1105
1142
1179
1216
1253
1290
1069
1106
1143
1180
1217
1254
1291
1070
1107
1144
1181
1218
1255
1292
1071
1108
1145
1182
1219
1256
1293
1035
1072
1109
1146
1183
1220
1257
1294
697
723
749
775
801
827
853
879
905
931
957
983
1009
1036
1073
1110
1147
1184
1221
1258
1295
672
698
724
750
776
802
828
854
880
906
932
958
984
1010
1037
1074
1111
1148
1185
1222
1259
1296
0
24
48
72
96
120
144
168
192
216
240
264
288
312
336
360
384
408
432
456
480
504
528
552
576
600
624
648
673
699
725
751
777
803
829
855
881
907
933
959
985
1011
1038
1075
1112
1149
1186
1223
1260
1297
1
25
49
73
97
121
145
169
193
217
241
265
289
313
337
361
385
409
433
457
481
505
529
553
577
601
625
649
674
700
726
752
778
804
830
856
882
908
934
960
986
1012
1039
1076
1113
1150
1187
1224
1261
1298
2
26
50
74
98
122
146
170
194
218
242
266
290
314
338
362
386
410
434
458
482
506
530
554
578
602
626
650
675
701
727
753
779
805
831
857
883
909
935
961
987
1013
1040
1077
1114
1151
1188
1225
1262
1299
3
27
51
75
99
123
147
171
195
219
243
267
291
315
339
363
387
411
435
459
483
507
531
555
579
603
627
651
676
702
728
754
780
806
832
858
884
910
936
962
988
1014
1041
1078
1115
1152
1189
1226
1263
1300
4
28
52
76
100
124
148
172
196
220
244
268
292
316
340
364
388
412
436
460
484
508
532
556
580
604
628
652
677
703
729
755
781
807
833
859
885
911
937
963
989
1015
1042
1079
1116
1153
1190
1227
1264
1301
5
29
53
77
101
125
149
173
197
221
245
269
293
317
341
365
389
413
437
461
485
509
533
557
581
605
629
653
678
704
730
756
782
808
834
860
886
912
938
964
990
1016
1043
1080
1117
1154
1191
1228
1265
1302
6
30
54
78
102
126
150
174
198
222
246
270
294
318
342
366
390
414
438
462
486
510
534
558
582
606
630
654
679
705
731
757
783
809
835
861
887
913
939
965
991
1017
1044
1081
1118
1155
1192
1229
1266
1303
7
31
55
79
103
127
151
175
199
223
247
271
295
319
343
367
391
415
439
463
487
511
535
559
583
607
631
655
680
706
732
758
784
810
836
862
888
914
940
966
992
1018
1045
1082
1119
1156
1193
1230
1267
1304
8
32
56
80
104
128
152
176
200
224
248
272
296
320
344
368
392
416
440
464
488
512
536
560
584
608
632
656
681
707
733
759
785
811
837
863
889
915
941
967
993
1019
1046
1083
1120
1157
1194
1231
1268
1305
9
33
57
81
105
129
153
177
201
225
249
273
297
321
345
369
393
417
441
465
489
513
537
561
585
609
633
657
682
708
734
760
786
812
838
864
890
916
942
968
994
1020
1047
1084
1121
1158
1195
1232
1269
1306
10
34
58
82
106
130
154
178
202
226
250
274
298
322
346
370
394
418
442
466
490
514
538
562
586
610
634
658
683
709
735
761
787
813
839
865
891
917
943
969
995
1021
1048
1085
1122
1159
1196
1233
1270
1307
11
35
59
83
107
131
155
179
203
227
251
275
299
323
347
371
395
419
443
467
491
515
539
563
587
611
635
659
684
710
736
762
788
814
840
866
892
918
944
970
996
1022
1049
1086
1123
1160
1197
1234
1271
1308
12
36
60
84
108
132
156
180
204
228
252
276
300
324
348
372
396
420
444
468
492
516
540
564
588
612
636
660
685
711
737
763
789
815
841
867
893
919
945
971
997
1023
1050
1087
1124
1161
1198
1235
1272
1309
13
37
61
85
109
133
157
181
205
229
253
277
301
325
349
373
397
421
445
469
493
517
541
565
589
613
637
661
686
712
738
764
790
816
842
868
894
920
946
972
998
1024
1051
1088
1125
1162
1199
1236
1273
1310
14
38
62
86
110
134
158
182
206
230
254
278
302
326
350
374
398
422
446
470
494
518
542
566
590
614
638
662
687
713
739
765
791
817
843
869
895
921
947
973
999
1025
1052
1089
1126
1163
1200
1237
1274
1311
15
39
63
87
111
135
159
183
207
231
255
279
303
327
351
375
399
423
447
471
495
519
543
567
591
615
639
663
688
714
740
766
792
818
844
870
896
922
948
974
1000
1026
1053
1090
1127
1164
1201
1238
1275
1312
16
40
64
88
112
136
160
184
208
232
256
280
304
328
352
376
400
424
448
472
496
520
544
568
592
616
640
664
689
715
741
767
793
819
845
871
897
923
949
975
1001
1027
1054
1091
1128
1165
1202
1239
1276
1313
17
41
65
89
113
137
161
185
209
233
257
281
305
329
353
377
401
425
449
473
497
521
545
569
593
617
641
665
690
716
742
768
794
820
846
872
898
924
950
976
1002
1028
1055
1092
1129
1166
1203
1240
1277
1314
18
42
66
90
114
138
162
186
210
234
258
282
306
330
354
378
402
426
450
474
498
522
546
570
594
618
642
666
691
717
743
769
795
821
847
873
899
925
951
977
1003
1029
1056
1093
1130
1167
1204
1241
1278
1315
19
43
67
91
115
139
163
187
211
235
259
283
307
331
355
379
403
427
451
475
499
523
547
571
595
619
643
667
692
718
744
770
796
822
848
874
900
926
952
978
1004
1030
1057
1094
1131
1168
1205
1242
1279
1316
20
44
68
92
116
140
164
188
212
236
260
284
308
332
356
380
404
428
452
476
500
524
548
572
596
620
644
668
693
719
745
771
797
823
849
875
901
927
953
979
1005
1031
1058
1095
1132
1169
1206
1243
1280
1317
21
45
69
93
117
141
165
189
213
237
261
285
309
333
357
381
405
429
453
477
501
525
549
573
597
621
645
669
694
720
746
772
798
824
850
876
902
928
954
980
1006
1032
1059
1096
1133
1170
1207
1244
1281
1318
22
46
70
94
118
142
166
190
214
238
262
286
310
334
358
382
406
430
454
478
502
526
550
574
598
622
646
670
695
721
747
773
799
825
851
877
903
929
955
981
1007
1033
1060
1097
1134
1171
1208
1245
1282
1319
23
47
71
95
119
143
167
191
215
239
263
287
311
335
359
383
407
431
455
479
503
527
551
575
599
623
647
671
696
722
748
774
800
826
852
878
904
930
956
982
1008
1034
1061
1098
1135
1172
1209
1246
1283
1320
0
24
48
72
96
120
144
168
192
216
240
264
288
312
336
360
384
408
432
456
480
504
528
552
576
600
624
648
672
672
697
697
723
749
775
801
827
853
879
905
931
957
983
1009
1035
1062
1063
1064
1065
1066
1067
1068
1069
1070
1035
1071
1321
1345
1369
1393
1417
1441
1465
1489
1513
1537
1561
1585
1609
1633
1657
1681
1705
1729
1753
1777
1801
1825
1849
1873
1897
1921
1945
1969
1993
1993
2018
2018
2044
2070
2096
2122
2148
2174
2200
2226
2252
2278
2304
2330
2356
2383
2384
2385
2386
2387
2388
2389
2390
2391
2356
2392
1284
1285
1286
1287
1288
1289
1290
1291
1292
1293
1294
1295
1296
1297
1298
1299
1300
1301
1302
1303
1304
1305
1306
1307
1308
1309
1310
1311
1312
1313
1314
1315
1316
1317
1318
1319
1320
2605
2606
2607
2608
2609
2610
2611
2612
2613
2614
2615
2616
2617
2618
2619
2620
2621
2622
2623
2624
2625
2626
2627
2628
2629
2630
2631
2632
2633
2634
2635
2636
2637
2638
2639
2640
2641
1062
1099
1136
1173
1210
1247
1284
2383
2420
2457
2494
2531
2568
2605
)


// ************************************************************************* //
