/*--------------------------------*- C++ -*----------------------------------*\
| =========                 |                                                 |
| \\      /  F ield         | OpenFOAM: The Open Source CFD Toolbox           |
|  \\    /   O peration     | Version:  v2012                                 |
|   \\  /    A nd           | Website:  www.openfoam.com                      |
|    \\/     M anipulation  |                                                 |
\*---------------------------------------------------------------------------*/
FoamFile
{
    version     2.0;
    format      ascii;
    class       labelList;
    note        "nPoints:3891  nCells:2652  nFaces:9101  nInternalFaces:7000";
    location    "constant/polyMesh";
    object      neighbour;
}
// * * * * * * * * * * * * * * * * * * * * * * * * * * * * * * * * * * * * * //


7000
(
1
16
501
2
17
502
3
18
503
4
19
504
5
20
505
6
21
506
7
22
507
8
23
508
9
24
509
10
25
510
11
26
511
12
27
512
13
28
513
14
29
514
15
30
515
31
516
17
32
517
18
33
518
19
34
519
20
35
520
21
36
521
22
37
522
23
38
523
24
39
524
25
40
525
26
41
526
27
42
527
28
43
528
29
44
529
30
45
530
31
46
531
47
532
33
48
533
34
49
534
35
50
535
36
51
536
37
52
537
38
53
538
39
54
539
40
55
540
41
56
541
42
57
542
43
58
543
44
59
544
45
60
545
46
61
546
47
62
547
63
548
49
64
549
50
65
550
51
66
551
52
67
552
53
68
553
54
69
554
55
70
555
56
71
556
57
72
557
58
73
558
59
74
559
60
75
560
61
76
561
62
77
562
63
78
563
79
564
65
565
66
80
566
67
81
567
68
82
568
69
83
569
70
84
570
71
85
571
72
86
572
73
87
573
74
88
574
75
89
575
76
90
576
77
91
577
78
92
578
79
93
579
94
580
81
95
581
82
96
582
83
97
583
84
98
584
85
99
585
86
100
586
87
101
587
88
102
588
89
103
589
90
104
590
91
105
591
92
106
592
93
107
593
94
108
594
109
595
96
110
596
97
111
597
98
112
598
99
113
599
100
114
600
101
115
601
102
116
602
103
117
603
104
118
604
105
119
605
106
120
606
107
121
607
108
122
608
109
123
609
124
610
111
125
611
112
126
612
113
127
613
114
128
614
115
129
615
116
130
616
117
131
617
118
132
618
119
133
619
120
134
620
121
135
621
122
136
622
123
137
623
124
138
624
139
625
126
140
626
127
141
627
128
142
628
129
143
629
130
144
630
131
145
631
132
146
632
133
147
633
134
148
634
135
149
635
136
150
636
137
151
637
138
152
638
139
153
639
154
640
141
155
641
142
156
642
143
157
643
144
158
644
145
159
645
146
160
646
147
161
647
148
162
648
149
163
649
150
164
650
151
165
651
152
166
652
153
167
653
154
168
654
169
655
156
171
656
157
172
657
158
173
658
159
174
659
160
175
660
161
176
661
162
177
662
163
178
663
164
179
664
165
180
665
166
181
666
167
182
667
168
183
668
169
184
669
185
670
171
186
671
172
187
672
173
188
673
174
189
674
175
190
675
176
191
676
177
192
677
178
193
678
179
194
679
180
195
680
181
196
681
182
197
682
183
198
683
184
199
684
185
200
685
201
686
187
203
687
188
204
688
189
205
689
190
206
690
191
207
691
192
208
692
193
209
693
194
210
694
195
211
695
196
212
696
197
213
697
198
214
698
199
215
699
200
216
700
201
217
701
218
702
203
219
703
204
220
704
205
221
705
206
222
706
207
223
707
208
224
708
209
225
709
210
226
710
211
227
711
212
228
712
213
229
713
214
230
714
215
231
715
216
232
716
217
233
717
218
234
718
235
719
220
236
720
221
237
721
222
238
722
223
239
723
224
240
724
225
241
725
226
242
726
227
243
727
228
244
728
229
245
729
230
246
730
231
247
731
232
248
732
233
249
733
234
250
734
235
251
735
252
736
237
254
737
238
255
738
239
256
739
240
257
740
241
258
741
242
259
742
243
260
743
244
261
744
245
262
745
246
263
746
247
264
747
248
265
748
249
266
749
250
267
750
251
268
751
252
269
752
270
753
254
271
754
255
272
755
256
273
756
257
274
757
258
275
758
259
276
759
260
277
760
261
278
761
262
279
762
263
280
763
264
281
764
265
282
765
266
283
766
267
284
767
268
285
768
269
286
769
270
287
770
288
771
272
293
772
273
294
773
274
295
774
275
296
775
276
297
776
277
298
777
278
299
778
279
300
779
280
301
780
281
302
781
282
303
782
283
304
783
284
305
784
285
306
785
286
307
786
287
308
787
288
309
788
310
789
1685
1691
1692
1694
1691
1698
1699
1701
292
315
792
1698
1700
1702
1704
293
316
793
294
317
794
295
318
795
296
319
796
297
320
797
298
321
798
299
322
799
300
323
800
301
324
801
302
325
802
303
326
803
304
327
804
305
328
805
306
329
806
307
330
807
308
331
808
309
332
809
310
333
810
334
811
1681
1705
2090
2091
2092
1686
1707
1714
1715
1717
2215
2216
2218
1692
1714
1721
1722
1724
1699
1721
1728
1729
1731
316
339
815
1728
1730
1732
1734
317
340
816
318
341
817
319
342
818
320
343
819
321
344
820
322
345
821
323
346
822
324
347
823
325
348
824
326
349
825
327
350
826
328
351
827
329
352
828
330
353
829
331
354
830
332
355
831
333
356
832
334
357
833
358
834
1708
1735
2099
2100
2101
1715
1737
1744
1745
1747
2280
2281
2283
1722
1744
1751
1752
1754
1729
1751
1758
1759
1761
340
363
838
1758
1760
1762
1764
341
364
839
342
365
840
343
366
841
344
367
842
345
368
843
346
369
844
347
370
845
348
371
846
349
372
847
350
373
848
351
374
849
352
375
850
353
376
851
354
377
852
355
378
853
356
379
854
357
380
855
358
381
856
382
857
1738
1765
2108
2109
2110
1745
1767
1774
1775
1777
2345
2346
2348
1752
1774
1781
1782
1784
1759
1781
1788
1789
1791
364
387
861
1788
1790
1792
1794
365
388
862
366
389
863
367
390
864
368
391
865
369
392
866
370
393
867
371
394
868
372
395
869
373
396
870
374
397
871
375
398
872
376
399
873
377
400
874
378
401
875
379
402
876
380
403
877
381
404
878
382
405
879
406
880
1768
1795
2117
2118
2119
1775
1797
1804
1805
1807
2410
2411
2413
1782
1804
1811
1812
1814
1789
1811
1818
1819
1821
388
411
884
1818
1820
1822
1824
389
412
885
390
413
886
391
414
887
392
415
888
393
416
889
394
417
890
395
418
891
396
419
892
397
420
893
398
421
894
399
422
895
400
423
896
401
424
897
402
425
898
403
426
899
404
427
900
405
428
901
406
429
902
430
903
1798
1825
2126
2127
2128
1805
1827
1834
1835
1837
2475
2476
2478
1812
1834
1841
1842
1844
1819
1841
1848
1849
1851
412
435
907
1848
1850
1852
1854
413
436
908
414
437
909
415
438
910
416
439
911
417
440
912
418
441
913
419
442
914
420
443
915
421
444
916
422
445
917
423
446
918
424
447
919
425
448
920
426
449
921
427
450
922
428
451
923
429
452
924
430
453
925
454
926
1828
1855
2135
2136
2137
1835
1857
1864
1865
1867
2540
2541
2543
1842
1864
1871
1872
1874
1849
1871
1878
1879
1881
436
459
930
1878
1880
1882
1884
437
460
931
438
461
932
439
462
933
440
463
934
441
464
935
442
465
936
443
466
937
444
467
938
445
468
939
446
469
940
447
470
941
448
471
942
449
472
943
450
473
944
451
474
945
452
475
946
453
476
947
454
477
948
478
949
1858
1885
2144
2145
2146
1865
1887
1894
1895
1897
2605
2606
2608
1872
1894
1901
1902
1904
1879
1901
1908
1909
1911
460
481
953
1908
1910
1912
1914
461
482
954
462
483
955
463
484
956
464
485
957
465
486
958
466
487
959
467
488
960
468
489
961
469
490
962
470
491
963
471
492
964
472
493
965
473
494
966
474
495
967
475
496
968
476
497
969
477
498
970
478
499
971
500
972
1902
1915
1917
1918
1909
1917
1920
1922
482
975
1920
1921
1923
1924
483
976
484
977
485
978
486
979
487
980
488
981
489
982
490
983
491
984
492
985
493
986
494
987
495
988
496
989
497
990
498
991
499
992
500
993
994
502
517
995
503
518
996
504
519
997
505
520
998
506
521
999
507
522
1000
508
523
1001
509
524
1002
510
525
1003
511
526
1004
512
527
1005
513
528
1006
514
529
1007
515
530
1008
516
531
1009
532
1010
518
533
1011
519
534
1012
520
535
1013
521
536
1014
522
537
1015
523
538
1016
524
539
1017
525
540
1018
526
541
1019
527
542
1020
528
543
1021
529
544
1022
530
545
1023
531
546
1024
532
547
1025
548
1026
534
549
1027
535
550
1028
536
551
1029
537
552
1030
538
553
1031
539
554
1032
540
555
1033
541
556
1034
542
557
1035
543
558
1036
544
559
1037
545
560
1038
546
561
1039
547
562
1040
548
563
1041
564
1042
550
565
1043
551
566
1044
552
567
1045
553
568
1046
554
569
1047
555
570
1048
556
571
1049
557
572
1050
558
573
1051
559
574
1052
560
575
1053
561
576
1054
562
577
1055
563
578
1056
564
579
1057
580
1058
566
1059
567
581
1060
568
582
1061
569
583
1062
570
584
1063
571
585
1064
572
586
1065
573
587
1066
574
588
1067
575
589
1068
576
590
1069
577
591
1070
578
592
1071
579
593
1072
580
594
1073
595
1074
582
596
1075
583
597
1076
584
598
1077
585
599
1078
586
600
1079
587
601
1080
588
602
1081
589
603
1082
590
604
1083
591
605
1084
592
606
1085
593
607
1086
594
608
1087
595
609
1088
610
1089
597
611
1090
598
612
1091
599
613
1092
600
614
1093
601
615
1094
602
616
1095
603
617
1096
604
618
1097
605
619
1098
606
620
1099
607
621
1100
608
622
1101
609
623
1102
610
624
1103
625
1104
612
626
1105
613
627
1106
614
628
1107
615
629
1108
616
630
1109
617
631
1110
618
632
1111
619
633
1112
620
634
1113
621
635
1114
622
636
1115
623
637
1116
624
638
1117
625
639
1118
640
1119
627
641
1120
628
642
1121
629
643
1122
630
644
1123
631
645
1124
632
646
1125
633
647
1126
634
648
1127
635
649
1128
636
650
1129
637
651
1130
638
652
1131
639
653
1132
640
654
1133
655
1134
642
656
1135
643
657
1136
644
658
1137
645
659
1138
646
660
1139
647
661
1140
648
662
1141
649
663
1142
650
664
1143
651
665
1144
652
666
1145
653
667
1146
654
668
1147
655
669
1148
670
1149
657
672
1150
658
673
1151
659
674
1152
660
675
1153
661
676
1154
662
677
1155
663
678
1156
664
679
1157
665
680
1158
666
681
1159
667
682
1160
668
683
1161
669
684
1162
670
685
1163
686
1164
672
687
1165
673
688
1166
674
689
1167
675
690
1168
676
691
1169
677
692
1170
678
693
1171
679
694
1172
680
695
1173
681
696
1174
682
697
1175
683
698
1176
684
699
1177
685
700
1178
686
701
1179
702
1180
688
704
1181
689
705
1182
690
706
1183
691
707
1184
692
708
1185
693
709
1186
694
710
1187
695
711
1188
696
712
1189
697
713
1190
698
714
1191
699
715
1192
700
716
1193
701
717
1194
702
718
1195
719
1196
704
720
1197
705
721
1198
706
722
1199
707
723
1200
708
724
1201
709
725
1202
710
726
1203
711
727
1204
712
728
1205
713
729
1206
714
730
1207
715
731
1208
716
732
1209
717
733
1210
718
734
1211
719
735
1212
736
1213
721
737
1214
722
738
1215
723
739
1216
724
740
1217
725
741
1218
726
742
1219
727
743
1220
728
744
1221
729
745
1222
730
746
1223
731
747
1224
732
748
1225
733
749
1226
734
750
1227
735
751
1228
736
752
1229
753
1230
738
755
1231
739
756
1232
740
757
1233
741
758
1234
742
759
1235
743
760
1236
744
761
1237
745
762
1238
746
763
1239
747
764
1240
748
765
1241
749
766
1242
750
767
1243
751
768
1244
752
769
1245
753
770
1246
771
1247
755
772
1248
756
773
1249
757
774
1250
758
775
1251
759
776
1252
760
777
1253
761
778
1254
762
779
1255
763
780
1256
764
781
1257
765
782
1258
766
783
1259
767
784
1260
768
785
1261
769
786
1262
770
787
1263
771
788
1264
789
1265
773
794
1266
774
795
1267
775
796
1268
776
797
1269
777
798
1270
778
799
1271
779
800
1272
780
801
1273
781
802
1274
782
803
1275
783
804
1276
784
805
1277
785
806
1278
786
807
1279
787
808
1280
788
809
1281
789
810
1282
811
1283
1694
1925
1930
1931
1933
1701
1930
1937
1938
1940
793
815
1284
1937
1939
1941
1943
794
816
1285
795
817
1286
796
818
1287
797
819
1288
798
820
1289
799
821
1290
800
822
1291
801
823
1292
802
824
1293
803
825
1294
804
826
1295
805
827
1296
806
828
1297
807
829
1298
808
830
1299
809
831
1300
810
832
1301
811
833
1302
834
1303
1717
1926
1944
1945
2151
1724
1931
1944
1949
1950
1952
1731
1938
1949
1956
1957
1959
816
838
1304
1956
1958
1960
1962
817
839
1305
818
840
1306
819
841
1307
820
842
1308
821
843
1309
822
844
1310
823
845
1311
824
846
1312
825
847
1313
826
848
1314
827
849
1315
828
850
1316
829
851
1317
830
852
1318
831
853
1319
832
854
1320
833
855
1321
834
856
1322
857
1323
1747
1945
1963
1964
2153
1754
1950
1963
1968
1969
1971
1761
1957
1968
1975
1976
1978
839
861
1324
1975
1977
1979
1981
840
862
1325
841
863
1326
842
864
1327
843
865
1328
844
866
1329
845
867
1330
846
868
1331
847
869
1332
848
870
1333
849
871
1334
850
872
1335
851
873
1336
852
874
1337
853
875
1338
854
876
1339
855
877
1340
856
878
1341
857
879
1342
880
1343
1777
1964
1982
1983
2155
1784
1969
1982
1987
1988
1990
1791
1976
1987
1994
1995
1997
862
884
1344
1994
1996
1998
2000
863
885
1345
864
886
1346
865
887
1347
866
888
1348
867
889
1349
868
890
1350
869
891
1351
870
892
1352
871
893
1353
872
894
1354
873
895
1355
874
896
1356
875
897
1357
876
898
1358
877
899
1359
878
900
1360
879
901
1361
880
902
1362
903
1363
1807
1983
2001
2002
2157
1814
1988
2001
2006
2007
2009
1821
1995
2006
2013
2014
2016
885
907
1364
2013
2015
2017
2019
886
908
1365
887
909
1366
888
910
1367
889
911
1368
890
912
1369
891
913
1370
892
914
1371
893
915
1372
894
916
1373
895
917
1374
896
918
1375
897
919
1376
898
920
1377
899
921
1378
900
922
1379
901
923
1380
902
924
1381
903
925
1382
926
1383
1837
2002
2020
2021
2159
1844
2007
2020
2025
2026
2028
1851
2014
2025
2032
2033
2035
908
930
1384
2032
2034
2036
2038
909
931
1385
910
932
1386
911
933
1387
912
934
1388
913
935
1389
914
936
1390
915
937
1391
916
938
1392
917
939
1393
918
940
1394
919
941
1395
920
942
1396
921
943
1397
922
944
1398
923
945
1399
924
946
1400
925
947
1401
926
948
1402
949
1403
1867
2021
2039
2040
2161
1874
2026
2039
2044
2045
2047
1881
2033
2044
2051
2052
2054
931
953
1404
2051
2053
2055
2057
932
954
1405
933
955
1406
934
956
1407
935
957
1408
936
958
1409
937
959
1410
938
960
1411
939
961
1412
940
962
1413
941
963
1414
942
964
1415
943
965
1416
944
966
1417
945
967
1418
946
968
1419
947
969
1420
948
970
1421
949
971
1422
972
1423
1897
2040
2058
2059
2163
1904
2045
2058
2063
2064
2066
1911
2052
2063
2070
2071
2073
954
975
1424
2070
2072
2074
2076
955
976
1425
956
977
1426
957
978
1427
958
979
1428
959
980
1429
960
981
1430
961
982
1431
962
983
1432
963
984
1433
964
985
1434
965
986
1435
966
987
1436
967
988
1437
968
989
1438
969
990
1439
970
991
1440
971
992
1441
972
993
1442
994
1443
1918
2064
2077
2079
2080
1922
2071
2079
2082
2084
976
1444
2082
2083
2085
2086
977
1445
978
1446
979
1447
980
1448
981
1449
982
1450
983
1451
984
1452
985
1453
986
1454
987
1455
988
1456
989
1457
990
1458
991
1459
992
1460
993
1461
994
1462
1463
996
1011
997
1012
998
1013
999
1014
1000
1015
1001
1016
1002
1017
1003
1018
1004
1019
1464
1005
1020
1465
1006
1021
1466
1007
1022
1467
1008
1023
1468
1009
1024
1469
1010
1025
1470
1026
1471
1012
1027
1013
1028
1014
1029
1015
1030
1016
1031
1017
1032
1018
1033
1019
1034
1020
1035
1472
1021
1036
1473
1022
1037
1474
1023
1038
1475
1024
1039
1476
1025
1040
1477
1026
1041
1478
1042
1479
1028
1043
1029
1044
1030
1045
1031
1046
1032
1047
1033
1048
1034
1049
1035
1050
1036
1051
1480
1037
1052
1481
1038
1053
1482
1039
1054
1483
1040
1055
1484
1041
1056
1485
1042
1057
1486
1058
1487
1044
1059
1045
1060
1046
1061
1047
1062
1048
1063
1049
1064
1050
1065
1051
1066
1052
1067
1488
1053
1068
1489
1054
1069
1490
1055
1070
1491
1056
1071
1492
1057
1072
1493
1058
1073
1494
1074
1495
1060
1061
1075
1062
1076
1063
1077
1064
1078
1065
1079
1066
1080
1067
1081
1068
1082
1496
1069
1083
1497
1070
1084
1498
1071
1085
1499
1072
1086
1500
1073
1087
1501
1074
1088
1502
1089
1503
1076
1090
1077
1091
1078
1092
1079
1093
1080
1094
1081
1095
1082
1096
1083
1097
1504
1084
1098
1505
1085
1099
1506
1086
1100
1507
1087
1101
1508
1088
1102
1509
1089
1103
1510
1104
1511
1091
1105
1092
1106
1093
1107
1094
1108
1095
1109
1096
1110
1097
1111
1098
1112
1512
1099
1113
1513
1100
1114
1514
1101
1115
1515
1102
1116
1516
1103
1117
1517
1104
1118
1518
1119
1519
1106
1120
1107
1121
1108
1122
1109
1123
1110
1124
1111
1125
1112
1126
1113
1127
1520
1114
1128
1521
1115
1129
1522
1116
1130
1523
1117
1131
1524
1118
1132
1525
1119
1133
1526
1134
1527
1121
1135
1122
1136
1123
1137
1124
1138
1125
1139
1126
1140
1127
1141
1128
1142
1528
1129
1143
1529
1130
1144
1530
1131
1145
1531
1132
1146
1532
1133
1147
1533
1134
1148
1534
1149
1535
1136
1150
1137
1151
1138
1152
1139
1153
1140
1154
1141
1155
1142
1156
1143
1157
1536
1144
1158
1537
1145
1159
1538
1146
1160
1539
1147
1161
1540
1148
1162
1541
1149
1163
1542
1164
1543
1151
1166
1152
1167
1153
1168
1154
1169
1155
1170
1156
1171
1157
1172
1158
1173
1544
1159
1174
1545
1160
1175
1546
1161
1176
1547
1162
1177
1548
1163
1178
1549
1164
1179
1550
1180
1551
1166
1181
1167
1182
1168
1183
1169
1184
1170
1185
1171
1186
1172
1187
1173
1188
1174
1189
1552
1175
1190
1553
1176
1191
1554
1177
1192
1555
1178
1193
1556
1179
1194
1557
1180
1195
1558
1196
1559
1182
1198
1183
1199
1184
1200
1185
1201
1186
1202
1187
1203
1188
1204
1189
1205
1190
1206
1560
1191
1207
1561
1192
1208
1562
1193
1209
1563
1194
1210
1564
1195
1211
1565
1196
1212
1566
1213
1567
1198
1214
1199
1215
1200
1216
1201
1217
1202
1218
1203
1219
1204
1220
1205
1221
1206
1222
1207
1223
1568
1208
1224
1569
1209
1225
1570
1210
1226
1571
1211
1227
1572
1212
1228
1573
1213
1229
1574
1230
1575
1215
1231
1216
1232
1217
1233
1218
1234
1219
1235
1220
1236
1221
1237
1222
1238
1223
1239
1224
1240
1576
1225
1241
1577
1226
1242
1578
1227
1243
1579
1228
1244
1580
1229
1245
1581
1230
1246
1582
1247
1583
1232
1249
1233
1250
1234
1251
1235
1252
1236
1253
1237
1254
1238
1255
1239
1256
1240
1257
1241
1258
1584
1242
1259
1585
1243
1260
1586
1244
1261
1587
1245
1262
1588
1246
1263
1589
1247
1264
1590
1265
1591
1249
1266
1250
1267
1251
1268
1252
1269
1253
1270
1254
1271
1255
1272
1256
1273
1257
1274
1258
1275
1259
1276
1592
1260
1277
1593
1261
1278
1594
1262
1279
1595
1263
1280
1596
1264
1281
1597
1265
1282
1598
1283
1599
1267
1286
1268
1287
1269
1288
1270
1289
1271
1290
1272
1291
1273
1292
1274
1293
1275
1294
1276
1295
1277
1296
1600
1278
1297
1601
1279
1298
1602
1280
1299
1603
1281
1300
1604
1282
1301
1605
1283
1302
1606
1303
1607
1285
1304
1286
1305
1287
1306
1288
1307
1289
1308
1290
1309
1291
1310
1292
1311
1293
1312
1294
1313
1295
1314
1296
1315
1297
1316
1608
1298
1317
1609
1299
1318
1610
1300
1319
1611
1301
1320
1612
1302
1321
1613
1303
1322
1614
1323
1615
1305
1324
1306
1325
1307
1326
1308
1327
1309
1328
1310
1329
1311
1330
1312
1331
1313
1332
1314
1333
1315
1334
1316
1335
1317
1336
1616
1318
1337
1617
1319
1338
1618
1320
1339
1619
1321
1340
1620
1322
1341
1621
1323
1342
1622
1343
1623
1325
1344
1326
1345
1327
1346
1328
1347
1329
1348
1330
1349
1331
1350
1332
1351
1333
1352
1334
1353
1335
1354
1336
1355
1337
1356
1624
1338
1357
1625
1339
1358
1626
1340
1359
1627
1341
1360
1628
1342
1361
1629
1343
1362
1630
1363
1631
1345
1364
1346
1365
1347
1366
1348
1367
1349
1368
1350
1369
1351
1370
1352
1371
1353
1372
1354
1373
1355
1374
1356
1375
1357
1376
1632
1358
1377
1633
1359
1378
1634
1360
1379
1635
1361
1380
1636
1362
1381
1637
1363
1382
1638
1383
1639
1365
1384
1366
1385
1367
1386
1368
1387
1369
1388
1370
1389
1371
1390
1372
1391
1373
1392
1374
1393
1375
1394
1376
1395
1377
1396
1640
1378
1397
1641
1379
1398
1642
1380
1399
1643
1381
1400
1644
1382
1401
1645
1383
1402
1646
1403
1647
1385
1404
1386
1405
1387
1406
1388
1407
1389
1408
1390
1409
1391
1410
1392
1411
1393
1412
1394
1413
1395
1414
1396
1415
1397
1416
1648
1398
1417
1649
1399
1418
1650
1400
1419
1651
1401
1420
1652
1402
1421
1653
1403
1422
1654
1423
1655
1405
1424
1406
1425
1407
1426
1408
1427
1409
1428
1410
1429
1411
1430
1412
1431
1413
1432
1414
1433
1415
1434
1416
1435
1417
1436
1656
1418
1437
1657
1419
1438
1658
1420
1439
1659
1421
1440
1660
1422
1441
1661
1423
1442
1662
1443
1663
1425
1444
1426
1445
1427
1446
1428
1447
1429
1448
1430
1449
1431
1450
1432
1451
1433
1452
1434
1453
1435
1454
1436
1455
1437
1456
1664
1438
1457
1665
1439
1458
1666
1440
1459
1667
1441
1460
1668
1442
1461
1669
1443
1462
1670
1463
1671
1445
1446
1447
1448
1449
1450
1451
1452
1453
1454
1455
1456
1457
1672
1458
1673
1459
1674
1460
1675
1461
1676
1462
1677
1463
1678
1679
1465
1472
1466
1473
1467
1474
1468
1475
1469
1476
1470
1477
1471
1478
1479
1473
1480
1474
1481
1475
1482
1476
1483
1477
1484
1478
1485
1479
1486
1487
1481
1488
1482
1489
1483
1490
1484
1491
1485
1492
1486
1493
1487
1494
1495
1489
1496
1490
1497
1491
1498
1492
1499
1493
1500
1494
1501
1495
1502
1503
1497
1504
1498
1505
1499
1506
1500
1507
1501
1508
1502
1509
1503
1510
1511
1505
1512
1506
1513
1507
1514
1508
1515
1509
1516
1510
1517
1511
1518
1519
1513
1520
1514
1521
1515
1522
1516
1523
1517
1524
1518
1525
1519
1526
1527
1521
1528
1522
1529
1523
1530
1524
1531
1525
1532
1526
1533
1527
1534
1535
1529
1536
1530
1537
1531
1538
1532
1539
1533
1540
1534
1541
1535
1542
1543
1537
1544
1538
1545
1539
1546
1540
1547
1541
1548
1542
1549
1543
1550
1551
1545
1552
1546
1553
1547
1554
1548
1555
1549
1556
1550
1557
1551
1558
1559
1553
1560
1554
1561
1555
1562
1556
1563
1557
1564
1558
1565
1559
1566
1567
1561
1568
1562
1569
1563
1570
1564
1571
1565
1572
1566
1573
1567
1574
1575
1569
1576
1570
1577
1571
1578
1572
1579
1573
1580
1574
1581
1575
1582
1583
1577
1584
1578
1585
1579
1586
1580
1587
1581
1588
1582
1589
1583
1590
1591
1585
1592
1586
1593
1587
1594
1588
1595
1589
1596
1590
1597
1591
1598
1599
1593
1600
1594
1601
1595
1602
1596
1603
1597
1604
1598
1605
1599
1606
1607
1601
1608
1602
1609
1603
1610
1604
1611
1605
1612
1606
1613
1607
1614
1615
1609
1616
1610
1617
1611
1618
1612
1619
1613
1620
1614
1621
1615
1622
1623
1617
1624
1618
1625
1619
1626
1620
1627
1621
1628
1622
1629
1623
1630
1631
1625
1632
1626
1633
1627
1634
1628
1635
1629
1636
1630
1637
1631
1638
1639
1633
1640
1634
1641
1635
1642
1636
1643
1637
1644
1638
1645
1639
1646
1647
1641
1648
1642
1649
1643
1650
1644
1651
1645
1652
1646
1653
1647
1654
1655
1649
1656
1650
1657
1651
1658
1652
1659
1653
1660
1654
1661
1655
1662
1663
1657
1664
1658
1665
1659
1666
1660
1667
1661
1668
1662
1669
1663
1670
1671
1665
1672
1666
1673
1667
1674
1668
1675
1669
1676
1670
1677
1671
1678
1679
1673
1674
1675
1676
1677
1678
1679
1681
1705
2166
2167
2170
2171
2172
1686
1707
2177
2178
2179
1710
2184
2185
2186
1689
1711
2150
2191
2192
2193
1687
1688
1687
1689
2177
2179
2180
1690
1692
1714
1690
1694
1925
1690
1717
1926
2191
2192
2194
1696
1718
1927
1693
1695
1693
1696
1697
1699
1721
1695
1696
1697
1701
1930
1697
1724
1931
1703
1725
1932
1700
1702
1700
1703
1704
1728
1702
1703
1704
1937
1704
1731
1938
1732
1939
2198
2199
2200
1708
1735
2207
2208
2209
2214
2215
2216
2221
2222
2223
1715
1737
2228
2229
2230
2235
2236
2237
1717
2151
2242
2243
2244
1740
2249
2250
2251
1719
1741
2152
2256
2257
2258
1716
1718
1716
1719
2228
2230
2231
1720
1722
1744
1718
1719
2242
2244
2246
1720
1724
1944
1720
1747
1945
2256
2257
2259
1726
1748
1946
1723
1725
1723
1726
1727
1729
1751
1725
1726
1727
1731
1949
1727
1754
1950
1733
1755
1951
1730
1732
1730
1733
1734
1758
1732
1733
1734
1956
1734
1761
1957
1762
1958
2263
2264
2265
1738
1765
2272
2273
2274
2279
2280
2281
2286
2287
2288
1745
1767
2293
2294
2295
2300
2301
2302
1747
2153
2307
2308
2309
1770
2314
2315
2316
1749
1771
2154
2321
2322
2323
1746
1748
1746
1749
2293
2295
2296
1750
1752
1774
1748
1749
2307
2309
2311
1750
1754
1963
1750
1777
1964
2321
2322
2324
1756
1778
1965
1753
1755
1753
1756
1757
1759
1781
1755
1756
1757
1761
1968
1757
1784
1969
1763
1785
1970
1760
1762
1760
1763
1764
1788
1762
1763
1764
1975
1764
1791
1976
1792
1977
2328
2329
2330
1768
1795
2337
2338
2339
2344
2345
2346
2351
2352
2353
1775
1797
2358
2359
2360
2365
2366
2367
1777
2155
2372
2373
2374
1800
2379
2380
2381
1779
1801
2156
2386
2387
2388
1776
1778
1776
1779
2358
2360
2361
1780
1782
1804
1778
1779
2372
2374
2376
1780
1784
1982
1780
1807
1983
2386
2387
2389
1786
1808
1984
1783
1785
1783
1786
1787
1789
1811
1785
1786
1787
1791
1987
1787
1814
1988
1793
1815
1989
1790
1792
1790
1793
1794
1818
1792
1793
1794
1994
1794
1821
1995
1822
1996
2393
2394
2395
1798
1825
2402
2403
2404
2409
2410
2411
2416
2417
2418
1805
1827
2423
2424
2425
2430
2431
2432
1807
2157
2437
2438
2439
1830
2444
2445
2446
1809
1831
2158
2451
2452
2453
1806
1808
1806
1809
2423
2425
2426
1810
1812
1834
1808
1809
2437
2439
2441
1810
1814
2001
1810
1837
2002
2451
2452
2454
1816
1838
2003
1813
1815
1813
1816
1817
1819
1841
1815
1816
1817
1821
2006
1817
1844
2007
1823
1845
2008
1820
1822
1820
1823
1824
1848
1822
1823
1824
2013
1824
1851
2014
1852
2015
2458
2459
2460
1828
1855
2467
2468
2469
2474
2475
2476
2481
2482
2483
1835
1857
2488
2489
2490
2495
2496
2497
1837
2159
2502
2503
2504
1860
2509
2510
2511
1839
1861
2160
2516
2517
2518
1836
1838
1836
1839
2488
2490
2491
1840
1842
1864
1838
1839
2502
2504
2506
1840
1844
2020
1840
1867
2021
2516
2517
2519
1846
1868
2022
1843
1845
1843
1846
1847
1849
1871
1845
1846
1847
1851
2025
1847
1874
2026
1853
1875
2027
1850
1852
1850
1853
1854
1878
1852
1853
1854
2032
1854
1881
2033
1882
2034
2523
2524
2525
1858
1885
2532
2533
2534
2539
2540
2541
2546
2547
2548
1865
1887
2553
2554
2555
2560
2561
2562
1867
2161
2567
2568
2569
1890
2574
2575
2576
1869
1891
2162
2581
2582
2583
1866
1868
1866
1869
2553
2555
2556
1870
1872
1894
1868
1869
2567
2569
2571
1870
1874
2039
1870
1897
2040
2581
2582
2584
1876
1898
2041
1873
1875
1873
1876
1877
1879
1901
1875
1876
1877
1881
2044
1877
1904
2045
1883
1905
2046
1880
1882
1880
1883
1884
1908
1882
1883
1884
2051
1884
1911
2052
1912
2053
2588
2589
2590
1888
2597
2598
2599
2604
2605
2606
2611
2612
2613
1895
2618
2619
2620
2625
2626
2627
1897
2163
2632
2633
2634
2639
2640
2641
1899
2164
2646
2647
2648
1896
1898
1896
1899
2618
2620
2621
1900
1902
1915
1898
1899
2632
2634
2636
1900
1904
2058
1900
2059
2646
2647
2649
1906
1916
2060
1903
1905
1903
1906
1907
1909
1917
1905
1906
1907
1911
2063
1907
1918
2064
1913
1919
2065
1910
1912
1910
1913
1914
1920
1912
1913
1914
2070
1914
1922
2071
1923
2072
1916
1918
2077
1919
1919
1922
2079
1921
1923
1924
1923
1924
2082
2083
1927
1928
1927
2150
1929
1931
1944
1929
1933
1935
1947
1932
1934
1932
1935
1936
1938
1949
1934
1935
1936
1940
1936
1952
1942
1953
1939
1941
1939
1942
1943
1956
1941
1942
1943
1943
1959
1960
1946
1947
1946
2152
1948
1950
1963
1948
1952
1954
1966
1951
1953
1951
1954
1955
1957
1968
1953
1954
1955
1959
1955
1971
1961
1972
1958
1960
1958
1961
1962
1975
1960
1961
1962
1962
1978
1979
1965
1966
1965
2154
1967
1969
1982
1967
1971
1973
1985
1970
1972
1970
1973
1974
1976
1987
1972
1973
1974
1978
1974
1990
1980
1991
1977
1979
1977
1980
1981
1994
1979
1980
1981
1981
1997
1998
1984
1985
1984
2156
1986
1988
2001
1986
1990
1992
2004
1989
1991
1989
1992
1993
1995
2006
1991
1992
1993
1997
1993
2009
1999
2010
1996
1998
1996
1999
2000
2013
1998
1999
2000
2000
2016
2017
2003
2004
2003
2158
2005
2007
2020
2005
2009
2011
2023
2008
2010
2008
2011
2012
2014
2025
2010
2011
2012
2016
2012
2028
2018
2029
2015
2017
2015
2018
2019
2032
2017
2018
2019
2019
2035
2036
2022
2023
2022
2160
2024
2026
2039
2024
2028
2030
2042
2027
2029
2027
2030
2031
2033
2044
2029
2030
2031
2035
2031
2047
2037
2048
2034
2036
2034
2037
2038
2051
2036
2037
2038
2038
2054
2055
2041
2042
2041
2162
2043
2045
2058
2043
2047
2049
2061
2046
2048
2046
2049
2050
2052
2063
2048
2049
2050
2054
2050
2066
2056
2067
2053
2055
2053
2056
2057
2070
2055
2056
2057
2057
2073
2074
2060
2061
2060
2164
2062
2064
2077
2062
2066
2068
2078
2065
2067
2065
2068
2069
2071
2079
2067
2068
2069
2073
2069
2080
2075
2081
2072
2074
2072
2075
2076
2082
2074
2075
2076
2076
2084
2085
2078
2080
2081
2081
2084
2083
2085
2086
2085
2086
2088
2165
2198
2203
2205
2093
2094
2095
2213
2220
2234
2093
2095
2171
2214
2094
2095
2199
2221
2093
2094
2172
2200
2235
2174
2217
2238
2202
2224
2239
2219
2226
2097
2204
2263
2268
2270
2102
2103
2104
2278
2285
2299
2102
2104
2222
2279
2103
2104
2264
2286
2102
2103
2223
2265
2300
2225
2282
2303
2267
2289
2304
2284
2291
2106
2269
2328
2333
2335
2111
2112
2113
2343
2350
2364
2111
2113
2287
2344
2112
2113
2329
2351
2111
2112
2288
2330
2365
2290
2347
2368
2332
2354
2369
2349
2356
2115
2334
2393
2398
2400
2120
2121
2122
2408
2415
2429
2120
2122
2352
2409
2121
2122
2394
2416
2120
2121
2353
2395
2430
2355
2412
2433
2397
2419
2434
2414
2421
2124
2399
2458
2463
2465
2129
2130
2131
2473
2480
2494
2129
2131
2417
2474
2130
2131
2459
2481
2129
2130
2418
2460
2495
2420
2477
2498
2462
2484
2499
2479
2486
2133
2464
2523
2528
2530
2138
2139
2140
2538
2545
2559
2138
2140
2482
2539
2139
2140
2524
2546
2138
2139
2483
2525
2560
2485
2542
2563
2527
2549
2564
2544
2551
2142
2529
2588
2593
2595
2147
2148
2149
2603
2610
2624
2147
2149
2547
2604
2148
2149
2589
2611
2147
2148
2548
2590
2625
2550
2607
2628
2592
2614
2629
2609
2616
2151
2192
2193
2196
2152
2243
2244
2247
2153
2257
2258
2261
2154
2308
2309
2312
2155
2322
2323
2326
2156
2373
2374
2377
2157
2387
2388
2391
2158
2438
2439
2442
2159
2452
2453
2456
2160
2503
2504
2507
2161
2517
2518
2521
2162
2568
2569
2572
2163
2582
2583
2586
2164
2633
2634
2637
2647
2648
2651
2166
2168
2198
2168
2172
2200
2201
2173
2174
2175
2176
2183
2173
2175
2174
2175
2178
2173
2174
2184
2187
2181
2188
2182
2180
2181
2182
2190
2180
2182
2181
2182
2214
2180
2181
2191
2216
2194
2195
2217
2187
2188
2189
2190
2187
2188
2235
2187
2189
2188
2189
2193
2236
2195
2238
2196
2194
2195
2196
2194
2195
2242
2194
2196
2195
2196
2243
2245
2201
2202
2203
2206
2201
2203
2202
2203
2207
2201
2202
2210
2212
2205
2208
2212
2210
2211
2212
2210
2212
2221
2211
2212
2263
2210
2211
2223
2265
2224
2266
2217
2218
2219
2227
2241
2217
2219
2218
2219
2228
2217
2218
2242
2245
2231
2246
2233
2224
2225
2226
2227
2248
2224
2226
2225
2226
2229
2224
2225
2249
2252
2232
2253
2233
2231
2232
2233
2255
2231
2233
2232
2233
2279
2231
2232
2256
2281
2259
2260
2282
2238
2239
2240
2241
2248
2238
2239
2238
2240
2243
2239
2240
2250
2245
2252
2247
2254
2245
2246
2247
2255
2245
2246
2245
2247
2246
2247
2257
2259
2261
2252
2253
2254
2255
2252
2253
2300
2252
2254
2253
2254
2258
2301
2260
2303
2261
2259
2260
2261
2259
2260
2307
2259
2261
2260
2261
2308
2310
2266
2267
2268
2271
2266
2268
2267
2268
2272
2266
2267
2275
2277
2270
2273
2277
2275
2276
2277
2275
2277
2286
2276
2277
2328
2275
2276
2288
2330
2289
2331
2282
2283
2284
2292
2306
2282
2284
2283
2284
2293
2282
2283
2307
2310
2296
2311
2298
2289
2290
2291
2292
2313
2289
2291
2290
2291
2294
2289
2290
2314
2317
2297
2318
2298
2296
2297
2298
2320
2296
2298
2297
2298
2344
2296
2297
2321
2346
2324
2325
2347
2303
2304
2305
2306
2313
2303
2304
2303
2305
2308
2304
2305
2315
2310
2317
2312
2319
2310
2311
2312
2320
2310
2311
2310
2312
2311
2312
2322
2324
2326
2317
2318
2319
2320
2317
2318
2365
2317
2319
2318
2319
2323
2366
2325
2368
2326
2324
2325
2326
2324
2325
2372
2324
2326
2325
2326
2373
2375
2331
2332
2333
2336
2331
2333
2332
2333
2337
2331
2332
2340
2342
2335
2338
2342
2340
2341
2342
2340
2342
2351
2341
2342
2393
2340
2341
2353
2395
2354
2396
2347
2348
2349
2357
2371
2347
2349
2348
2349
2358
2347
2348
2372
2375
2361
2376
2363
2354
2355
2356
2357
2378
2354
2356
2355
2356
2359
2354
2355
2379
2382
2362
2383
2363
2361
2362
2363
2385
2361
2363
2362
2363
2409
2361
2362
2386
2411
2389
2390
2412
2368
2369
2370
2371
2378
2368
2369
2368
2370
2373
2369
2370
2380
2375
2382
2377
2384
2375
2376
2377
2385
2375
2376
2375
2377
2376
2377
2387
2389
2391
2382
2383
2384
2385
2382
2383
2430
2382
2384
2383
2384
2388
2431
2390
2433
2391
2389
2390
2391
2389
2390
2437
2389
2391
2390
2391
2438
2440
2396
2397
2398
2401
2396
2398
2397
2398
2402
2396
2397
2405
2407
2400
2403
2407
2405
2406
2407
2405
2407
2416
2406
2407
2458
2405
2406
2418
2460
2419
2461
2412
2413
2414
2422
2436
2412
2414
2413
2414
2423
2412
2413
2437
2440
2426
2441
2428
2419
2420
2421
2422
2443
2419
2421
2420
2421
2424
2419
2420
2444
2447
2427
2448
2428
2426
2427
2428
2450
2426
2428
2427
2428
2474
2426
2427
2451
2476
2454
2455
2477
2433
2434
2435
2436
2443
2433
2434
2433
2435
2438
2434
2435
2445
2440
2447
2442
2449
2440
2441
2442
2450
2440
2441
2440
2442
2441
2442
2452
2454
2456
2447
2448
2449
2450
2447
2448
2495
2447
2449
2448
2449
2453
2496
2455
2498
2456
2454
2455
2456
2454
2455
2502
2454
2456
2455
2456
2503
2505
2461
2462
2463
2466
2461
2463
2462
2463
2467
2461
2462
2470
2472
2465
2468
2472
2470
2471
2472
2470
2472
2481
2471
2472
2523
2470
2471
2483
2525
2484
2526
2477
2478
2479
2487
2501
2477
2479
2478
2479
2488
2477
2478
2502
2505
2491
2506
2493
2484
2485
2486
2487
2508
2484
2486
2485
2486
2489
2484
2485
2509
2512
2492
2513
2493
2491
2492
2493
2515
2491
2493
2492
2493
2539
2491
2492
2516
2541
2519
2520
2542
2498
2499
2500
2501
2508
2498
2499
2498
2500
2503
2499
2500
2510
2505
2512
2507
2514
2505
2506
2507
2515
2505
2506
2505
2507
2506
2507
2517
2519
2521
2512
2513
2514
2515
2512
2513
2560
2512
2514
2513
2514
2518
2561
2520
2563
2521
2519
2520
2521
2519
2520
2567
2519
2521
2520
2521
2568
2570
2526
2527
2528
2531
2526
2528
2527
2528
2532
2526
2527
2535
2537
2530
2533
2537
2535
2536
2537
2535
2537
2546
2536
2537
2588
2535
2536
2548
2590
2549
2591
2542
2543
2544
2552
2566
2542
2544
2543
2544
2553
2542
2543
2567
2570
2556
2571
2558
2549
2550
2551
2552
2573
2549
2551
2550
2551
2554
2549
2550
2574
2577
2557
2578
2558
2556
2557
2558
2580
2556
2558
2557
2558
2604
2556
2557
2581
2606
2584
2585
2607
2563
2564
2565
2566
2573
2563
2564
2563
2565
2568
2564
2565
2575
2570
2577
2572
2579
2570
2571
2572
2580
2570
2571
2570
2572
2571
2572
2582
2584
2586
2577
2578
2579
2580
2577
2578
2625
2577
2579
2578
2579
2583
2626
2585
2628
2586
2584
2585
2586
2584
2585
2632
2584
2586
2585
2586
2633
2635
2591
2592
2593
2596
2591
2593
2592
2593
2597
2591
2592
2600
2602
2595
2598
2602
2600
2601
2602
2600
2602
2611
2601
2602
2600
2601
2613
2614
2607
2608
2609
2617
2631
2607
2609
2608
2609
2618
2607
2608
2632
2635
2621
2636
2623
2614
2615
2616
2617
2638
2614
2616
2615
2616
2619
2614
2615
2639
2642
2622
2643
2623
2621
2622
2623
2645
2621
2623
2622
2623
2621
2622
2646
2649
2650
2628
2629
2630
2631
2638
2628
2629
2628
2630
2633
2629
2630
2640
2635
2642
2637
2644
2635
2636
2637
2645
2635
2636
2635
2637
2636
2637
2647
2649
2651
2642
2643
2644
2645
2642
2643
2642
2644
2643
2644
2648
2650
2651
2649
2650
2651
2649
2650
2649
2651
2650
2651
)


// ************************************************************************* //
