/*--------------------------------*- C++ -*----------------------------------*\
| =========                 |                                                 |
| \\      /  F ield         | OpenFOAM: The Open Source CFD Toolbox           |
|  \\    /   O peration     | Version:  v2012                                 |
|   \\  /    A nd           | Website:  www.openfoam.com                      |
|    \\/     M anipulation  |                                                 |
\*---------------------------------------------------------------------------*/
FoamFile
{
    version     2.0;
    format      ascii;
    class       volScalarField;
    location    "0.45";
    object      p;
}
// * * * * * * * * * * * * * * * * * * * * * * * * * * * * * * * * * * * * * //

dimensions      [1 -1 -2 0 0 0 0];


internalField   nonuniform List<scalar> 
2660
(
4.00336e+06
4.00601e+06
4.00654e+06
4.00173e+06
4.00222e+06
4.00197e+06
4.00325e+06
4.00489e+06
4.0095e+06
4.00538e+06
4.00208e+06
4.00173e+06
4.00474e+06
4.05912e+06
4.08299e+06
4.00217e+06
4.00229e+06
4.01771e+06
4.01169e+06
4.22554e+06
4.02361e+06
4.02682e+06
4.2834e+06
4.02166e+06
4.20021e+06
4.09213e+06
4.53951e+06
5.03155e+06
4.87746e+06
5.07283e+06
6.85677e+06
5.60313e+06
4.80716e+06
4.57133e+06
4.67548e+06
4.30266e+06
4.53916e+06
4.28494e+06
4.38357e+06
4.34562e+06
3.99915e+06
4.01407e+06
4.01636e+06
4.36838e+06
4.32521e+06
3.99945e+06
4.00317e+06
4.00521e+06
4.06144e+06
4.2017e+06
4.00154e+06
4.00378e+06
4.00362e+06
4.00407e+06
4.01207e+06
4.0025e+06
4.00241e+06
4.00313e+06
4.00165e+06
4.00251e+06
4.00204e+06
4.0015e+06
4.00235e+06
4.00218e+06
4.00315e+06
4.00204e+06
4.00164e+06
4.00246e+06
4.00206e+06
4.00273e+06
4.00227e+06
4.00182e+06
4.00376e+06
4.00143e+06
4.00235e+06
4.00247e+06
4.00171e+06
4.00326e+06
4.00101e+06
4.00154e+06
4.00232e+06
4.0014e+06
4.00263e+06
4.00144e+06
4.00156e+06
4.00232e+06
4.00147e+06
4.00271e+06
4.00146e+06
4.00322e+06
4.00238e+06
4.00171e+06
4.00175e+06
4.00188e+06
4.0019e+06
4.00236e+06
4.00209e+06
4.00203e+06
4.00196e+06
4.00213e+06
4.00282e+06
4.00204e+06
4.00263e+06
4.00175e+06
4.002e+06
4.00206e+06
4.00201e+06
4.00182e+06
4.00199e+06
4.0018e+06
4.002e+06
4.00159e+06
4.00144e+06
4.00244e+06
4.00244e+06
4.0019e+06
4.0014e+06
4.00197e+06
4.00191e+06
4.00213e+06
4.00309e+06
4.0016e+06
4.00287e+06
4.00189e+06
4.00166e+06
4.00173e+06
4.00237e+06
4.00216e+06
4.00245e+06
4.00234e+06
4.00157e+06
4.00192e+06
4.00151e+06
4.0076e+06
4.00432e+06
4.00055e+06
4.0012e+06
4.00258e+06
4.05131e+06
4.04446e+06
4.00133e+06
3.99918e+06
4.00341e+06
4.10685e+06
4.11146e+06
4.00071e+06
3.99656e+06
4.00041e+06
4.02069e+06
4.00768e+06
2.59841e+06
3.78834e+06
4.0136e+06
4.04889e+06
4.01221e+06
6.02018e+06
4.92176e+06
4.26119e+06
4.32753e+06
4.26894e+06
4.07129e+06
4.42427e+06
4.51582e+06
4.45814e+06
4.47747e+06
4.0142e+06
4.05063e+06
4.63303e+06
4.61888e+06
4.68504e+06
6.10005e+06
6.10002e+06
6.09999e+06
6.09996e+06
6.09994e+06
6.09992e+06
6.0999e+06
6.09988e+06
6.09986e+06
6.09984e+06
6.09983e+06
6.09981e+06
6.0998e+06
6.09978e+06
6.09977e+06
6.09976e+06
6.09975e+06
6.09974e+06
6.09974e+06
6.09973e+06
6.09972e+06
6.09972e+06
6.09971e+06
6.09971e+06
6.09971e+06
6.0997e+06
6.0997e+06
6.0997e+06
6.0997e+06
6.10004e+06
6.10001e+06
6.09999e+06
6.09996e+06
6.09994e+06
6.09991e+06
6.09989e+06
6.09987e+06
6.09986e+06
6.09984e+06
6.09982e+06
6.09981e+06
6.09979e+06
6.09978e+06
6.09977e+06
6.09976e+06
6.09975e+06
6.09974e+06
6.09973e+06
6.09973e+06
6.09972e+06
6.09972e+06
6.09971e+06
6.09971e+06
6.0997e+06
6.0997e+06
6.0997e+06
6.0997e+06
6.0997e+06
6.10004e+06
6.10001e+06
6.09998e+06
6.09996e+06
6.09993e+06
6.09991e+06
6.09989e+06
6.09987e+06
6.09985e+06
6.09984e+06
6.09982e+06
6.09981e+06
6.09979e+06
6.09978e+06
6.09977e+06
6.09976e+06
6.09975e+06
6.09974e+06
6.09973e+06
6.09972e+06
6.09972e+06
6.09971e+06
6.09971e+06
6.0997e+06
6.0997e+06
6.0997e+06
6.0997e+06
6.09969e+06
6.09969e+06
6.10003e+06
6.1e+06
6.09998e+06
6.09995e+06
6.09993e+06
6.09991e+06
6.09989e+06
6.09987e+06
6.09985e+06
6.09983e+06
6.09982e+06
6.0998e+06
6.09979e+06
6.09978e+06
6.09977e+06
6.09976e+06
6.09975e+06
6.09974e+06
6.09973e+06
6.09972e+06
6.09972e+06
6.09971e+06
6.09971e+06
6.0997e+06
6.0997e+06
6.0997e+06
6.09969e+06
6.09969e+06
6.09969e+06
6.10003e+06
6.1e+06
6.09997e+06
6.09995e+06
6.09992e+06
6.0999e+06
6.09988e+06
6.09986e+06
6.09984e+06
6.09983e+06
6.09981e+06
6.0998e+06
6.09979e+06
6.09977e+06
6.09976e+06
6.09975e+06
6.09974e+06
6.09973e+06
6.09973e+06
6.09972e+06
6.09971e+06
6.09971e+06
6.0997e+06
6.0997e+06
6.0997e+06
6.09969e+06
6.09969e+06
6.09969e+06
6.09969e+06
6.10002e+06
6.09999e+06
6.09997e+06
6.09994e+06
6.09992e+06
6.0999e+06
6.09988e+06
6.09986e+06
6.09984e+06
6.09982e+06
6.09981e+06
6.0998e+06
6.09978e+06
6.09977e+06
6.09976e+06
6.09975e+06
6.09974e+06
6.09973e+06
6.09972e+06
6.09972e+06
6.09971e+06
6.09971e+06
6.0997e+06
6.0997e+06
6.09969e+06
6.09969e+06
6.09969e+06
6.09969e+06
6.09969e+06
6.10001e+06
6.09998e+06
6.09996e+06
6.09994e+06
6.09991e+06
6.09989e+06
6.09987e+06
6.09985e+06
6.09984e+06
6.09982e+06
6.09981e+06
6.09979e+06
6.09978e+06
6.09977e+06
6.09976e+06
6.09975e+06
6.09974e+06
6.09973e+06
6.09972e+06
6.09971e+06
6.09971e+06
6.0997e+06
6.0997e+06
6.09969e+06
6.09969e+06
6.09969e+06
6.09969e+06
6.09969e+06
6.09968e+06
6.1e+06
6.09998e+06
6.09995e+06
6.09993e+06
6.09991e+06
6.09989e+06
6.09987e+06
6.09985e+06
6.09983e+06
6.09982e+06
6.0998e+06
6.09979e+06
6.09978e+06
6.09976e+06
6.09975e+06
6.09974e+06
6.09973e+06
6.09973e+06
6.09972e+06
6.09971e+06
6.09971e+06
6.0997e+06
6.0997e+06
6.09969e+06
6.09969e+06
6.09969e+06
6.09968e+06
6.09968e+06
6.09968e+06
6.09999e+06
6.09997e+06
6.09994e+06
6.09992e+06
6.0999e+06
6.09988e+06
6.09986e+06
6.09984e+06
6.09983e+06
6.09981e+06
6.0998e+06
6.09978e+06
6.09977e+06
6.09976e+06
6.09975e+06
6.09974e+06
6.09973e+06
6.09972e+06
6.09972e+06
6.09971e+06
6.0997e+06
6.0997e+06
6.09969e+06
6.09969e+06
6.09969e+06
6.09968e+06
6.09968e+06
6.09968e+06
6.09968e+06
6.09998e+06
6.09996e+06
6.09994e+06
6.09991e+06
6.09989e+06
6.09987e+06
6.09986e+06
6.09984e+06
6.09982e+06
6.09981e+06
6.09979e+06
6.09978e+06
6.09977e+06
6.09976e+06
6.09975e+06
6.09974e+06
6.09973e+06
6.09972e+06
6.09971e+06
6.09971e+06
6.0997e+06
6.09969e+06
6.09969e+06
6.09969e+06
6.09968e+06
6.09968e+06
6.09968e+06
6.09968e+06
6.09968e+06
6.09997e+06
6.09995e+06
6.09993e+06
6.09991e+06
6.09989e+06
6.09987e+06
6.09985e+06
6.09983e+06
6.09982e+06
6.0998e+06
6.09979e+06
6.09977e+06
6.09976e+06
6.09975e+06
6.09974e+06
6.09973e+06
6.09972e+06
6.09972e+06
6.09971e+06
6.0997e+06
6.0997e+06
6.09969e+06
6.09969e+06
6.09968e+06
6.09968e+06
6.09968e+06
6.09968e+06
6.09967e+06
6.09967e+06
6.09996e+06
6.09994e+06
6.09992e+06
6.0999e+06
6.09988e+06
6.09986e+06
6.09984e+06
6.09983e+06
6.09981e+06
6.0998e+06
6.09978e+06
6.09977e+06
6.09976e+06
6.09975e+06
6.09974e+06
6.09973e+06
6.09972e+06
6.09971e+06
6.09971e+06
6.0997e+06
6.09969e+06
6.09969e+06
6.09968e+06
6.09968e+06
6.09968e+06
6.09968e+06
6.09967e+06
6.09967e+06
6.09967e+06
6.09995e+06
6.09993e+06
6.09991e+06
6.09989e+06
6.09987e+06
6.09985e+06
6.09984e+06
6.09982e+06
6.0998e+06
6.09979e+06
6.09978e+06
6.09977e+06
6.09975e+06
6.09974e+06
6.09973e+06
6.09972e+06
6.09972e+06
6.09971e+06
6.0997e+06
6.0997e+06
6.09969e+06
6.09969e+06
6.09968e+06
6.09968e+06
6.09968e+06
6.09967e+06
6.09967e+06
6.09967e+06
6.09967e+06
6.09994e+06
6.09992e+06
6.0999e+06
6.09988e+06
6.09986e+06
6.09984e+06
6.09983e+06
6.09981e+06
6.0998e+06
6.09978e+06
6.09977e+06
6.09976e+06
6.09975e+06
6.09974e+06
6.09973e+06
6.09972e+06
6.09971e+06
6.09971e+06
6.0997e+06
6.09969e+06
6.09969e+06
6.09968e+06
6.09968e+06
6.09968e+06
6.09967e+06
6.09967e+06
6.09967e+06
6.09967e+06
6.09967e+06
6.09992e+06
6.09991e+06
6.09989e+06
6.09987e+06
6.09985e+06
6.09984e+06
6.09982e+06
6.09981e+06
6.09979e+06
6.09978e+06
6.09977e+06
6.09975e+06
6.09974e+06
6.09973e+06
6.09972e+06
6.09972e+06
6.09971e+06
6.0997e+06
6.0997e+06
6.09969e+06
6.09968e+06
6.09968e+06
6.09968e+06
6.09967e+06
6.09967e+06
6.09967e+06
6.09967e+06
6.09966e+06
6.09966e+06
6.09991e+06
6.09989e+06
6.09988e+06
6.09986e+06
6.09984e+06
6.09983e+06
6.09981e+06
6.0998e+06
6.09978e+06
6.09977e+06
6.09976e+06
6.09975e+06
6.09974e+06
6.09973e+06
6.09972e+06
6.09971e+06
6.0997e+06
6.0997e+06
6.09969e+06
6.09969e+06
6.09968e+06
6.09968e+06
6.09967e+06
6.09967e+06
6.09967e+06
6.09966e+06
6.09966e+06
6.09966e+06
6.09966e+06
6.0999e+06
6.09988e+06
6.09986e+06
6.09985e+06
6.09983e+06
6.09982e+06
6.0998e+06
6.09979e+06
6.09978e+06
6.09977e+06
6.09975e+06
6.09974e+06
6.09973e+06
6.09972e+06
6.09972e+06
6.09971e+06
6.0997e+06
6.09969e+06
6.09969e+06
6.09968e+06
6.09968e+06
6.09967e+06
6.09967e+06
6.09967e+06
6.09966e+06
6.09966e+06
6.09966e+06
6.09966e+06
6.09966e+06
6.09989e+06
6.09987e+06
6.09985e+06
6.09984e+06
6.09982e+06
6.09981e+06
6.0998e+06
6.09978e+06
6.09977e+06
6.09976e+06
6.09975e+06
6.09974e+06
6.09973e+06
6.09972e+06
6.09971e+06
6.0997e+06
6.0997e+06
6.09969e+06
6.09968e+06
6.09968e+06
6.09967e+06
6.09967e+06
6.09967e+06
6.09966e+06
6.09966e+06
6.09966e+06
6.09966e+06
6.09966e+06
6.09965e+06
6.09987e+06
6.09986e+06
6.09984e+06
6.09983e+06
6.09981e+06
6.0998e+06
6.09979e+06
6.09978e+06
6.09976e+06
6.09975e+06
6.09974e+06
6.09973e+06
6.09972e+06
6.09971e+06
6.09971e+06
6.0997e+06
6.09969e+06
6.09969e+06
6.09968e+06
6.09967e+06
6.09967e+06
6.09967e+06
6.09966e+06
6.09966e+06
6.09966e+06
6.09965e+06
6.09965e+06
6.09965e+06
6.09965e+06
6.09986e+06
6.09984e+06
6.09983e+06
6.09982e+06
6.0998e+06
6.09979e+06
6.09978e+06
6.09977e+06
6.09976e+06
6.09975e+06
6.09974e+06
6.09973e+06
6.09972e+06
6.09971e+06
6.0997e+06
6.09969e+06
6.09969e+06
6.09968e+06
6.09968e+06
6.09967e+06
6.09967e+06
6.09966e+06
6.09966e+06
6.09966e+06
6.09965e+06
6.09965e+06
6.09965e+06
6.09965e+06
6.09965e+06
6.09984e+06
6.09983e+06
6.09982e+06
6.09981e+06
6.09979e+06
6.09978e+06
6.09977e+06
6.09976e+06
6.09975e+06
6.09974e+06
6.09973e+06
6.09972e+06
6.09971e+06
6.0997e+06
6.0997e+06
6.09969e+06
6.09968e+06
6.09968e+06
6.09967e+06
6.09967e+06
6.09966e+06
6.09966e+06
6.09966e+06
6.09965e+06
6.09965e+06
6.09965e+06
6.09965e+06
6.09965e+06
6.09965e+06
6.09983e+06
6.09982e+06
6.09981e+06
6.09979e+06
6.09978e+06
6.09977e+06
6.09976e+06
6.09975e+06
6.09974e+06
6.09973e+06
6.09972e+06
6.09971e+06
6.09971e+06
6.0997e+06
6.09969e+06
6.09968e+06
6.09968e+06
6.09967e+06
6.09967e+06
6.09966e+06
6.09966e+06
6.09966e+06
6.09965e+06
6.09965e+06
6.09965e+06
6.09965e+06
6.09964e+06
6.09964e+06
6.09964e+06
6.09982e+06
6.09981e+06
6.09979e+06
6.09978e+06
6.09977e+06
6.09976e+06
6.09975e+06
6.09974e+06
6.09973e+06
6.09972e+06
6.09971e+06
6.09971e+06
6.0997e+06
6.09969e+06
6.09969e+06
6.09968e+06
6.09967e+06
6.09967e+06
6.09966e+06
6.09966e+06
6.09966e+06
6.09965e+06
6.09965e+06
6.09965e+06
6.09964e+06
6.09964e+06
6.09964e+06
6.09964e+06
6.09964e+06
6.0998e+06
6.09979e+06
6.09978e+06
6.09977e+06
6.09976e+06
6.09975e+06
6.09974e+06
6.09973e+06
6.09972e+06
6.09972e+06
6.09971e+06
6.0997e+06
6.09969e+06
6.09969e+06
6.09968e+06
6.09967e+06
6.09967e+06
6.09966e+06
6.09966e+06
6.09965e+06
6.09965e+06
6.09965e+06
6.09965e+06
6.09964e+06
6.09964e+06
6.09964e+06
6.09964e+06
6.09964e+06
6.09964e+06
6.09979e+06
6.09978e+06
6.09977e+06
6.09976e+06
6.09975e+06
6.09974e+06
6.09973e+06
6.09972e+06
6.09972e+06
6.09971e+06
6.0997e+06
6.09969e+06
6.09969e+06
6.09968e+06
6.09967e+06
6.09967e+06
6.09966e+06
6.09966e+06
6.09965e+06
6.09965e+06
6.09965e+06
6.09964e+06
6.09964e+06
6.09964e+06
6.09964e+06
6.09964e+06
6.09963e+06
6.09963e+06
6.09963e+06
6.09978e+06
6.09977e+06
6.09976e+06
6.09975e+06
6.09974e+06
6.09973e+06
6.09972e+06
6.09972e+06
6.09971e+06
6.0997e+06
6.09969e+06
6.09969e+06
6.09968e+06
6.09967e+06
6.09967e+06
6.09966e+06
6.09966e+06
6.09965e+06
6.09965e+06
6.09965e+06
6.09964e+06
6.09964e+06
6.09964e+06
6.09964e+06
6.09963e+06
6.09963e+06
6.09963e+06
6.09963e+06
6.09963e+06
6.09976e+06
6.09975e+06
6.09975e+06
6.09974e+06
6.09973e+06
6.09972e+06
6.09971e+06
6.09971e+06
6.0997e+06
6.09969e+06
6.09969e+06
6.09968e+06
6.09967e+06
6.09967e+06
6.09966e+06
6.09966e+06
6.09965e+06
6.09965e+06
6.09965e+06
6.09964e+06
6.09964e+06
6.09964e+06
6.09963e+06
6.09963e+06
6.09963e+06
6.09963e+06
6.09963e+06
6.09963e+06
6.09963e+06
6.09975e+06
6.09974e+06
6.09973e+06
6.09973e+06
6.09972e+06
6.09971e+06
6.0997e+06
6.0997e+06
6.09969e+06
6.09968e+06
6.09968e+06
6.09967e+06
6.09967e+06
6.09966e+06
6.09966e+06
6.09965e+06
6.09965e+06
6.09964e+06
6.09964e+06
6.09964e+06
6.09964e+06
6.09963e+06
6.09963e+06
6.09963e+06
6.09963e+06
6.09963e+06
6.09962e+06
6.09962e+06
6.09962e+06
6.09974e+06
6.09973e+06
6.09972e+06
6.09972e+06
6.09971e+06
6.0997e+06
6.0997e+06
6.09969e+06
6.09968e+06
6.09968e+06
6.09967e+06
6.09967e+06
6.09966e+06
6.09966e+06
6.09965e+06
6.09965e+06
6.09964e+06
6.09964e+06
6.09964e+06
6.09963e+06
6.09963e+06
6.09963e+06
6.09963e+06
6.09962e+06
6.09962e+06
6.09962e+06
6.09962e+06
6.09962e+06
6.09962e+06
6.09972e+06
6.09972e+06
6.09971e+06
6.0997e+06
6.0997e+06
6.09969e+06
6.09969e+06
6.09968e+06
6.09967e+06
6.09967e+06
6.09966e+06
6.09966e+06
6.09965e+06
6.09965e+06
6.09965e+06
6.09964e+06
6.09964e+06
6.09963e+06
6.09963e+06
6.09963e+06
6.09963e+06
6.09962e+06
6.09962e+06
6.09962e+06
6.09962e+06
6.09962e+06
6.09962e+06
6.09962e+06
6.09962e+06
6.09971e+06
6.0997e+06
6.0997e+06
6.09969e+06
6.09969e+06
6.09968e+06
6.09968e+06
6.09967e+06
6.09967e+06
6.09966e+06
6.09966e+06
6.09965e+06
6.09965e+06
6.09964e+06
6.09964e+06
6.09964e+06
6.09963e+06
6.09963e+06
6.09963e+06
6.09962e+06
6.09962e+06
6.09962e+06
6.09962e+06
6.09962e+06
6.09962e+06
6.09962e+06
6.09961e+06
6.09961e+06
6.09961e+06
6.09969e+06
6.09969e+06
6.09969e+06
6.09968e+06
6.09968e+06
6.09967e+06
6.09967e+06
6.09966e+06
6.09966e+06
6.09965e+06
6.09965e+06
6.09964e+06
6.09964e+06
6.09964e+06
6.09963e+06
6.09963e+06
6.09963e+06
6.09963e+06
6.09962e+06
6.09962e+06
6.09962e+06
6.09962e+06
6.09962e+06
6.09961e+06
6.09961e+06
6.09961e+06
6.09961e+06
6.09961e+06
6.09961e+06
6.09968e+06
6.09968e+06
6.09967e+06
6.09967e+06
6.09966e+06
6.09966e+06
6.09966e+06
6.09965e+06
6.09965e+06
6.09964e+06
6.09964e+06
6.09964e+06
6.09963e+06
6.09963e+06
6.09963e+06
6.09962e+06
6.09962e+06
6.09962e+06
6.09962e+06
6.09962e+06
6.09961e+06
6.09961e+06
6.09961e+06
6.09961e+06
6.09961e+06
6.09961e+06
6.09961e+06
6.09961e+06
6.09961e+06
6.09967e+06
6.09966e+06
6.09966e+06
6.09966e+06
6.09965e+06
6.09965e+06
6.09965e+06
6.09964e+06
6.09964e+06
6.09964e+06
6.09963e+06
6.09963e+06
6.09963e+06
6.09962e+06
6.09962e+06
6.09962e+06
6.09962e+06
6.09962e+06
6.09961e+06
6.09961e+06
6.09961e+06
6.09961e+06
6.09961e+06
6.09961e+06
6.09961e+06
6.0996e+06
6.0996e+06
6.0996e+06
6.0996e+06
6.09965e+06
6.09965e+06
6.09965e+06
6.09965e+06
6.09964e+06
6.09964e+06
6.09964e+06
6.09963e+06
6.09963e+06
6.09963e+06
6.09963e+06
6.09962e+06
6.09962e+06
6.09962e+06
6.09962e+06
6.09961e+06
6.09961e+06
6.09961e+06
6.09961e+06
6.09961e+06
6.09961e+06
6.0996e+06
6.0996e+06
6.0996e+06
6.0996e+06
6.0996e+06
6.0996e+06
6.0996e+06
6.0996e+06
6.09964e+06
6.09964e+06
6.09964e+06
6.09963e+06
6.09963e+06
6.09963e+06
6.09963e+06
6.09962e+06
6.09962e+06
6.09962e+06
6.09962e+06
6.09962e+06
6.09961e+06
6.09961e+06
6.09961e+06
6.09961e+06
6.09961e+06
6.0996e+06
6.0996e+06
6.0996e+06
6.0996e+06
6.0996e+06
6.0996e+06
6.0996e+06
6.0996e+06
6.0996e+06
6.0996e+06
6.0996e+06
6.0996e+06
6.09963e+06
6.09963e+06
6.09962e+06
6.09962e+06
6.09962e+06
6.09962e+06
6.09962e+06
6.09961e+06
6.09961e+06
6.09961e+06
6.09961e+06
6.09961e+06
6.09961e+06
6.0996e+06
6.0996e+06
6.0996e+06
6.0996e+06
6.0996e+06
6.0996e+06
6.0996e+06
6.0996e+06
6.0996e+06
6.0996e+06
6.0996e+06
6.09959e+06
6.09959e+06
6.09959e+06
6.09959e+06
6.09959e+06
6.09962e+06
6.09961e+06
6.09961e+06
6.09961e+06
6.09961e+06
6.09961e+06
6.09961e+06
6.09961e+06
6.0996e+06
6.0996e+06
6.0996e+06
6.0996e+06
6.0996e+06
6.0996e+06
6.0996e+06
6.0996e+06
6.0996e+06
6.09959e+06
6.09959e+06
6.09959e+06
6.09959e+06
6.09959e+06
6.09959e+06
6.09959e+06
6.09959e+06
6.09959e+06
6.09959e+06
6.09959e+06
6.09959e+06
6.0996e+06
6.0996e+06
6.0996e+06
6.0996e+06
6.0996e+06
6.0996e+06
6.0996e+06
6.0996e+06
6.0996e+06
6.09959e+06
6.09959e+06
6.09959e+06
6.09959e+06
6.09959e+06
6.09959e+06
6.09959e+06
6.09959e+06
6.09959e+06
6.09959e+06
6.09959e+06
6.09959e+06
6.09959e+06
6.09959e+06
6.09959e+06
6.09959e+06
6.09959e+06
6.09959e+06
6.09959e+06
6.09959e+06
6.09959e+06
6.09959e+06
6.09959e+06
6.09959e+06
6.09959e+06
6.09959e+06
6.09959e+06
6.09959e+06
6.09959e+06
6.09959e+06
6.09959e+06
6.09959e+06
6.09959e+06
6.09959e+06
6.09958e+06
6.09958e+06
6.09958e+06
6.09958e+06
6.09958e+06
6.09958e+06
6.09958e+06
6.09958e+06
6.09958e+06
6.09958e+06
6.09958e+06
6.09958e+06
6.09958e+06
6.09958e+06
6.09958e+06
4.00337e+06
4.00602e+06
4.00655e+06
4.00173e+06
4.00222e+06
4.00197e+06
4.00326e+06
4.00489e+06
4.0095e+06
4.00538e+06
4.00208e+06
4.00173e+06
4.00474e+06
4.05913e+06
4.08299e+06
4.00216e+06
4.00229e+06
4.0177e+06
4.01169e+06
4.22554e+06
4.02361e+06
4.02683e+06
4.2834e+06
4.02166e+06
4.20021e+06
4.09213e+06
4.53951e+06
5.03155e+06
4.87746e+06
5.07283e+06
6.85676e+06
5.60312e+06
4.80716e+06
4.57133e+06
4.67548e+06
4.30267e+06
4.53916e+06
4.28494e+06
4.38357e+06
4.34562e+06
3.99913e+06
4.01406e+06
4.01636e+06
4.36838e+06
4.32521e+06
3.99944e+06
4.00316e+06
4.00521e+06
4.06144e+06
4.2017e+06
4.00153e+06
4.00377e+06
4.00362e+06
4.00407e+06
4.01208e+06
4.00248e+06
4.0024e+06
4.00313e+06
4.00165e+06
4.00251e+06
4.00204e+06
4.00151e+06
4.00235e+06
4.00218e+06
4.00315e+06
4.00205e+06
4.00164e+06
4.00246e+06
4.00206e+06
4.00273e+06
4.00227e+06
4.00182e+06
4.00376e+06
4.00143e+06
4.00235e+06
4.00247e+06
4.00171e+06
4.00326e+06
4.00101e+06
4.00154e+06
4.00232e+06
4.0014e+06
4.00263e+06
4.00144e+06
4.00156e+06
4.00232e+06
4.00147e+06
4.00271e+06
4.00146e+06
4.00322e+06
4.00237e+06
4.00171e+06
4.00175e+06
4.00188e+06
4.0019e+06
4.00234e+06
4.00208e+06
4.00203e+06
4.00196e+06
4.00213e+06
4.0028e+06
4.00203e+06
4.00263e+06
4.00175e+06
4.002e+06
4.00206e+06
4.00201e+06
4.00182e+06
4.00199e+06
4.0018e+06
4.002e+06
4.0016e+06
4.00145e+06
4.00244e+06
4.00244e+06
4.0019e+06
4.00141e+06
4.00197e+06
4.00191e+06
4.00213e+06
4.0031e+06
4.0016e+06
4.00287e+06
4.00188e+06
4.00166e+06
4.00173e+06
4.00238e+06
4.00216e+06
4.00245e+06
4.00234e+06
4.00158e+06
4.00192e+06
4.00151e+06
4.0076e+06
4.00432e+06
4.00057e+06
4.00121e+06
4.00258e+06
4.05131e+06
4.04446e+06
4.00133e+06
3.99918e+06
4.00341e+06
4.10685e+06
4.11146e+06
4.0007e+06
3.99656e+06
4.00041e+06
4.02069e+06
4.00768e+06
2.59841e+06
3.78834e+06
4.0136e+06
4.04889e+06
4.01221e+06
6.02017e+06
4.92175e+06
4.26119e+06
4.32753e+06
4.26894e+06
4.07128e+06
4.42427e+06
4.51582e+06
4.45814e+06
4.47747e+06
4.0142e+06
4.05063e+06
4.63303e+06
4.61888e+06
4.68504e+06
6.10005e+06
6.10002e+06
6.09999e+06
6.09996e+06
6.09994e+06
6.09992e+06
6.0999e+06
6.09988e+06
6.09986e+06
6.09984e+06
6.09983e+06
6.09981e+06
6.0998e+06
6.09978e+06
6.09977e+06
6.09976e+06
6.09975e+06
6.09974e+06
6.09974e+06
6.09973e+06
6.09972e+06
6.09972e+06
6.09971e+06
6.09971e+06
6.09971e+06
6.0997e+06
6.0997e+06
6.0997e+06
6.0997e+06
6.10004e+06
6.10001e+06
6.09999e+06
6.09996e+06
6.09994e+06
6.09991e+06
6.09989e+06
6.09987e+06
6.09986e+06
6.09984e+06
6.09982e+06
6.09981e+06
6.09979e+06
6.09978e+06
6.09977e+06
6.09976e+06
6.09975e+06
6.09974e+06
6.09973e+06
6.09973e+06
6.09972e+06
6.09972e+06
6.09971e+06
6.09971e+06
6.0997e+06
6.0997e+06
6.0997e+06
6.0997e+06
6.0997e+06
6.10004e+06
6.10001e+06
6.09998e+06
6.09996e+06
6.09993e+06
6.09991e+06
6.09989e+06
6.09987e+06
6.09985e+06
6.09984e+06
6.09982e+06
6.09981e+06
6.09979e+06
6.09978e+06
6.09977e+06
6.09976e+06
6.09975e+06
6.09974e+06
6.09973e+06
6.09972e+06
6.09972e+06
6.09971e+06
6.09971e+06
6.0997e+06
6.0997e+06
6.0997e+06
6.0997e+06
6.09969e+06
6.09969e+06
6.10003e+06
6.1e+06
6.09998e+06
6.09995e+06
6.09993e+06
6.09991e+06
6.09989e+06
6.09987e+06
6.09985e+06
6.09983e+06
6.09982e+06
6.0998e+06
6.09979e+06
6.09978e+06
6.09977e+06
6.09976e+06
6.09975e+06
6.09974e+06
6.09973e+06
6.09972e+06
6.09972e+06
6.09971e+06
6.09971e+06
6.0997e+06
6.0997e+06
6.0997e+06
6.09969e+06
6.09969e+06
6.09969e+06
6.10003e+06
6.1e+06
6.09997e+06
6.09995e+06
6.09992e+06
6.0999e+06
6.09988e+06
6.09986e+06
6.09984e+06
6.09983e+06
6.09981e+06
6.0998e+06
6.09979e+06
6.09977e+06
6.09976e+06
6.09975e+06
6.09974e+06
6.09973e+06
6.09973e+06
6.09972e+06
6.09971e+06
6.09971e+06
6.0997e+06
6.0997e+06
6.0997e+06
6.09969e+06
6.09969e+06
6.09969e+06
6.09969e+06
6.10002e+06
6.09999e+06
6.09997e+06
6.09994e+06
6.09992e+06
6.0999e+06
6.09988e+06
6.09986e+06
6.09984e+06
6.09982e+06
6.09981e+06
6.0998e+06
6.09978e+06
6.09977e+06
6.09976e+06
6.09975e+06
6.09974e+06
6.09973e+06
6.09972e+06
6.09972e+06
6.09971e+06
6.09971e+06
6.0997e+06
6.0997e+06
6.09969e+06
6.09969e+06
6.09969e+06
6.09969e+06
6.09969e+06
6.10001e+06
6.09998e+06
6.09996e+06
6.09994e+06
6.09991e+06
6.09989e+06
6.09987e+06
6.09985e+06
6.09984e+06
6.09982e+06
6.09981e+06
6.09979e+06
6.09978e+06
6.09977e+06
6.09976e+06
6.09975e+06
6.09974e+06
6.09973e+06
6.09972e+06
6.09971e+06
6.09971e+06
6.0997e+06
6.0997e+06
6.09969e+06
6.09969e+06
6.09969e+06
6.09969e+06
6.09969e+06
6.09968e+06
6.1e+06
6.09998e+06
6.09995e+06
6.09993e+06
6.09991e+06
6.09989e+06
6.09987e+06
6.09985e+06
6.09983e+06
6.09982e+06
6.0998e+06
6.09979e+06
6.09978e+06
6.09976e+06
6.09975e+06
6.09974e+06
6.09973e+06
6.09973e+06
6.09972e+06
6.09971e+06
6.09971e+06
6.0997e+06
6.0997e+06
6.09969e+06
6.09969e+06
6.09969e+06
6.09968e+06
6.09968e+06
6.09968e+06
6.09999e+06
6.09997e+06
6.09994e+06
6.09992e+06
6.0999e+06
6.09988e+06
6.09986e+06
6.09984e+06
6.09983e+06
6.09981e+06
6.0998e+06
6.09978e+06
6.09977e+06
6.09976e+06
6.09975e+06
6.09974e+06
6.09973e+06
6.09972e+06
6.09972e+06
6.09971e+06
6.0997e+06
6.0997e+06
6.09969e+06
6.09969e+06
6.09969e+06
6.09968e+06
6.09968e+06
6.09968e+06
6.09968e+06
6.09998e+06
6.09996e+06
6.09994e+06
6.09991e+06
6.09989e+06
6.09987e+06
6.09986e+06
6.09984e+06
6.09982e+06
6.09981e+06
6.09979e+06
6.09978e+06
6.09977e+06
6.09976e+06
6.09975e+06
6.09974e+06
6.09973e+06
6.09972e+06
6.09971e+06
6.09971e+06
6.0997e+06
6.09969e+06
6.09969e+06
6.09969e+06
6.09968e+06
6.09968e+06
6.09968e+06
6.09968e+06
6.09968e+06
6.09997e+06
6.09995e+06
6.09993e+06
6.09991e+06
6.09989e+06
6.09987e+06
6.09985e+06
6.09983e+06
6.09982e+06
6.0998e+06
6.09979e+06
6.09977e+06
6.09976e+06
6.09975e+06
6.09974e+06
6.09973e+06
6.09972e+06
6.09972e+06
6.09971e+06
6.0997e+06
6.0997e+06
6.09969e+06
6.09969e+06
6.09968e+06
6.09968e+06
6.09968e+06
6.09968e+06
6.09967e+06
6.09967e+06
6.09996e+06
6.09994e+06
6.09992e+06
6.0999e+06
6.09988e+06
6.09986e+06
6.09984e+06
6.09983e+06
6.09981e+06
6.0998e+06
6.09978e+06
6.09977e+06
6.09976e+06
6.09975e+06
6.09974e+06
6.09973e+06
6.09972e+06
6.09971e+06
6.09971e+06
6.0997e+06
6.09969e+06
6.09969e+06
6.09968e+06
6.09968e+06
6.09968e+06
6.09968e+06
6.09967e+06
6.09967e+06
6.09967e+06
6.09995e+06
6.09993e+06
6.09991e+06
6.09989e+06
6.09987e+06
6.09985e+06
6.09984e+06
6.09982e+06
6.0998e+06
6.09979e+06
6.09978e+06
6.09977e+06
6.09975e+06
6.09974e+06
6.09973e+06
6.09972e+06
6.09972e+06
6.09971e+06
6.0997e+06
6.0997e+06
6.09969e+06
6.09969e+06
6.09968e+06
6.09968e+06
6.09968e+06
6.09967e+06
6.09967e+06
6.09967e+06
6.09967e+06
6.09994e+06
6.09992e+06
6.0999e+06
6.09988e+06
6.09986e+06
6.09984e+06
6.09983e+06
6.09981e+06
6.0998e+06
6.09978e+06
6.09977e+06
6.09976e+06
6.09975e+06
6.09974e+06
6.09973e+06
6.09972e+06
6.09971e+06
6.09971e+06
6.0997e+06
6.09969e+06
6.09969e+06
6.09968e+06
6.09968e+06
6.09968e+06
6.09967e+06
6.09967e+06
6.09967e+06
6.09967e+06
6.09967e+06
6.09992e+06
6.09991e+06
6.09989e+06
6.09987e+06
6.09985e+06
6.09984e+06
6.09982e+06
6.09981e+06
6.09979e+06
6.09978e+06
6.09977e+06
6.09975e+06
6.09974e+06
6.09973e+06
6.09972e+06
6.09972e+06
6.09971e+06
6.0997e+06
6.0997e+06
6.09969e+06
6.09968e+06
6.09968e+06
6.09968e+06
6.09967e+06
6.09967e+06
6.09967e+06
6.09967e+06
6.09966e+06
6.09966e+06
6.09991e+06
6.09989e+06
6.09988e+06
6.09986e+06
6.09984e+06
6.09983e+06
6.09981e+06
6.0998e+06
6.09978e+06
6.09977e+06
6.09976e+06
6.09975e+06
6.09974e+06
6.09973e+06
6.09972e+06
6.09971e+06
6.0997e+06
6.0997e+06
6.09969e+06
6.09969e+06
6.09968e+06
6.09968e+06
6.09967e+06
6.09967e+06
6.09967e+06
6.09966e+06
6.09966e+06
6.09966e+06
6.09966e+06
6.0999e+06
6.09988e+06
6.09986e+06
6.09985e+06
6.09983e+06
6.09982e+06
6.0998e+06
6.09979e+06
6.09978e+06
6.09977e+06
6.09975e+06
6.09974e+06
6.09973e+06
6.09972e+06
6.09972e+06
6.09971e+06
6.0997e+06
6.09969e+06
6.09969e+06
6.09968e+06
6.09968e+06
6.09967e+06
6.09967e+06
6.09967e+06
6.09966e+06
6.09966e+06
6.09966e+06
6.09966e+06
6.09966e+06
6.09989e+06
6.09987e+06
6.09985e+06
6.09984e+06
6.09982e+06
6.09981e+06
6.0998e+06
6.09978e+06
6.09977e+06
6.09976e+06
6.09975e+06
6.09974e+06
6.09973e+06
6.09972e+06
6.09971e+06
6.0997e+06
6.0997e+06
6.09969e+06
6.09968e+06
6.09968e+06
6.09967e+06
6.09967e+06
6.09967e+06
6.09966e+06
6.09966e+06
6.09966e+06
6.09966e+06
6.09966e+06
6.09965e+06
6.09987e+06
6.09986e+06
6.09984e+06
6.09983e+06
6.09981e+06
6.0998e+06
6.09979e+06
6.09978e+06
6.09976e+06
6.09975e+06
6.09974e+06
6.09973e+06
6.09972e+06
6.09971e+06
6.09971e+06
6.0997e+06
6.09969e+06
6.09969e+06
6.09968e+06
6.09967e+06
6.09967e+06
6.09967e+06
6.09966e+06
6.09966e+06
6.09966e+06
6.09965e+06
6.09965e+06
6.09965e+06
6.09965e+06
6.09986e+06
6.09984e+06
6.09983e+06
6.09982e+06
6.0998e+06
6.09979e+06
6.09978e+06
6.09977e+06
6.09976e+06
6.09975e+06
6.09974e+06
6.09973e+06
6.09972e+06
6.09971e+06
6.0997e+06
6.09969e+06
6.09969e+06
6.09968e+06
6.09968e+06
6.09967e+06
6.09967e+06
6.09966e+06
6.09966e+06
6.09966e+06
6.09965e+06
6.09965e+06
6.09965e+06
6.09965e+06
6.09965e+06
6.09984e+06
6.09983e+06
6.09982e+06
6.09981e+06
6.09979e+06
6.09978e+06
6.09977e+06
6.09976e+06
6.09975e+06
6.09974e+06
6.09973e+06
6.09972e+06
6.09971e+06
6.0997e+06
6.0997e+06
6.09969e+06
6.09968e+06
6.09968e+06
6.09967e+06
6.09967e+06
6.09966e+06
6.09966e+06
6.09966e+06
6.09965e+06
6.09965e+06
6.09965e+06
6.09965e+06
6.09965e+06
6.09965e+06
6.09983e+06
6.09982e+06
6.09981e+06
6.09979e+06
6.09978e+06
6.09977e+06
6.09976e+06
6.09975e+06
6.09974e+06
6.09973e+06
6.09972e+06
6.09971e+06
6.09971e+06
6.0997e+06
6.09969e+06
6.09968e+06
6.09968e+06
6.09967e+06
6.09967e+06
6.09966e+06
6.09966e+06
6.09966e+06
6.09965e+06
6.09965e+06
6.09965e+06
6.09965e+06
6.09964e+06
6.09964e+06
6.09964e+06
6.09982e+06
6.09981e+06
6.09979e+06
6.09978e+06
6.09977e+06
6.09976e+06
6.09975e+06
6.09974e+06
6.09973e+06
6.09972e+06
6.09971e+06
6.09971e+06
6.0997e+06
6.09969e+06
6.09969e+06
6.09968e+06
6.09967e+06
6.09967e+06
6.09966e+06
6.09966e+06
6.09966e+06
6.09965e+06
6.09965e+06
6.09965e+06
6.09964e+06
6.09964e+06
6.09964e+06
6.09964e+06
6.09964e+06
6.0998e+06
6.09979e+06
6.09978e+06
6.09977e+06
6.09976e+06
6.09975e+06
6.09974e+06
6.09973e+06
6.09972e+06
6.09972e+06
6.09971e+06
6.0997e+06
6.09969e+06
6.09969e+06
6.09968e+06
6.09967e+06
6.09967e+06
6.09966e+06
6.09966e+06
6.09965e+06
6.09965e+06
6.09965e+06
6.09965e+06
6.09964e+06
6.09964e+06
6.09964e+06
6.09964e+06
6.09964e+06
6.09964e+06
6.09979e+06
6.09978e+06
6.09977e+06
6.09976e+06
6.09975e+06
6.09974e+06
6.09973e+06
6.09972e+06
6.09972e+06
6.09971e+06
6.0997e+06
6.09969e+06
6.09969e+06
6.09968e+06
6.09967e+06
6.09967e+06
6.09966e+06
6.09966e+06
6.09965e+06
6.09965e+06
6.09965e+06
6.09964e+06
6.09964e+06
6.09964e+06
6.09964e+06
6.09964e+06
6.09963e+06
6.09963e+06
6.09963e+06
6.09978e+06
6.09977e+06
6.09976e+06
6.09975e+06
6.09974e+06
6.09973e+06
6.09972e+06
6.09972e+06
6.09971e+06
6.0997e+06
6.09969e+06
6.09969e+06
6.09968e+06
6.09967e+06
6.09967e+06
6.09966e+06
6.09966e+06
6.09965e+06
6.09965e+06
6.09965e+06
6.09964e+06
6.09964e+06
6.09964e+06
6.09964e+06
6.09963e+06
6.09963e+06
6.09963e+06
6.09963e+06
6.09963e+06
6.09976e+06
6.09975e+06
6.09975e+06
6.09974e+06
6.09973e+06
6.09972e+06
6.09971e+06
6.09971e+06
6.0997e+06
6.09969e+06
6.09969e+06
6.09968e+06
6.09967e+06
6.09967e+06
6.09966e+06
6.09966e+06
6.09965e+06
6.09965e+06
6.09965e+06
6.09964e+06
6.09964e+06
6.09964e+06
6.09963e+06
6.09963e+06
6.09963e+06
6.09963e+06
6.09963e+06
6.09963e+06
6.09963e+06
6.09975e+06
6.09974e+06
6.09973e+06
6.09973e+06
6.09972e+06
6.09971e+06
6.0997e+06
6.0997e+06
6.09969e+06
6.09968e+06
6.09968e+06
6.09967e+06
6.09967e+06
6.09966e+06
6.09966e+06
6.09965e+06
6.09965e+06
6.09964e+06
6.09964e+06
6.09964e+06
6.09964e+06
6.09963e+06
6.09963e+06
6.09963e+06
6.09963e+06
6.09963e+06
6.09962e+06
6.09962e+06
6.09962e+06
6.09974e+06
6.09973e+06
6.09972e+06
6.09972e+06
6.09971e+06
6.0997e+06
6.0997e+06
6.09969e+06
6.09968e+06
6.09968e+06
6.09967e+06
6.09967e+06
6.09966e+06
6.09966e+06
6.09965e+06
6.09965e+06
6.09964e+06
6.09964e+06
6.09964e+06
6.09963e+06
6.09963e+06
6.09963e+06
6.09963e+06
6.09962e+06
6.09962e+06
6.09962e+06
6.09962e+06
6.09962e+06
6.09962e+06
6.09972e+06
6.09972e+06
6.09971e+06
6.0997e+06
6.0997e+06
6.09969e+06
6.09969e+06
6.09968e+06
6.09967e+06
6.09967e+06
6.09966e+06
6.09966e+06
6.09965e+06
6.09965e+06
6.09965e+06
6.09964e+06
6.09964e+06
6.09963e+06
6.09963e+06
6.09963e+06
6.09963e+06
6.09962e+06
6.09962e+06
6.09962e+06
6.09962e+06
6.09962e+06
6.09962e+06
6.09962e+06
6.09962e+06
6.09971e+06
6.0997e+06
6.0997e+06
6.09969e+06
6.09969e+06
6.09968e+06
6.09968e+06
6.09967e+06
6.09967e+06
6.09966e+06
6.09966e+06
6.09965e+06
6.09965e+06
6.09964e+06
6.09964e+06
6.09964e+06
6.09963e+06
6.09963e+06
6.09963e+06
6.09962e+06
6.09962e+06
6.09962e+06
6.09962e+06
6.09962e+06
6.09962e+06
6.09962e+06
6.09961e+06
6.09961e+06
6.09961e+06
6.09969e+06
6.09969e+06
6.09969e+06
6.09968e+06
6.09968e+06
6.09967e+06
6.09967e+06
6.09966e+06
6.09966e+06
6.09965e+06
6.09965e+06
6.09964e+06
6.09964e+06
6.09964e+06
6.09963e+06
6.09963e+06
6.09963e+06
6.09963e+06
6.09962e+06
6.09962e+06
6.09962e+06
6.09962e+06
6.09962e+06
6.09961e+06
6.09961e+06
6.09961e+06
6.09961e+06
6.09961e+06
6.09961e+06
6.09968e+06
6.09968e+06
6.09967e+06
6.09967e+06
6.09966e+06
6.09966e+06
6.09966e+06
6.09965e+06
6.09965e+06
6.09964e+06
6.09964e+06
6.09964e+06
6.09963e+06
6.09963e+06
6.09963e+06
6.09962e+06
6.09962e+06
6.09962e+06
6.09962e+06
6.09962e+06
6.09961e+06
6.09961e+06
6.09961e+06
6.09961e+06
6.09961e+06
6.09961e+06
6.09961e+06
6.09961e+06
6.09961e+06
6.09967e+06
6.09966e+06
6.09966e+06
6.09966e+06
6.09965e+06
6.09965e+06
6.09965e+06
6.09964e+06
6.09964e+06
6.09964e+06
6.09963e+06
6.09963e+06
6.09963e+06
6.09962e+06
6.09962e+06
6.09962e+06
6.09962e+06
6.09962e+06
6.09961e+06
6.09961e+06
6.09961e+06
6.09961e+06
6.09961e+06
6.09961e+06
6.09961e+06
6.0996e+06
6.0996e+06
6.0996e+06
6.0996e+06
6.09965e+06
6.09965e+06
6.09965e+06
6.09965e+06
6.09964e+06
6.09964e+06
6.09964e+06
6.09963e+06
6.09963e+06
6.09963e+06
6.09963e+06
6.09962e+06
6.09962e+06
6.09962e+06
6.09962e+06
6.09961e+06
6.09961e+06
6.09961e+06
6.09961e+06
6.09961e+06
6.09961e+06
6.0996e+06
6.0996e+06
6.0996e+06
6.0996e+06
6.0996e+06
6.0996e+06
6.0996e+06
6.0996e+06
6.09964e+06
6.09964e+06
6.09964e+06
6.09963e+06
6.09963e+06
6.09963e+06
6.09963e+06
6.09962e+06
6.09962e+06
6.09962e+06
6.09962e+06
6.09962e+06
6.09961e+06
6.09961e+06
6.09961e+06
6.09961e+06
6.09961e+06
6.0996e+06
6.0996e+06
6.0996e+06
6.0996e+06
6.0996e+06
6.0996e+06
6.0996e+06
6.0996e+06
6.0996e+06
6.0996e+06
6.0996e+06
6.0996e+06
6.09963e+06
6.09963e+06
6.09962e+06
6.09962e+06
6.09962e+06
6.09962e+06
6.09962e+06
6.09961e+06
6.09961e+06
6.09961e+06
6.09961e+06
6.09961e+06
6.09961e+06
6.0996e+06
6.0996e+06
6.0996e+06
6.0996e+06
6.0996e+06
6.0996e+06
6.0996e+06
6.0996e+06
6.0996e+06
6.0996e+06
6.0996e+06
6.09959e+06
6.09959e+06
6.09959e+06
6.09959e+06
6.09959e+06
6.09962e+06
6.09961e+06
6.09961e+06
6.09961e+06
6.09961e+06
6.09961e+06
6.09961e+06
6.09961e+06
6.0996e+06
6.0996e+06
6.0996e+06
6.0996e+06
6.0996e+06
6.0996e+06
6.0996e+06
6.0996e+06
6.0996e+06
6.09959e+06
6.09959e+06
6.09959e+06
6.09959e+06
6.09959e+06
6.09959e+06
6.09959e+06
6.09959e+06
6.09959e+06
6.09959e+06
6.09959e+06
6.09959e+06
6.0996e+06
6.0996e+06
6.0996e+06
6.0996e+06
6.0996e+06
6.0996e+06
6.0996e+06
6.0996e+06
6.0996e+06
6.09959e+06
6.09959e+06
6.09959e+06
6.09959e+06
6.09959e+06
6.09959e+06
6.09959e+06
6.09959e+06
6.09959e+06
6.09959e+06
6.09959e+06
6.09959e+06
6.09959e+06
6.09959e+06
6.09959e+06
6.09959e+06
6.09959e+06
6.09959e+06
6.09959e+06
6.09959e+06
6.09959e+06
6.09959e+06
6.09959e+06
6.09959e+06
6.09959e+06
6.09959e+06
6.09959e+06
6.09959e+06
6.09959e+06
6.09959e+06
6.09959e+06
6.09959e+06
6.09959e+06
6.09959e+06
6.09958e+06
6.09958e+06
6.09958e+06
6.09958e+06
6.09958e+06
6.09958e+06
6.09958e+06
6.09958e+06
6.09958e+06
6.09958e+06
6.09958e+06
6.09958e+06
6.09958e+06
6.09958e+06
6.09958e+06
)
;

boundaryField
{
    inlet
    {
        type            calculated;
        value           uniform 6.09958e+06;
    }
    outlet
    {
        type            calculated;
        value           nonuniform List<scalar> 0();
    }
    walls
    {
        type            calculated;
        value           nonuniform List<scalar> 
206
(
4.00222e+06
4.00538e+06
4.08299e+06
4.22554e+06
4.20021e+06
5.07283e+06
4.67548e+06
4.34562e+06
4.32521e+06
4.2017e+06
4.01207e+06
4.00251e+06
4.00315e+06
4.00273e+06
4.00235e+06
4.00154e+06
4.00156e+06
4.00322e+06
4.0019e+06
4.00213e+06
4.002e+06
4.0018e+06
4.00244e+06
4.00213e+06
4.00166e+06
4.00234e+06
4.00432e+06
4.04446e+06
4.11146e+06
4.00768e+06
4.01221e+06
4.26894e+06
4.47747e+06
4.68504e+06
4.00222e+06
4.00538e+06
4.08299e+06
4.22554e+06
4.20021e+06
5.07283e+06
4.67548e+06
4.34562e+06
4.32521e+06
4.2017e+06
4.01208e+06
4.00251e+06
4.00315e+06
4.00273e+06
4.00235e+06
4.00154e+06
4.00156e+06
4.00322e+06
4.0019e+06
4.00213e+06
4.002e+06
4.0018e+06
4.00244e+06
4.00213e+06
4.00166e+06
4.00234e+06
4.00432e+06
4.04446e+06
4.11146e+06
4.00768e+06
4.01221e+06
4.26894e+06
4.47747e+06
4.68504e+06
6.0997e+06
6.0997e+06
6.09969e+06
6.09969e+06
6.09969e+06
6.09969e+06
6.09968e+06
6.09968e+06
6.09968e+06
6.09968e+06
6.09967e+06
6.09967e+06
6.09967e+06
6.09967e+06
6.09966e+06
6.09966e+06
6.09966e+06
6.09965e+06
6.09965e+06
6.09965e+06
6.09965e+06
6.09964e+06
6.09964e+06
6.09964e+06
6.09963e+06
6.09963e+06
6.09963e+06
6.09962e+06
6.09962e+06
6.09962e+06
6.09961e+06
6.09961e+06
6.09961e+06
6.0996e+06
6.0996e+06
6.0996e+06
6.09959e+06
6.09959e+06
6.09959e+06
6.09958e+06
6.0997e+06
6.0997e+06
6.09969e+06
6.09969e+06
6.09969e+06
6.09969e+06
6.09968e+06
6.09968e+06
6.09968e+06
6.09968e+06
6.09967e+06
6.09967e+06
6.09967e+06
6.09967e+06
6.09966e+06
6.09966e+06
6.09966e+06
6.09965e+06
6.09965e+06
6.09965e+06
6.09965e+06
6.09964e+06
6.09964e+06
6.09964e+06
6.09963e+06
6.09963e+06
6.09963e+06
6.09962e+06
6.09962e+06
6.09962e+06
6.09961e+06
6.09961e+06
6.09961e+06
6.0996e+06
6.0996e+06
6.0996e+06
6.09959e+06
6.09959e+06
6.09959e+06
6.09958e+06
6.10005e+06
6.10002e+06
6.09999e+06
6.09997e+06
6.09994e+06
6.09992e+06
6.0999e+06
6.09988e+06
6.09986e+06
6.09984e+06
6.09983e+06
6.09981e+06
6.0998e+06
6.09979e+06
6.09977e+06
6.09976e+06
6.09975e+06
6.09975e+06
6.09974e+06
6.09973e+06
6.09972e+06
6.09972e+06
6.09971e+06
6.09971e+06
6.09971e+06
6.0997e+06
6.0997e+06
6.0997e+06
6.0997e+06
6.10005e+06
6.10002e+06
6.09999e+06
6.09997e+06
6.09994e+06
6.09992e+06
6.0999e+06
6.09988e+06
6.09986e+06
6.09984e+06
6.09983e+06
6.09981e+06
6.0998e+06
6.09979e+06
6.09977e+06
6.09976e+06
6.09975e+06
6.09975e+06
6.09974e+06
6.09973e+06
6.09972e+06
6.09972e+06
6.09971e+06
6.09971e+06
6.09971e+06
6.0997e+06
6.0997e+06
6.0997e+06
6.0997e+06
)
;
    }
    side1
    {
        type            cyclic;
    }
    side2
    {
        type            cyclic;
    }
    procBoundary4to3
    {
        type            processor;
        value           nonuniform List<scalar> 10(4.00229e+06 4.00202e+06 4.00075e+06 4.00077e+06 4.00181e+06 4.00229e+06 4.00202e+06 4.00075e+06 4.00077e+06 4.00181e+06);
    }
    procBoundary4to5
    {
        type            processor;
        value           nonuniform List<scalar> 
90
(
4.00876e+06
4.06474e+06
4.57629e+06
4.61313e+06
4.62602e+06
6.10008e+06
6.10007e+06
6.10007e+06
6.10006e+06
6.10005e+06
6.10005e+06
6.10004e+06
6.10003e+06
6.10002e+06
6.10001e+06
6.1e+06
6.09998e+06
6.09997e+06
6.09996e+06
6.09994e+06
6.09993e+06
6.09992e+06
6.0999e+06
6.09989e+06
6.09987e+06
6.09986e+06
6.09984e+06
6.09983e+06
6.09981e+06
6.0998e+06
6.09978e+06
6.09977e+06
6.09976e+06
6.09974e+06
6.09973e+06
6.09971e+06
6.0997e+06
6.09969e+06
6.09967e+06
6.09966e+06
6.09964e+06
6.09963e+06
6.09962e+06
6.0996e+06
6.09959e+06
4.00876e+06
4.06473e+06
4.5763e+06
4.61313e+06
4.62602e+06
6.10008e+06
6.10007e+06
6.10007e+06
6.10006e+06
6.10005e+06
6.10005e+06
6.10004e+06
6.10003e+06
6.10002e+06
6.10001e+06
6.1e+06
6.09998e+06
6.09997e+06
6.09996e+06
6.09994e+06
6.09993e+06
6.09992e+06
6.0999e+06
6.09989e+06
6.09987e+06
6.09986e+06
6.09984e+06
6.09983e+06
6.09981e+06
6.0998e+06
6.09978e+06
6.09977e+06
6.09976e+06
6.09974e+06
6.09973e+06
6.09971e+06
6.0997e+06
6.09969e+06
6.09967e+06
6.09966e+06
6.09964e+06
6.09963e+06
6.09962e+06
6.0996e+06
6.09959e+06
)
;
    }
}


// ************************************************************************* //
