/*--------------------------------*- C++ -*----------------------------------*\
| =========                 |                                                 |
| \\      /  F ield         | OpenFOAM: The Open Source CFD Toolbox           |
|  \\    /   O peration     | Version:  v2012                                 |
|   \\  /    A nd           | Website:  www.openfoam.com                      |
|    \\/     M anipulation  |                                                 |
\*---------------------------------------------------------------------------*/
FoamFile
{
    version     2.0;
    format      ascii;
    class       volScalarField;
    location    "0.35";
    object      p_rgh;
}
// * * * * * * * * * * * * * * * * * * * * * * * * * * * * * * * * * * * * * //

dimensions      [1 -1 -2 0 0 0 0];


internalField   nonuniform List<scalar> 
2660
(
4.00362e+06
4.00385e+06
4.21234e+06
4.08492e+06
4.10678e+06
4.00342e+06
4.00217e+06
4.16479e+06
4.04316e+06
4.078e+06
4.00084e+06
4.00148e+06
4.09254e+06
4.06211e+06
4.04818e+06
3.99826e+06
4.00019e+06
4.00665e+06
4.11018e+06
4.13484e+06
4.00216e+06
4.00202e+06
4.00102e+06
4.0089e+06
4.01803e+06
4.00334e+06
4.00303e+06
4.00147e+06
4.00505e+06
4.00308e+06
4.00258e+06
4.00215e+06
4.00191e+06
4.0046e+06
4.00401e+06
4.00156e+06
3.99951e+06
4.00127e+06
4.00239e+06
4.00317e+06
4.00126e+06
4.00355e+06
4.0177e+06
4.01185e+06
4.00469e+06
4.01034e+06
4.25359e+06
4.0635e+06
4.04362e+06
4.05363e+06
4.0039e+06
4.01072e+06
4.157e+06
4.05074e+06
4.05575e+06
4.00285e+06
4.00324e+06
4.01056e+06
4.10086e+06
4.06607e+06
4.00113e+06
4.00166e+06
4.00483e+06
4.02046e+06
4.02832e+06
4.00189e+06
4.00125e+06
4.00366e+06
4.00349e+06
4.01648e+06
4.0053e+06
4.0048e+06
4.00465e+06
4.00268e+06
4.00256e+06
4.03479e+06
4.00609e+06
4.00302e+06
4.00258e+06
4.00215e+06
4.05141e+06
4.00495e+06
4.00177e+06
4.00207e+06
4.00226e+06
4.01911e+06
4.01951e+06
4.0016e+06
4.00224e+06
4.00213e+06
4.00979e+06
4.00916e+06
4.00284e+06
4.00217e+06
4.00211e+06
4.00311e+06
4.00576e+06
4.00353e+06
4.0023e+06
4.00215e+06
4.002e+06
4.00986e+06
4.00832e+06
4.00569e+06
4.00402e+06
4.00424e+06
4.06177e+06
4.08855e+06
4.15862e+06
4.03277e+06
4.02931e+06
5.33135e+06
5.18742e+06
5.17813e+06
5.29781e+06
4.82227e+06
5.14587e+06
5.28472e+06
5.29638e+06
5.34047e+06
5.38029e+06
5.33412e+06
5.42486e+06
5.42446e+06
5.43518e+06
5.97934e+06
5.79582e+06
5.81679e+06
5.77911e+06
5.7855e+06
6.20508e+06
5.89577e+06
6.03024e+06
5.98092e+06
5.99498e+06
5.21295e+06
4.22836e+06
6.01291e+06
6.0986e+06
6.17031e+06
5.43117e+06
5.54498e+06
6.48788e+06
6.52906e+06
6.52248e+06
6.82328e+06
5.7553e+06
6.76108e+06
6.89887e+06
6.8545e+06
8.81594e+06
6.17152e+06
7.04223e+06
7.25397e+06
7.16566e+06
1.16402e+07
6.91487e+06
7.30017e+06
7.54172e+06
7.41534e+06
1.1949e+07
7.08147e+06
7.42757e+06
7.70333e+06
7.56794e+06
9.14287e+06
6.57762e+06
7.4431e+06
7.71235e+06
7.59999e+06
6.10048e+06
6.10044e+06
6.1004e+06
6.10037e+06
6.10034e+06
6.10031e+06
6.10028e+06
6.10026e+06
6.10023e+06
6.10021e+06
6.10019e+06
6.10017e+06
6.10016e+06
6.10014e+06
6.10013e+06
6.10011e+06
6.1001e+06
6.10009e+06
6.10008e+06
6.10007e+06
6.10007e+06
6.10006e+06
6.10006e+06
6.10005e+06
6.10005e+06
6.10005e+06
6.10004e+06
6.10004e+06
6.10004e+06
6.10047e+06
6.10044e+06
6.1004e+06
6.10037e+06
6.10034e+06
6.10031e+06
6.10028e+06
6.10026e+06
6.10023e+06
6.10021e+06
6.10019e+06
6.10017e+06
6.10015e+06
6.10014e+06
6.10013e+06
6.10011e+06
6.1001e+06
6.10009e+06
6.10008e+06
6.10007e+06
6.10007e+06
6.10006e+06
6.10006e+06
6.10005e+06
6.10005e+06
6.10005e+06
6.10004e+06
6.10004e+06
6.10004e+06
6.10047e+06
6.10043e+06
6.1004e+06
6.10037e+06
6.10033e+06
6.10031e+06
6.10028e+06
6.10025e+06
6.10023e+06
6.10021e+06
6.10019e+06
6.10017e+06
6.10015e+06
6.10014e+06
6.10012e+06
6.10011e+06
6.1001e+06
6.10009e+06
6.10008e+06
6.10007e+06
6.10007e+06
6.10006e+06
6.10006e+06
6.10005e+06
6.10005e+06
6.10004e+06
6.10004e+06
6.10004e+06
6.10004e+06
6.10047e+06
6.10043e+06
6.1004e+06
6.10036e+06
6.10033e+06
6.1003e+06
6.10028e+06
6.10025e+06
6.10023e+06
6.10021e+06
6.10019e+06
6.10017e+06
6.10015e+06
6.10014e+06
6.10012e+06
6.10011e+06
6.1001e+06
6.10009e+06
6.10008e+06
6.10007e+06
6.10007e+06
6.10006e+06
6.10006e+06
6.10005e+06
6.10005e+06
6.10004e+06
6.10004e+06
6.10004e+06
6.10004e+06
6.10046e+06
6.10043e+06
6.10039e+06
6.10036e+06
6.10033e+06
6.1003e+06
6.10027e+06
6.10025e+06
6.10023e+06
6.10021e+06
6.10019e+06
6.10017e+06
6.10015e+06
6.10014e+06
6.10012e+06
6.10011e+06
6.1001e+06
6.10009e+06
6.10008e+06
6.10007e+06
6.10007e+06
6.10006e+06
6.10005e+06
6.10005e+06
6.10005e+06
6.10004e+06
6.10004e+06
6.10004e+06
6.10004e+06
6.10046e+06
6.10042e+06
6.10039e+06
6.10036e+06
6.10033e+06
6.1003e+06
6.10027e+06
6.10025e+06
6.10023e+06
6.1002e+06
6.10018e+06
6.10017e+06
6.10015e+06
6.10014e+06
6.10012e+06
6.10011e+06
6.1001e+06
6.10009e+06
6.10008e+06
6.10007e+06
6.10007e+06
6.10006e+06
6.10005e+06
6.10005e+06
6.10005e+06
6.10004e+06
6.10004e+06
6.10004e+06
6.10004e+06
6.10045e+06
6.10042e+06
6.10038e+06
6.10035e+06
6.10032e+06
6.10029e+06
6.10027e+06
6.10024e+06
6.10022e+06
6.1002e+06
6.10018e+06
6.10017e+06
6.10015e+06
6.10013e+06
6.10012e+06
6.10011e+06
6.1001e+06
6.10009e+06
6.10008e+06
6.10007e+06
6.10006e+06
6.10006e+06
6.10005e+06
6.10005e+06
6.10005e+06
6.10004e+06
6.10004e+06
6.10004e+06
6.10004e+06
6.10044e+06
6.10041e+06
6.10038e+06
6.10035e+06
6.10032e+06
6.10029e+06
6.10026e+06
6.10024e+06
6.10022e+06
6.1002e+06
6.10018e+06
6.10016e+06
6.10015e+06
6.10013e+06
6.10012e+06
6.10011e+06
6.1001e+06
6.10009e+06
6.10008e+06
6.10007e+06
6.10006e+06
6.10006e+06
6.10005e+06
6.10005e+06
6.10005e+06
6.10004e+06
6.10004e+06
6.10004e+06
6.10004e+06
6.10043e+06
6.1004e+06
6.10037e+06
6.10034e+06
6.10031e+06
6.10029e+06
6.10026e+06
6.10024e+06
6.10022e+06
6.1002e+06
6.10018e+06
6.10016e+06
6.10015e+06
6.10013e+06
6.10012e+06
6.10011e+06
6.1001e+06
6.10009e+06
6.10008e+06
6.10007e+06
6.10006e+06
6.10006e+06
6.10005e+06
6.10005e+06
6.10005e+06
6.10004e+06
6.10004e+06
6.10004e+06
6.10004e+06
6.10042e+06
6.10039e+06
6.10036e+06
6.10033e+06
6.10031e+06
6.10028e+06
6.10026e+06
6.10023e+06
6.10021e+06
6.10019e+06
6.10017e+06
6.10016e+06
6.10014e+06
6.10013e+06
6.10012e+06
6.1001e+06
6.10009e+06
6.10008e+06
6.10008e+06
6.10007e+06
6.10006e+06
6.10006e+06
6.10005e+06
6.10005e+06
6.10004e+06
6.10004e+06
6.10004e+06
6.10004e+06
6.10004e+06
6.10041e+06
6.10038e+06
6.10035e+06
6.10033e+06
6.1003e+06
6.10027e+06
6.10025e+06
6.10023e+06
6.10021e+06
6.10019e+06
6.10017e+06
6.10016e+06
6.10014e+06
6.10013e+06
6.10011e+06
6.1001e+06
6.10009e+06
6.10008e+06
6.10007e+06
6.10007e+06
6.10006e+06
6.10006e+06
6.10005e+06
6.10005e+06
6.10004e+06
6.10004e+06
6.10004e+06
6.10004e+06
6.10004e+06
6.1004e+06
6.10037e+06
6.10034e+06
6.10032e+06
6.10029e+06
6.10027e+06
6.10025e+06
6.10022e+06
6.1002e+06
6.10019e+06
6.10017e+06
6.10015e+06
6.10014e+06
6.10012e+06
6.10011e+06
6.1001e+06
6.10009e+06
6.10008e+06
6.10007e+06
6.10007e+06
6.10006e+06
6.10005e+06
6.10005e+06
6.10005e+06
6.10004e+06
6.10004e+06
6.10004e+06
6.10004e+06
6.10004e+06
6.10039e+06
6.10036e+06
6.10033e+06
6.10031e+06
6.10028e+06
6.10026e+06
6.10024e+06
6.10022e+06
6.1002e+06
6.10018e+06
6.10016e+06
6.10015e+06
6.10013e+06
6.10012e+06
6.10011e+06
6.1001e+06
6.10009e+06
6.10008e+06
6.10007e+06
6.10006e+06
6.10006e+06
6.10005e+06
6.10005e+06
6.10004e+06
6.10004e+06
6.10004e+06
6.10004e+06
6.10004e+06
6.10004e+06
6.10038e+06
6.10035e+06
6.10032e+06
6.1003e+06
6.10028e+06
6.10025e+06
6.10023e+06
6.10021e+06
6.10019e+06
6.10018e+06
6.10016e+06
6.10015e+06
6.10013e+06
6.10012e+06
6.10011e+06
6.1001e+06
6.10009e+06
6.10008e+06
6.10007e+06
6.10006e+06
6.10006e+06
6.10005e+06
6.10005e+06
6.10004e+06
6.10004e+06
6.10004e+06
6.10004e+06
6.10004e+06
6.10003e+06
6.10036e+06
6.10034e+06
6.10031e+06
6.10029e+06
6.10027e+06
6.10025e+06
6.10023e+06
6.10021e+06
6.10019e+06
6.10017e+06
6.10016e+06
6.10014e+06
6.10013e+06
6.10012e+06
6.1001e+06
6.10009e+06
6.10008e+06
6.10008e+06
6.10007e+06
6.10006e+06
6.10006e+06
6.10005e+06
6.10005e+06
6.10004e+06
6.10004e+06
6.10004e+06
6.10004e+06
6.10003e+06
6.10003e+06
6.10035e+06
6.10033e+06
6.1003e+06
6.10028e+06
6.10026e+06
6.10024e+06
6.10022e+06
6.1002e+06
6.10018e+06
6.10017e+06
6.10015e+06
6.10014e+06
6.10012e+06
6.10011e+06
6.1001e+06
6.10009e+06
6.10008e+06
6.10007e+06
6.10007e+06
6.10006e+06
6.10005e+06
6.10005e+06
6.10005e+06
6.10004e+06
6.10004e+06
6.10004e+06
6.10003e+06
6.10003e+06
6.10003e+06
6.10034e+06
6.10031e+06
6.10029e+06
6.10027e+06
6.10025e+06
6.10023e+06
6.10021e+06
6.10019e+06
6.10018e+06
6.10016e+06
6.10015e+06
6.10013e+06
6.10012e+06
6.10011e+06
6.1001e+06
6.10009e+06
6.10008e+06
6.10007e+06
6.10006e+06
6.10006e+06
6.10005e+06
6.10005e+06
6.10004e+06
6.10004e+06
6.10004e+06
6.10004e+06
6.10003e+06
6.10003e+06
6.10003e+06
6.10032e+06
6.1003e+06
6.10028e+06
6.10026e+06
6.10024e+06
6.10022e+06
6.1002e+06
6.10019e+06
6.10017e+06
6.10016e+06
6.10014e+06
6.10013e+06
6.10012e+06
6.10011e+06
6.1001e+06
6.10009e+06
6.10008e+06
6.10007e+06
6.10006e+06
6.10006e+06
6.10005e+06
6.10005e+06
6.10004e+06
6.10004e+06
6.10004e+06
6.10003e+06
6.10003e+06
6.10003e+06
6.10003e+06
6.10031e+06
6.10029e+06
6.10027e+06
6.10025e+06
6.10023e+06
6.10021e+06
6.1002e+06
6.10018e+06
6.10017e+06
6.10015e+06
6.10014e+06
6.10012e+06
6.10011e+06
6.1001e+06
6.10009e+06
6.10008e+06
6.10007e+06
6.10007e+06
6.10006e+06
6.10005e+06
6.10005e+06
6.10004e+06
6.10004e+06
6.10004e+06
6.10004e+06
6.10003e+06
6.10003e+06
6.10003e+06
6.10003e+06
6.10029e+06
6.10028e+06
6.10026e+06
6.10024e+06
6.10022e+06
6.1002e+06
6.10019e+06
6.10017e+06
6.10016e+06
6.10014e+06
6.10013e+06
6.10012e+06
6.10011e+06
6.1001e+06
6.10009e+06
6.10008e+06
6.10007e+06
6.10006e+06
6.10006e+06
6.10005e+06
6.10005e+06
6.10004e+06
6.10004e+06
6.10004e+06
6.10003e+06
6.10003e+06
6.10003e+06
6.10003e+06
6.10003e+06
6.10028e+06
6.10026e+06
6.10024e+06
6.10023e+06
6.10021e+06
6.1002e+06
6.10018e+06
6.10017e+06
6.10015e+06
6.10014e+06
6.10013e+06
6.10012e+06
6.1001e+06
6.10009e+06
6.10009e+06
6.10008e+06
6.10007e+06
6.10006e+06
6.10006e+06
6.10005e+06
6.10005e+06
6.10004e+06
6.10004e+06
6.10004e+06
6.10003e+06
6.10003e+06
6.10003e+06
6.10003e+06
6.10003e+06
6.10026e+06
6.10025e+06
6.10023e+06
6.10022e+06
6.1002e+06
6.10019e+06
6.10017e+06
6.10016e+06
6.10015e+06
6.10013e+06
6.10012e+06
6.10011e+06
6.1001e+06
6.10009e+06
6.10008e+06
6.10007e+06
6.10007e+06
6.10006e+06
6.10005e+06
6.10005e+06
6.10004e+06
6.10004e+06
6.10004e+06
6.10003e+06
6.10003e+06
6.10003e+06
6.10003e+06
6.10003e+06
6.10003e+06
6.10025e+06
6.10023e+06
6.10022e+06
6.1002e+06
6.10019e+06
6.10018e+06
6.10016e+06
6.10015e+06
6.10014e+06
6.10013e+06
6.10012e+06
6.1001e+06
6.1001e+06
6.10009e+06
6.10008e+06
6.10007e+06
6.10006e+06
6.10006e+06
6.10005e+06
6.10005e+06
6.10004e+06
6.10004e+06
6.10003e+06
6.10003e+06
6.10003e+06
6.10003e+06
6.10003e+06
6.10003e+06
6.10003e+06
6.10023e+06
6.10022e+06
6.10021e+06
6.10019e+06
6.10018e+06
6.10017e+06
6.10015e+06
6.10014e+06
6.10013e+06
6.10012e+06
6.10011e+06
6.1001e+06
6.10009e+06
6.10008e+06
6.10007e+06
6.10007e+06
6.10006e+06
6.10005e+06
6.10005e+06
6.10004e+06
6.10004e+06
6.10004e+06
6.10003e+06
6.10003e+06
6.10003e+06
6.10003e+06
6.10003e+06
6.10002e+06
6.10002e+06
6.10022e+06
6.10021e+06
6.10019e+06
6.10018e+06
6.10017e+06
6.10016e+06
6.10015e+06
6.10013e+06
6.10012e+06
6.10011e+06
6.1001e+06
6.10009e+06
6.10009e+06
6.10008e+06
6.10007e+06
6.10006e+06
6.10006e+06
6.10005e+06
6.10005e+06
6.10004e+06
6.10004e+06
6.10003e+06
6.10003e+06
6.10003e+06
6.10003e+06
6.10003e+06
6.10002e+06
6.10002e+06
6.10002e+06
6.1002e+06
6.10019e+06
6.10018e+06
6.10017e+06
6.10016e+06
6.10015e+06
6.10014e+06
6.10013e+06
6.10012e+06
6.10011e+06
6.1001e+06
6.10009e+06
6.10008e+06
6.10007e+06
6.10007e+06
6.10006e+06
6.10005e+06
6.10005e+06
6.10004e+06
6.10004e+06
6.10004e+06
6.10003e+06
6.10003e+06
6.10003e+06
6.10003e+06
6.10002e+06
6.10002e+06
6.10002e+06
6.10002e+06
6.10019e+06
6.10018e+06
6.10017e+06
6.10016e+06
6.10015e+06
6.10014e+06
6.10013e+06
6.10012e+06
6.10011e+06
6.1001e+06
6.10009e+06
6.10008e+06
6.10008e+06
6.10007e+06
6.10006e+06
6.10006e+06
6.10005e+06
6.10005e+06
6.10004e+06
6.10004e+06
6.10003e+06
6.10003e+06
6.10003e+06
6.10003e+06
6.10002e+06
6.10002e+06
6.10002e+06
6.10002e+06
6.10002e+06
6.10018e+06
6.10017e+06
6.10016e+06
6.10015e+06
6.10014e+06
6.10013e+06
6.10012e+06
6.10011e+06
6.1001e+06
6.10009e+06
6.10008e+06
6.10008e+06
6.10007e+06
6.10006e+06
6.10006e+06
6.10005e+06
6.10005e+06
6.10004e+06
6.10004e+06
6.10003e+06
6.10003e+06
6.10003e+06
6.10003e+06
6.10002e+06
6.10002e+06
6.10002e+06
6.10002e+06
6.10002e+06
6.10002e+06
6.10016e+06
6.10015e+06
6.10014e+06
6.10013e+06
6.10013e+06
6.10012e+06
6.10011e+06
6.1001e+06
6.10009e+06
6.10009e+06
6.10008e+06
6.10007e+06
6.10006e+06
6.10006e+06
6.10005e+06
6.10005e+06
6.10004e+06
6.10004e+06
6.10004e+06
6.10003e+06
6.10003e+06
6.10003e+06
6.10002e+06
6.10002e+06
6.10002e+06
6.10002e+06
6.10002e+06
6.10002e+06
6.10002e+06
6.10015e+06
6.10014e+06
6.10013e+06
6.10012e+06
6.10012e+06
6.10011e+06
6.1001e+06
6.10009e+06
6.10009e+06
6.10008e+06
6.10007e+06
6.10007e+06
6.10006e+06
6.10005e+06
6.10005e+06
6.10004e+06
6.10004e+06
6.10004e+06
6.10003e+06
6.10003e+06
6.10003e+06
6.10002e+06
6.10002e+06
6.10002e+06
6.10002e+06
6.10002e+06
6.10002e+06
6.10002e+06
6.10002e+06
6.10013e+06
6.10013e+06
6.10012e+06
6.10011e+06
6.1001e+06
6.1001e+06
6.10009e+06
6.10008e+06
6.10008e+06
6.10007e+06
6.10006e+06
6.10006e+06
6.10005e+06
6.10005e+06
6.10004e+06
6.10004e+06
6.10004e+06
6.10003e+06
6.10003e+06
6.10003e+06
6.10002e+06
6.10002e+06
6.10002e+06
6.10002e+06
6.10002e+06
6.10002e+06
6.10002e+06
6.10001e+06
6.10001e+06
6.10012e+06
6.10011e+06
6.10011e+06
6.1001e+06
6.10009e+06
6.10009e+06
6.10008e+06
6.10007e+06
6.10007e+06
6.10006e+06
6.10006e+06
6.10005e+06
6.10005e+06
6.10004e+06
6.10004e+06
6.10004e+06
6.10003e+06
6.10003e+06
6.10003e+06
6.10002e+06
6.10002e+06
6.10002e+06
6.10002e+06
6.10002e+06
6.10002e+06
6.10001e+06
6.10001e+06
6.10001e+06
6.10001e+06
6.1001e+06
6.1001e+06
6.10009e+06
6.10009e+06
6.10008e+06
6.10008e+06
6.10007e+06
6.10007e+06
6.10006e+06
6.10006e+06
6.10005e+06
6.10005e+06
6.10004e+06
6.10004e+06
6.10004e+06
6.10003e+06
6.10003e+06
6.10003e+06
6.10002e+06
6.10002e+06
6.10002e+06
6.10002e+06
6.10002e+06
6.10001e+06
6.10001e+06
6.10001e+06
6.10001e+06
6.10001e+06
6.10001e+06
6.10009e+06
6.10009e+06
6.10008e+06
6.10008e+06
6.10007e+06
6.10007e+06
6.10006e+06
6.10006e+06
6.10005e+06
6.10005e+06
6.10004e+06
6.10004e+06
6.10004e+06
6.10003e+06
6.10003e+06
6.10003e+06
6.10002e+06
6.10002e+06
6.10002e+06
6.10002e+06
6.10002e+06
6.10001e+06
6.10001e+06
6.10001e+06
6.10001e+06
6.10001e+06
6.10001e+06
6.10001e+06
6.10001e+06
6.10008e+06
6.10007e+06
6.10007e+06
6.10006e+06
6.10006e+06
6.10006e+06
6.10005e+06
6.10005e+06
6.10004e+06
6.10004e+06
6.10004e+06
6.10003e+06
6.10003e+06
6.10003e+06
6.10003e+06
6.10002e+06
6.10002e+06
6.10002e+06
6.10002e+06
6.10002e+06
6.10001e+06
6.10001e+06
6.10001e+06
6.10001e+06
6.10001e+06
6.10001e+06
6.10001e+06
6.10001e+06
6.10001e+06
6.10006e+06
6.10006e+06
6.10006e+06
6.10005e+06
6.10005e+06
6.10005e+06
6.10004e+06
6.10004e+06
6.10004e+06
6.10003e+06
6.10003e+06
6.10003e+06
6.10003e+06
6.10002e+06
6.10002e+06
6.10002e+06
6.10002e+06
6.10002e+06
6.10001e+06
6.10001e+06
6.10001e+06
6.10001e+06
6.10001e+06
6.10001e+06
6.10001e+06
6.10001e+06
6.10001e+06
6.10001e+06
6.10001e+06
6.10005e+06
6.10005e+06
6.10004e+06
6.10004e+06
6.10004e+06
6.10004e+06
6.10003e+06
6.10003e+06
6.10003e+06
6.10003e+06
6.10002e+06
6.10002e+06
6.10002e+06
6.10002e+06
6.10002e+06
6.10001e+06
6.10001e+06
6.10001e+06
6.10001e+06
6.10001e+06
6.10001e+06
6.10001e+06
6.10001e+06
6.10001e+06
6.10001e+06
6.10001e+06
6.10001e+06
6.10001e+06
6.10001e+06
6.10003e+06
6.10003e+06
6.10003e+06
6.10003e+06
6.10003e+06
6.10003e+06
6.10002e+06
6.10002e+06
6.10002e+06
6.10002e+06
6.10002e+06
6.10002e+06
6.10001e+06
6.10001e+06
6.10001e+06
6.10001e+06
6.10001e+06
6.10001e+06
6.10001e+06
6.10001e+06
6.10001e+06
6.10001e+06
6.10001e+06
6.1e+06
6.1e+06
6.1e+06
6.1e+06
6.1e+06
6.1e+06
6.10002e+06
6.10002e+06
6.10002e+06
6.10002e+06
6.10002e+06
6.10002e+06
6.10001e+06
6.10001e+06
6.10001e+06
6.10001e+06
6.10001e+06
6.10001e+06
6.10001e+06
6.10001e+06
6.10001e+06
6.10001e+06
6.10001e+06
6.10001e+06
6.1e+06
6.1e+06
6.1e+06
6.1e+06
6.1e+06
6.1e+06
6.1e+06
6.1e+06
6.1e+06
6.1e+06
6.1e+06
6.10001e+06
6.10001e+06
6.10001e+06
6.10001e+06
6.10001e+06
6.10001e+06
6.1e+06
6.1e+06
6.1e+06
6.1e+06
6.1e+06
6.1e+06
6.1e+06
6.1e+06
6.1e+06
6.1e+06
6.1e+06
6.1e+06
6.1e+06
6.1e+06
6.1e+06
6.1e+06
6.1e+06
6.1e+06
6.1e+06
6.1e+06
6.1e+06
6.1e+06
6.1e+06
4.00364e+06
4.00387e+06
4.21235e+06
4.08492e+06
4.10678e+06
4.00341e+06
4.00217e+06
4.16479e+06
4.04316e+06
4.078e+06
4.00083e+06
4.00148e+06
4.09254e+06
4.06211e+06
4.04818e+06
3.99826e+06
4.00019e+06
4.00665e+06
4.11018e+06
4.13483e+06
4.00215e+06
4.00201e+06
4.00102e+06
4.0089e+06
4.01803e+06
4.00333e+06
4.00302e+06
4.00147e+06
4.00505e+06
4.00308e+06
4.00258e+06
4.00215e+06
4.00191e+06
4.0046e+06
4.00401e+06
4.00156e+06
3.99951e+06
4.00127e+06
4.00239e+06
4.00317e+06
4.00125e+06
4.00355e+06
4.0177e+06
4.01185e+06
4.00469e+06
4.01034e+06
4.25359e+06
4.0635e+06
4.04362e+06
4.05363e+06
4.0039e+06
4.01072e+06
4.157e+06
4.05074e+06
4.05575e+06
4.00285e+06
4.00325e+06
4.01056e+06
4.10086e+06
4.06607e+06
4.00112e+06
4.00166e+06
4.00483e+06
4.02046e+06
4.02832e+06
4.00189e+06
4.00125e+06
4.00366e+06
4.00349e+06
4.01648e+06
4.00529e+06
4.0048e+06
4.00465e+06
4.00268e+06
4.00256e+06
4.0348e+06
4.0061e+06
4.00302e+06
4.00259e+06
4.00215e+06
4.05141e+06
4.00495e+06
4.00177e+06
4.00207e+06
4.00226e+06
4.01912e+06
4.01951e+06
4.0016e+06
4.00224e+06
4.00213e+06
4.00981e+06
4.00917e+06
4.00284e+06
4.00217e+06
4.00211e+06
4.00312e+06
4.00576e+06
4.00353e+06
4.0023e+06
4.00215e+06
4.00201e+06
4.00987e+06
4.00832e+06
4.00569e+06
4.00402e+06
4.00426e+06
4.06178e+06
4.08855e+06
4.15862e+06
4.03277e+06
4.02931e+06
5.33135e+06
5.18742e+06
5.17813e+06
5.29781e+06
4.82228e+06
5.14587e+06
5.28472e+06
5.29638e+06
5.34047e+06
5.38029e+06
5.33413e+06
5.42486e+06
5.42446e+06
5.43518e+06
5.97934e+06
5.79582e+06
5.81679e+06
5.77911e+06
5.7855e+06
6.20508e+06
5.89577e+06
6.03024e+06
5.98092e+06
5.99498e+06
5.21295e+06
4.22836e+06
6.01291e+06
6.0986e+06
6.17031e+06
5.43117e+06
5.54498e+06
6.48788e+06
6.52906e+06
6.52248e+06
6.82328e+06
5.75529e+06
6.76108e+06
6.89887e+06
6.8545e+06
8.81594e+06
6.17151e+06
7.04223e+06
7.25397e+06
7.16566e+06
1.16402e+07
6.91487e+06
7.30017e+06
7.54172e+06
7.41534e+06
1.1949e+07
7.08147e+06
7.42757e+06
7.70333e+06
7.56794e+06
9.14288e+06
6.57762e+06
7.4431e+06
7.71235e+06
7.59999e+06
6.10048e+06
6.10044e+06
6.1004e+06
6.10037e+06
6.10034e+06
6.10031e+06
6.10028e+06
6.10026e+06
6.10023e+06
6.10021e+06
6.10019e+06
6.10017e+06
6.10016e+06
6.10014e+06
6.10013e+06
6.10011e+06
6.1001e+06
6.10009e+06
6.10008e+06
6.10007e+06
6.10007e+06
6.10006e+06
6.10006e+06
6.10005e+06
6.10005e+06
6.10005e+06
6.10004e+06
6.10004e+06
6.10004e+06
6.10047e+06
6.10044e+06
6.1004e+06
6.10037e+06
6.10034e+06
6.10031e+06
6.10028e+06
6.10026e+06
6.10023e+06
6.10021e+06
6.10019e+06
6.10017e+06
6.10015e+06
6.10014e+06
6.10013e+06
6.10011e+06
6.1001e+06
6.10009e+06
6.10008e+06
6.10007e+06
6.10007e+06
6.10006e+06
6.10006e+06
6.10005e+06
6.10005e+06
6.10005e+06
6.10004e+06
6.10004e+06
6.10004e+06
6.10047e+06
6.10043e+06
6.1004e+06
6.10037e+06
6.10033e+06
6.10031e+06
6.10028e+06
6.10025e+06
6.10023e+06
6.10021e+06
6.10019e+06
6.10017e+06
6.10015e+06
6.10014e+06
6.10012e+06
6.10011e+06
6.1001e+06
6.10009e+06
6.10008e+06
6.10007e+06
6.10007e+06
6.10006e+06
6.10006e+06
6.10005e+06
6.10005e+06
6.10004e+06
6.10004e+06
6.10004e+06
6.10004e+06
6.10047e+06
6.10043e+06
6.1004e+06
6.10036e+06
6.10033e+06
6.1003e+06
6.10028e+06
6.10025e+06
6.10023e+06
6.10021e+06
6.10019e+06
6.10017e+06
6.10015e+06
6.10014e+06
6.10012e+06
6.10011e+06
6.1001e+06
6.10009e+06
6.10008e+06
6.10007e+06
6.10007e+06
6.10006e+06
6.10006e+06
6.10005e+06
6.10005e+06
6.10004e+06
6.10004e+06
6.10004e+06
6.10004e+06
6.10046e+06
6.10043e+06
6.10039e+06
6.10036e+06
6.10033e+06
6.1003e+06
6.10027e+06
6.10025e+06
6.10023e+06
6.10021e+06
6.10019e+06
6.10017e+06
6.10015e+06
6.10014e+06
6.10012e+06
6.10011e+06
6.1001e+06
6.10009e+06
6.10008e+06
6.10007e+06
6.10007e+06
6.10006e+06
6.10005e+06
6.10005e+06
6.10005e+06
6.10004e+06
6.10004e+06
6.10004e+06
6.10004e+06
6.10046e+06
6.10042e+06
6.10039e+06
6.10036e+06
6.10033e+06
6.1003e+06
6.10027e+06
6.10025e+06
6.10023e+06
6.1002e+06
6.10018e+06
6.10017e+06
6.10015e+06
6.10014e+06
6.10012e+06
6.10011e+06
6.1001e+06
6.10009e+06
6.10008e+06
6.10007e+06
6.10007e+06
6.10006e+06
6.10005e+06
6.10005e+06
6.10005e+06
6.10004e+06
6.10004e+06
6.10004e+06
6.10004e+06
6.10045e+06
6.10042e+06
6.10038e+06
6.10035e+06
6.10032e+06
6.10029e+06
6.10027e+06
6.10024e+06
6.10022e+06
6.1002e+06
6.10018e+06
6.10017e+06
6.10015e+06
6.10013e+06
6.10012e+06
6.10011e+06
6.1001e+06
6.10009e+06
6.10008e+06
6.10007e+06
6.10006e+06
6.10006e+06
6.10005e+06
6.10005e+06
6.10005e+06
6.10004e+06
6.10004e+06
6.10004e+06
6.10004e+06
6.10044e+06
6.10041e+06
6.10038e+06
6.10035e+06
6.10032e+06
6.10029e+06
6.10026e+06
6.10024e+06
6.10022e+06
6.1002e+06
6.10018e+06
6.10016e+06
6.10015e+06
6.10013e+06
6.10012e+06
6.10011e+06
6.1001e+06
6.10009e+06
6.10008e+06
6.10007e+06
6.10006e+06
6.10006e+06
6.10005e+06
6.10005e+06
6.10005e+06
6.10004e+06
6.10004e+06
6.10004e+06
6.10004e+06
6.10043e+06
6.1004e+06
6.10037e+06
6.10034e+06
6.10031e+06
6.10029e+06
6.10026e+06
6.10024e+06
6.10022e+06
6.1002e+06
6.10018e+06
6.10016e+06
6.10015e+06
6.10013e+06
6.10012e+06
6.10011e+06
6.1001e+06
6.10009e+06
6.10008e+06
6.10007e+06
6.10006e+06
6.10006e+06
6.10005e+06
6.10005e+06
6.10005e+06
6.10004e+06
6.10004e+06
6.10004e+06
6.10004e+06
6.10042e+06
6.10039e+06
6.10036e+06
6.10033e+06
6.10031e+06
6.10028e+06
6.10026e+06
6.10023e+06
6.10021e+06
6.10019e+06
6.10017e+06
6.10016e+06
6.10014e+06
6.10013e+06
6.10012e+06
6.1001e+06
6.10009e+06
6.10008e+06
6.10008e+06
6.10007e+06
6.10006e+06
6.10006e+06
6.10005e+06
6.10005e+06
6.10004e+06
6.10004e+06
6.10004e+06
6.10004e+06
6.10004e+06
6.10041e+06
6.10038e+06
6.10035e+06
6.10033e+06
6.1003e+06
6.10027e+06
6.10025e+06
6.10023e+06
6.10021e+06
6.10019e+06
6.10017e+06
6.10016e+06
6.10014e+06
6.10013e+06
6.10011e+06
6.1001e+06
6.10009e+06
6.10008e+06
6.10007e+06
6.10007e+06
6.10006e+06
6.10006e+06
6.10005e+06
6.10005e+06
6.10004e+06
6.10004e+06
6.10004e+06
6.10004e+06
6.10004e+06
6.1004e+06
6.10037e+06
6.10034e+06
6.10032e+06
6.10029e+06
6.10027e+06
6.10025e+06
6.10022e+06
6.1002e+06
6.10019e+06
6.10017e+06
6.10015e+06
6.10014e+06
6.10012e+06
6.10011e+06
6.1001e+06
6.10009e+06
6.10008e+06
6.10007e+06
6.10007e+06
6.10006e+06
6.10005e+06
6.10005e+06
6.10005e+06
6.10004e+06
6.10004e+06
6.10004e+06
6.10004e+06
6.10004e+06
6.10039e+06
6.10036e+06
6.10033e+06
6.10031e+06
6.10028e+06
6.10026e+06
6.10024e+06
6.10022e+06
6.1002e+06
6.10018e+06
6.10016e+06
6.10015e+06
6.10013e+06
6.10012e+06
6.10011e+06
6.1001e+06
6.10009e+06
6.10008e+06
6.10007e+06
6.10006e+06
6.10006e+06
6.10005e+06
6.10005e+06
6.10004e+06
6.10004e+06
6.10004e+06
6.10004e+06
6.10004e+06
6.10004e+06
6.10038e+06
6.10035e+06
6.10032e+06
6.1003e+06
6.10028e+06
6.10025e+06
6.10023e+06
6.10021e+06
6.10019e+06
6.10018e+06
6.10016e+06
6.10015e+06
6.10013e+06
6.10012e+06
6.10011e+06
6.1001e+06
6.10009e+06
6.10008e+06
6.10007e+06
6.10006e+06
6.10006e+06
6.10005e+06
6.10005e+06
6.10004e+06
6.10004e+06
6.10004e+06
6.10004e+06
6.10004e+06
6.10003e+06
6.10036e+06
6.10034e+06
6.10031e+06
6.10029e+06
6.10027e+06
6.10025e+06
6.10023e+06
6.10021e+06
6.10019e+06
6.10017e+06
6.10016e+06
6.10014e+06
6.10013e+06
6.10012e+06
6.1001e+06
6.10009e+06
6.10008e+06
6.10008e+06
6.10007e+06
6.10006e+06
6.10006e+06
6.10005e+06
6.10005e+06
6.10004e+06
6.10004e+06
6.10004e+06
6.10004e+06
6.10003e+06
6.10003e+06
6.10035e+06
6.10033e+06
6.1003e+06
6.10028e+06
6.10026e+06
6.10024e+06
6.10022e+06
6.1002e+06
6.10018e+06
6.10017e+06
6.10015e+06
6.10014e+06
6.10012e+06
6.10011e+06
6.1001e+06
6.10009e+06
6.10008e+06
6.10007e+06
6.10007e+06
6.10006e+06
6.10005e+06
6.10005e+06
6.10005e+06
6.10004e+06
6.10004e+06
6.10004e+06
6.10003e+06
6.10003e+06
6.10003e+06
6.10034e+06
6.10031e+06
6.10029e+06
6.10027e+06
6.10025e+06
6.10023e+06
6.10021e+06
6.10019e+06
6.10018e+06
6.10016e+06
6.10015e+06
6.10013e+06
6.10012e+06
6.10011e+06
6.1001e+06
6.10009e+06
6.10008e+06
6.10007e+06
6.10006e+06
6.10006e+06
6.10005e+06
6.10005e+06
6.10004e+06
6.10004e+06
6.10004e+06
6.10004e+06
6.10003e+06
6.10003e+06
6.10003e+06
6.10032e+06
6.1003e+06
6.10028e+06
6.10026e+06
6.10024e+06
6.10022e+06
6.1002e+06
6.10019e+06
6.10017e+06
6.10016e+06
6.10014e+06
6.10013e+06
6.10012e+06
6.10011e+06
6.1001e+06
6.10009e+06
6.10008e+06
6.10007e+06
6.10006e+06
6.10006e+06
6.10005e+06
6.10005e+06
6.10004e+06
6.10004e+06
6.10004e+06
6.10003e+06
6.10003e+06
6.10003e+06
6.10003e+06
6.10031e+06
6.10029e+06
6.10027e+06
6.10025e+06
6.10023e+06
6.10021e+06
6.1002e+06
6.10018e+06
6.10017e+06
6.10015e+06
6.10014e+06
6.10012e+06
6.10011e+06
6.1001e+06
6.10009e+06
6.10008e+06
6.10007e+06
6.10007e+06
6.10006e+06
6.10005e+06
6.10005e+06
6.10004e+06
6.10004e+06
6.10004e+06
6.10004e+06
6.10003e+06
6.10003e+06
6.10003e+06
6.10003e+06
6.10029e+06
6.10028e+06
6.10026e+06
6.10024e+06
6.10022e+06
6.1002e+06
6.10019e+06
6.10017e+06
6.10016e+06
6.10014e+06
6.10013e+06
6.10012e+06
6.10011e+06
6.1001e+06
6.10009e+06
6.10008e+06
6.10007e+06
6.10006e+06
6.10006e+06
6.10005e+06
6.10005e+06
6.10004e+06
6.10004e+06
6.10004e+06
6.10003e+06
6.10003e+06
6.10003e+06
6.10003e+06
6.10003e+06
6.10028e+06
6.10026e+06
6.10024e+06
6.10023e+06
6.10021e+06
6.1002e+06
6.10018e+06
6.10017e+06
6.10015e+06
6.10014e+06
6.10013e+06
6.10012e+06
6.1001e+06
6.10009e+06
6.10009e+06
6.10008e+06
6.10007e+06
6.10006e+06
6.10006e+06
6.10005e+06
6.10005e+06
6.10004e+06
6.10004e+06
6.10004e+06
6.10003e+06
6.10003e+06
6.10003e+06
6.10003e+06
6.10003e+06
6.10026e+06
6.10025e+06
6.10023e+06
6.10022e+06
6.1002e+06
6.10019e+06
6.10017e+06
6.10016e+06
6.10015e+06
6.10013e+06
6.10012e+06
6.10011e+06
6.1001e+06
6.10009e+06
6.10008e+06
6.10007e+06
6.10007e+06
6.10006e+06
6.10005e+06
6.10005e+06
6.10004e+06
6.10004e+06
6.10004e+06
6.10003e+06
6.10003e+06
6.10003e+06
6.10003e+06
6.10003e+06
6.10003e+06
6.10025e+06
6.10023e+06
6.10022e+06
6.1002e+06
6.10019e+06
6.10018e+06
6.10016e+06
6.10015e+06
6.10014e+06
6.10013e+06
6.10012e+06
6.1001e+06
6.1001e+06
6.10009e+06
6.10008e+06
6.10007e+06
6.10006e+06
6.10006e+06
6.10005e+06
6.10005e+06
6.10004e+06
6.10004e+06
6.10003e+06
6.10003e+06
6.10003e+06
6.10003e+06
6.10003e+06
6.10003e+06
6.10003e+06
6.10023e+06
6.10022e+06
6.10021e+06
6.10019e+06
6.10018e+06
6.10017e+06
6.10015e+06
6.10014e+06
6.10013e+06
6.10012e+06
6.10011e+06
6.1001e+06
6.10009e+06
6.10008e+06
6.10007e+06
6.10007e+06
6.10006e+06
6.10005e+06
6.10005e+06
6.10004e+06
6.10004e+06
6.10004e+06
6.10003e+06
6.10003e+06
6.10003e+06
6.10003e+06
6.10003e+06
6.10002e+06
6.10002e+06
6.10022e+06
6.10021e+06
6.10019e+06
6.10018e+06
6.10017e+06
6.10016e+06
6.10015e+06
6.10013e+06
6.10012e+06
6.10011e+06
6.1001e+06
6.10009e+06
6.10009e+06
6.10008e+06
6.10007e+06
6.10006e+06
6.10006e+06
6.10005e+06
6.10005e+06
6.10004e+06
6.10004e+06
6.10003e+06
6.10003e+06
6.10003e+06
6.10003e+06
6.10003e+06
6.10002e+06
6.10002e+06
6.10002e+06
6.1002e+06
6.10019e+06
6.10018e+06
6.10017e+06
6.10016e+06
6.10015e+06
6.10014e+06
6.10013e+06
6.10012e+06
6.10011e+06
6.1001e+06
6.10009e+06
6.10008e+06
6.10007e+06
6.10007e+06
6.10006e+06
6.10005e+06
6.10005e+06
6.10004e+06
6.10004e+06
6.10004e+06
6.10003e+06
6.10003e+06
6.10003e+06
6.10003e+06
6.10002e+06
6.10002e+06
6.10002e+06
6.10002e+06
6.10019e+06
6.10018e+06
6.10017e+06
6.10016e+06
6.10015e+06
6.10014e+06
6.10013e+06
6.10012e+06
6.10011e+06
6.1001e+06
6.10009e+06
6.10008e+06
6.10008e+06
6.10007e+06
6.10006e+06
6.10006e+06
6.10005e+06
6.10005e+06
6.10004e+06
6.10004e+06
6.10003e+06
6.10003e+06
6.10003e+06
6.10003e+06
6.10002e+06
6.10002e+06
6.10002e+06
6.10002e+06
6.10002e+06
6.10018e+06
6.10017e+06
6.10016e+06
6.10015e+06
6.10014e+06
6.10013e+06
6.10012e+06
6.10011e+06
6.1001e+06
6.10009e+06
6.10008e+06
6.10008e+06
6.10007e+06
6.10006e+06
6.10006e+06
6.10005e+06
6.10005e+06
6.10004e+06
6.10004e+06
6.10003e+06
6.10003e+06
6.10003e+06
6.10003e+06
6.10002e+06
6.10002e+06
6.10002e+06
6.10002e+06
6.10002e+06
6.10002e+06
6.10016e+06
6.10015e+06
6.10014e+06
6.10013e+06
6.10013e+06
6.10012e+06
6.10011e+06
6.1001e+06
6.10009e+06
6.10009e+06
6.10008e+06
6.10007e+06
6.10006e+06
6.10006e+06
6.10005e+06
6.10005e+06
6.10004e+06
6.10004e+06
6.10004e+06
6.10003e+06
6.10003e+06
6.10003e+06
6.10002e+06
6.10002e+06
6.10002e+06
6.10002e+06
6.10002e+06
6.10002e+06
6.10002e+06
6.10015e+06
6.10014e+06
6.10013e+06
6.10012e+06
6.10012e+06
6.10011e+06
6.1001e+06
6.10009e+06
6.10009e+06
6.10008e+06
6.10007e+06
6.10007e+06
6.10006e+06
6.10005e+06
6.10005e+06
6.10004e+06
6.10004e+06
6.10004e+06
6.10003e+06
6.10003e+06
6.10003e+06
6.10002e+06
6.10002e+06
6.10002e+06
6.10002e+06
6.10002e+06
6.10002e+06
6.10002e+06
6.10002e+06
6.10013e+06
6.10013e+06
6.10012e+06
6.10011e+06
6.1001e+06
6.1001e+06
6.10009e+06
6.10008e+06
6.10008e+06
6.10007e+06
6.10006e+06
6.10006e+06
6.10005e+06
6.10005e+06
6.10004e+06
6.10004e+06
6.10004e+06
6.10003e+06
6.10003e+06
6.10003e+06
6.10002e+06
6.10002e+06
6.10002e+06
6.10002e+06
6.10002e+06
6.10002e+06
6.10002e+06
6.10001e+06
6.10001e+06
6.10012e+06
6.10011e+06
6.10011e+06
6.1001e+06
6.10009e+06
6.10009e+06
6.10008e+06
6.10007e+06
6.10007e+06
6.10006e+06
6.10006e+06
6.10005e+06
6.10005e+06
6.10004e+06
6.10004e+06
6.10004e+06
6.10003e+06
6.10003e+06
6.10003e+06
6.10002e+06
6.10002e+06
6.10002e+06
6.10002e+06
6.10002e+06
6.10002e+06
6.10001e+06
6.10001e+06
6.10001e+06
6.10001e+06
6.1001e+06
6.1001e+06
6.10009e+06
6.10009e+06
6.10008e+06
6.10008e+06
6.10007e+06
6.10007e+06
6.10006e+06
6.10006e+06
6.10005e+06
6.10005e+06
6.10004e+06
6.10004e+06
6.10004e+06
6.10003e+06
6.10003e+06
6.10003e+06
6.10002e+06
6.10002e+06
6.10002e+06
6.10002e+06
6.10002e+06
6.10001e+06
6.10001e+06
6.10001e+06
6.10001e+06
6.10001e+06
6.10001e+06
6.10009e+06
6.10009e+06
6.10008e+06
6.10008e+06
6.10007e+06
6.10007e+06
6.10006e+06
6.10006e+06
6.10005e+06
6.10005e+06
6.10004e+06
6.10004e+06
6.10004e+06
6.10003e+06
6.10003e+06
6.10003e+06
6.10002e+06
6.10002e+06
6.10002e+06
6.10002e+06
6.10002e+06
6.10001e+06
6.10001e+06
6.10001e+06
6.10001e+06
6.10001e+06
6.10001e+06
6.10001e+06
6.10001e+06
6.10008e+06
6.10007e+06
6.10007e+06
6.10006e+06
6.10006e+06
6.10006e+06
6.10005e+06
6.10005e+06
6.10004e+06
6.10004e+06
6.10004e+06
6.10003e+06
6.10003e+06
6.10003e+06
6.10003e+06
6.10002e+06
6.10002e+06
6.10002e+06
6.10002e+06
6.10002e+06
6.10001e+06
6.10001e+06
6.10001e+06
6.10001e+06
6.10001e+06
6.10001e+06
6.10001e+06
6.10001e+06
6.10001e+06
6.10006e+06
6.10006e+06
6.10006e+06
6.10005e+06
6.10005e+06
6.10005e+06
6.10004e+06
6.10004e+06
6.10004e+06
6.10003e+06
6.10003e+06
6.10003e+06
6.10003e+06
6.10002e+06
6.10002e+06
6.10002e+06
6.10002e+06
6.10002e+06
6.10001e+06
6.10001e+06
6.10001e+06
6.10001e+06
6.10001e+06
6.10001e+06
6.10001e+06
6.10001e+06
6.10001e+06
6.10001e+06
6.10001e+06
6.10005e+06
6.10005e+06
6.10004e+06
6.10004e+06
6.10004e+06
6.10004e+06
6.10003e+06
6.10003e+06
6.10003e+06
6.10003e+06
6.10002e+06
6.10002e+06
6.10002e+06
6.10002e+06
6.10002e+06
6.10001e+06
6.10001e+06
6.10001e+06
6.10001e+06
6.10001e+06
6.10001e+06
6.10001e+06
6.10001e+06
6.10001e+06
6.10001e+06
6.10001e+06
6.10001e+06
6.10001e+06
6.10001e+06
6.10003e+06
6.10003e+06
6.10003e+06
6.10003e+06
6.10003e+06
6.10003e+06
6.10002e+06
6.10002e+06
6.10002e+06
6.10002e+06
6.10002e+06
6.10002e+06
6.10001e+06
6.10001e+06
6.10001e+06
6.10001e+06
6.10001e+06
6.10001e+06
6.10001e+06
6.10001e+06
6.10001e+06
6.10001e+06
6.10001e+06
6.1e+06
6.1e+06
6.1e+06
6.1e+06
6.1e+06
6.1e+06
6.10002e+06
6.10002e+06
6.10002e+06
6.10002e+06
6.10002e+06
6.10002e+06
6.10001e+06
6.10001e+06
6.10001e+06
6.10001e+06
6.10001e+06
6.10001e+06
6.10001e+06
6.10001e+06
6.10001e+06
6.10001e+06
6.10001e+06
6.10001e+06
6.1e+06
6.1e+06
6.1e+06
6.1e+06
6.1e+06
6.1e+06
6.1e+06
6.1e+06
6.1e+06
6.1e+06
6.1e+06
6.10001e+06
6.10001e+06
6.10001e+06
6.10001e+06
6.10001e+06
6.10001e+06
6.1e+06
6.1e+06
6.1e+06
6.1e+06
6.1e+06
6.1e+06
6.1e+06
6.1e+06
6.1e+06
6.1e+06
6.1e+06
6.1e+06
6.1e+06
6.1e+06
6.1e+06
6.1e+06
6.1e+06
6.1e+06
6.1e+06
6.1e+06
6.1e+06
6.1e+06
6.1e+06
)
;

boundaryField
{
    inlet
    {
        type            fixedValue;
        value           uniform 6.1e+06;
    }
    outlet
    {
        type            fixedValue;
        value           nonuniform List<scalar> 0();
    }
    walls
    {
        type            fixedFluxPressure;
        gradient        uniform 0;
        value           nonuniform List<scalar> 
206
(
4.10678e+06
4.078e+06
4.04818e+06
4.13484e+06
4.01803e+06
4.00308e+06
4.00401e+06
4.00317e+06
4.00469e+06
4.05363e+06
4.05575e+06
4.06607e+06
4.02832e+06
4.01648e+06
4.00256e+06
4.00215e+06
4.00226e+06
4.00213e+06
4.00211e+06
4.00215e+06
4.00402e+06
4.03277e+06
5.29781e+06
5.34047e+06
5.43518e+06
5.7855e+06
5.99498e+06
6.17031e+06
6.52248e+06
6.8545e+06
7.16566e+06
7.41534e+06
7.56794e+06
7.59999e+06
4.10678e+06
4.078e+06
4.04818e+06
4.13483e+06
4.01803e+06
4.00308e+06
4.00401e+06
4.00317e+06
4.00469e+06
4.05363e+06
4.05575e+06
4.06607e+06
4.02832e+06
4.01648e+06
4.00256e+06
4.00215e+06
4.00226e+06
4.00213e+06
4.00211e+06
4.00215e+06
4.00402e+06
4.03277e+06
5.29781e+06
5.34047e+06
5.43518e+06
5.7855e+06
5.99498e+06
6.17031e+06
6.52248e+06
6.8545e+06
7.16566e+06
7.41534e+06
7.56794e+06
7.59999e+06
6.10004e+06
6.10004e+06
6.10004e+06
6.10004e+06
6.10004e+06
6.10004e+06
6.10004e+06
6.10004e+06
6.10004e+06
6.10004e+06
6.10004e+06
6.10004e+06
6.10004e+06
6.10003e+06
6.10003e+06
6.10003e+06
6.10003e+06
6.10003e+06
6.10003e+06
6.10003e+06
6.10003e+06
6.10003e+06
6.10003e+06
6.10002e+06
6.10002e+06
6.10002e+06
6.10002e+06
6.10002e+06
6.10002e+06
6.10002e+06
6.10001e+06
6.10001e+06
6.10001e+06
6.10001e+06
6.10001e+06
6.10001e+06
6.10001e+06
6.1e+06
6.1e+06
6.1e+06
6.10004e+06
6.10004e+06
6.10004e+06
6.10004e+06
6.10004e+06
6.10004e+06
6.10004e+06
6.10004e+06
6.10004e+06
6.10004e+06
6.10004e+06
6.10004e+06
6.10004e+06
6.10003e+06
6.10003e+06
6.10003e+06
6.10003e+06
6.10003e+06
6.10003e+06
6.10003e+06
6.10003e+06
6.10003e+06
6.10003e+06
6.10002e+06
6.10002e+06
6.10002e+06
6.10002e+06
6.10002e+06
6.10002e+06
6.10002e+06
6.10001e+06
6.10001e+06
6.10001e+06
6.10001e+06
6.10001e+06
6.10001e+06
6.10001e+06
6.1e+06
6.1e+06
6.1e+06
6.10048e+06
6.10044e+06
6.1004e+06
6.10037e+06
6.10034e+06
6.10031e+06
6.10028e+06
6.10026e+06
6.10023e+06
6.10021e+06
6.10019e+06
6.10017e+06
6.10016e+06
6.10014e+06
6.10013e+06
6.10011e+06
6.1001e+06
6.10009e+06
6.10008e+06
6.10007e+06
6.10007e+06
6.10006e+06
6.10006e+06
6.10005e+06
6.10005e+06
6.10005e+06
6.10004e+06
6.10004e+06
6.10004e+06
6.10048e+06
6.10044e+06
6.1004e+06
6.10037e+06
6.10034e+06
6.10031e+06
6.10028e+06
6.10026e+06
6.10023e+06
6.10021e+06
6.10019e+06
6.10017e+06
6.10016e+06
6.10014e+06
6.10013e+06
6.10011e+06
6.1001e+06
6.10009e+06
6.10008e+06
6.10007e+06
6.10007e+06
6.10006e+06
6.10006e+06
6.10005e+06
6.10005e+06
6.10005e+06
6.10004e+06
6.10004e+06
6.10004e+06
)
;
    }
    side1
    {
        type            cyclic;
    }
    side2
    {
        type            cyclic;
    }
    procBoundary4to3
    {
        type            processor;
        value           nonuniform List<scalar> 10(4.0032e+06 4.0026e+06 4.02852e+06 4.0111e+06 4.03504e+06 4.00321e+06 4.00261e+06 4.02852e+06 4.01109e+06 4.03504e+06);
    }
    procBoundary4to5
    {
        type            processor;
        value           nonuniform List<scalar> 
90
(
5.24522e+06
6.34304e+06
7.49274e+06
7.61002e+06
7.54781e+06
6.10052e+06
6.10051e+06
6.10051e+06
6.10051e+06
6.1005e+06
6.10049e+06
6.10049e+06
6.10048e+06
6.10047e+06
6.10046e+06
6.10044e+06
6.10043e+06
6.10042e+06
6.1004e+06
6.10039e+06
6.10038e+06
6.10036e+06
6.10034e+06
6.10033e+06
6.10031e+06
6.1003e+06
6.10028e+06
6.10026e+06
6.10025e+06
6.10023e+06
6.10022e+06
6.1002e+06
6.10019e+06
6.10017e+06
6.10015e+06
6.10014e+06
6.10012e+06
6.10011e+06
6.10009e+06
6.10008e+06
6.10007e+06
6.10005e+06
6.10004e+06
6.10002e+06
6.10001e+06
5.24523e+06
6.34304e+06
7.49275e+06
7.61002e+06
7.54781e+06
6.10052e+06
6.10051e+06
6.10051e+06
6.10051e+06
6.1005e+06
6.10049e+06
6.10049e+06
6.10048e+06
6.10047e+06
6.10046e+06
6.10044e+06
6.10043e+06
6.10042e+06
6.1004e+06
6.10039e+06
6.10038e+06
6.10036e+06
6.10034e+06
6.10033e+06
6.10031e+06
6.1003e+06
6.10028e+06
6.10026e+06
6.10025e+06
6.10023e+06
6.10022e+06
6.1002e+06
6.10019e+06
6.10017e+06
6.10015e+06
6.10014e+06
6.10012e+06
6.10011e+06
6.10009e+06
6.10008e+06
6.10007e+06
6.10005e+06
6.10004e+06
6.10002e+06
6.10001e+06
)
;
    }
}


// ************************************************************************* //
