/*--------------------------------*- C++ -*----------------------------------*\
| =========                 |                                                 |
| \\      /  F ield         | OpenFOAM: The Open Source CFD Toolbox           |
|  \\    /   O peration     | Version:  v2012                                 |
|   \\  /    A nd           | Website:  www.openfoam.com                      |
|    \\/     M anipulation  |                                                 |
\*---------------------------------------------------------------------------*/
FoamFile
{
    version     2.0;
    format      ascii;
    class       volScalarField;
    location    "0.3";
    object      p;
}
// * * * * * * * * * * * * * * * * * * * * * * * * * * * * * * * * * * * * * //

dimensions      [1 -1 -2 0 0 0 0];


internalField   nonuniform List<scalar> 
2660
(
3.99875e+06
3.99944e+06
4.00066e+06
4.00101e+06
4.00286e+06
4.17304e+06
4.03344e+06
4.00082e+06
4.00714e+06
4.00335e+06
4.005e+06
4.19309e+06
4.01954e+06
4.00303e+06
4.01198e+06
4.00323e+06
4.00544e+06
4.06053e+06
4.00401e+06
4.05552e+06
4.00762e+06
4.00309e+06
4.23287e+06
4.04069e+06
4.11466e+06
3.99889e+06
3.99982e+06
4.20481e+06
4.07662e+06
4.17044e+06
4.50896e+06
4.1794e+06
4.1971e+06
4.14426e+06
4.15324e+06
4.1001e+06
4.00422e+06
4.10388e+06
4.06964e+06
4.08765e+06
4.40762e+06
4.28183e+06
4.19324e+06
4.20238e+06
4.16431e+06
4.01124e+06
4.00427e+06
4.04236e+06
4.00485e+06
4.03926e+06
4.2896e+06
4.00346e+06
4.03223e+06
4.00205e+06
4.00405e+06
4.00502e+06
4.00377e+06
4.00858e+06
4.00282e+06
4.00236e+06
3.99793e+06
4.00056e+06
4.00646e+06
4.00174e+06
4.00229e+06
3.99948e+06
4.00319e+06
4.00654e+06
4.00043e+06
4.002e+06
4.00621e+06
4.00377e+06
4.00517e+06
4.0012e+06
4.00119e+06
4.00148e+06
4.00301e+06
4.00349e+06
4.00203e+06
4.0013e+06
4.00179e+06
4.00243e+06
4.00258e+06
4.0019e+06
4.00159e+06
4.00894e+06
4.00301e+06
4.00328e+06
4.00178e+06
4.00208e+06
4.01283e+06
4.00317e+06
4.00347e+06
4.0024e+06
4.00932e+06
4.00817e+06
4.00257e+06
4.0032e+06
4.00226e+06
4.02775e+06
4.00488e+06
4.00165e+06
4.00254e+06
4.00204e+06
4.00717e+06
4.00373e+06
4.00117e+06
4.00204e+06
4.00205e+06
4.00336e+06
4.00306e+06
4.00168e+06
4.00222e+06
4.00188e+06
4.00457e+06
4.00239e+06
4.00219e+06
4.00227e+06
4.00264e+06
4.00511e+06
4.00181e+06
4.00118e+06
4.00117e+06
4.00376e+06
4.01015e+06
4.00059e+06
3.99948e+06
4.00031e+06
4.00278e+06
4.00272e+06
3.99951e+06
3.99932e+06
4.00118e+06
4.00219e+06
4.00122e+06
4.00021e+06
4.00173e+06
4.00224e+06
4.00191e+06
4.00201e+06
4.00248e+06
4.00256e+06
4.00176e+06
4.00264e+06
4.00218e+06
4.00081e+06
4.00138e+06
4.00138e+06
4.00221e+06
4.00252e+06
3.99842e+06
4.00047e+06
4.00145e+06
4.00157e+06
4.00383e+06
3.99709e+06
3.99995e+06
4.00139e+06
4.00144e+06
4.00228e+06
4.00082e+06
3.99964e+06
4.0014e+06
4.00103e+06
4.00165e+06
4.00347e+06
4.00132e+06
4.00217e+06
4.00091e+06
4.00074e+06
6.10148e+06
6.10132e+06
6.10118e+06
6.10105e+06
6.10093e+06
6.10082e+06
6.10072e+06
6.10063e+06
6.10054e+06
6.10046e+06
6.10039e+06
6.10032e+06
6.10025e+06
6.1002e+06
6.10015e+06
6.1001e+06
6.10006e+06
6.10002e+06
6.09998e+06
6.09995e+06
6.09992e+06
6.0999e+06
6.09988e+06
6.09986e+06
6.09985e+06
6.09983e+06
6.09983e+06
6.09982e+06
6.09982e+06
6.10147e+06
6.10132e+06
6.10118e+06
6.10105e+06
6.10093e+06
6.10082e+06
6.10072e+06
6.10062e+06
6.10054e+06
6.10046e+06
6.10038e+06
6.10031e+06
6.10025e+06
6.10019e+06
6.10014e+06
6.1001e+06
6.10005e+06
6.10001e+06
6.09998e+06
6.09995e+06
6.09992e+06
6.0999e+06
6.09988e+06
6.09986e+06
6.09984e+06
6.09983e+06
6.09982e+06
6.09982e+06
6.09981e+06
6.10146e+06
6.10131e+06
6.10117e+06
6.10104e+06
6.10092e+06
6.10081e+06
6.10071e+06
6.10062e+06
6.10053e+06
6.10045e+06
6.10038e+06
6.10031e+06
6.10025e+06
6.10019e+06
6.10014e+06
6.10009e+06
6.10005e+06
6.10001e+06
6.09998e+06
6.09995e+06
6.09992e+06
6.09989e+06
6.09987e+06
6.09986e+06
6.09984e+06
6.09983e+06
6.09982e+06
6.09981e+06
6.09981e+06
6.10144e+06
6.10129e+06
6.10115e+06
6.10103e+06
6.10091e+06
6.1008e+06
6.1007e+06
6.10061e+06
6.10052e+06
6.10044e+06
6.10037e+06
6.1003e+06
6.10024e+06
6.10019e+06
6.10013e+06
6.10009e+06
6.10005e+06
6.10001e+06
6.09997e+06
6.09994e+06
6.09992e+06
6.09989e+06
6.09987e+06
6.09985e+06
6.09984e+06
6.09983e+06
6.09982e+06
6.09981e+06
6.09981e+06
6.10142e+06
6.10127e+06
6.10114e+06
6.10101e+06
6.1009e+06
6.10079e+06
6.10069e+06
6.1006e+06
6.10051e+06
6.10044e+06
6.10036e+06
6.1003e+06
6.10024e+06
6.10018e+06
6.10013e+06
6.10008e+06
6.10004e+06
6.1e+06
6.09997e+06
6.09994e+06
6.09991e+06
6.09989e+06
6.09987e+06
6.09985e+06
6.09984e+06
6.09982e+06
6.09982e+06
6.09981e+06
6.09981e+06
6.10139e+06
6.10125e+06
6.10112e+06
6.101e+06
6.10088e+06
6.10078e+06
6.10068e+06
6.10059e+06
6.1005e+06
6.10043e+06
6.10036e+06
6.10029e+06
6.10023e+06
6.10017e+06
6.10012e+06
6.10008e+06
6.10004e+06
6.1e+06
6.09996e+06
6.09993e+06
6.09991e+06
6.09988e+06
6.09986e+06
6.09985e+06
6.09983e+06
6.09982e+06
6.09981e+06
6.09981e+06
6.0998e+06
6.10136e+06
6.10122e+06
6.1011e+06
6.10098e+06
6.10086e+06
6.10076e+06
6.10066e+06
6.10057e+06
6.10049e+06
6.10042e+06
6.10035e+06
6.10028e+06
6.10022e+06
6.10017e+06
6.10012e+06
6.10007e+06
6.10003e+06
6.09999e+06
6.09996e+06
6.09993e+06
6.0999e+06
6.09988e+06
6.09986e+06
6.09984e+06
6.09983e+06
6.09982e+06
6.09981e+06
6.0998e+06
6.0998e+06
6.10133e+06
6.1012e+06
6.10107e+06
6.10095e+06
6.10084e+06
6.10074e+06
6.10065e+06
6.10056e+06
6.10048e+06
6.1004e+06
6.10033e+06
6.10027e+06
6.10021e+06
6.10016e+06
6.10011e+06
6.10006e+06
6.10002e+06
6.09999e+06
6.09995e+06
6.09992e+06
6.0999e+06
6.09988e+06
6.09986e+06
6.09984e+06
6.09982e+06
6.09981e+06
6.0998e+06
6.0998e+06
6.0998e+06
6.10129e+06
6.10116e+06
6.10104e+06
6.10093e+06
6.10082e+06
6.10072e+06
6.10063e+06
6.10054e+06
6.10046e+06
6.10039e+06
6.10032e+06
6.10026e+06
6.1002e+06
6.10015e+06
6.1001e+06
6.10006e+06
6.10002e+06
6.09998e+06
6.09995e+06
6.09992e+06
6.09989e+06
6.09987e+06
6.09985e+06
6.09983e+06
6.09982e+06
6.09981e+06
6.0998e+06
6.09979e+06
6.09979e+06
6.10125e+06
6.10113e+06
6.10101e+06
6.1009e+06
6.1008e+06
6.1007e+06
6.10061e+06
6.10053e+06
6.10045e+06
6.10038e+06
6.10031e+06
6.10025e+06
6.10019e+06
6.10014e+06
6.10009e+06
6.10005e+06
6.10001e+06
6.09997e+06
6.09994e+06
6.09991e+06
6.09989e+06
6.09986e+06
6.09985e+06
6.09983e+06
6.09982e+06
6.0998e+06
6.0998e+06
6.09979e+06
6.09979e+06
6.10121e+06
6.10109e+06
6.10098e+06
6.10087e+06
6.10077e+06
6.10068e+06
6.10059e+06
6.10051e+06
6.10043e+06
6.10036e+06
6.1003e+06
6.10023e+06
6.10018e+06
6.10013e+06
6.10008e+06
6.10004e+06
6.1e+06
6.09997e+06
6.09993e+06
6.09991e+06
6.09988e+06
6.09986e+06
6.09984e+06
6.09982e+06
6.09981e+06
6.0998e+06
6.09979e+06
6.09979e+06
6.09978e+06
6.10117e+06
6.10105e+06
6.10094e+06
6.10084e+06
6.10074e+06
6.10065e+06
6.10057e+06
6.10049e+06
6.10041e+06
6.10034e+06
6.10028e+06
6.10022e+06
6.10017e+06
6.10012e+06
6.10007e+06
6.10003e+06
6.09999e+06
6.09996e+06
6.09993e+06
6.0999e+06
6.09987e+06
6.09985e+06
6.09983e+06
6.09982e+06
6.09981e+06
6.09979e+06
6.09979e+06
6.09978e+06
6.09978e+06
6.10112e+06
6.10101e+06
6.1009e+06
6.1008e+06
6.10071e+06
6.10062e+06
6.10054e+06
6.10046e+06
6.10039e+06
6.10033e+06
6.10026e+06
6.10021e+06
6.10015e+06
6.1001e+06
6.10006e+06
6.10002e+06
6.09998e+06
6.09995e+06
6.09992e+06
6.09989e+06
6.09987e+06
6.09985e+06
6.09983e+06
6.09981e+06
6.0998e+06
6.09979e+06
6.09978e+06
6.09978e+06
6.09977e+06
6.10107e+06
6.10096e+06
6.10086e+06
6.10077e+06
6.10068e+06
6.1006e+06
6.10052e+06
6.10044e+06
6.10037e+06
6.10031e+06
6.10025e+06
6.10019e+06
6.10014e+06
6.10009e+06
6.10005e+06
6.10001e+06
6.09997e+06
6.09994e+06
6.09991e+06
6.09988e+06
6.09986e+06
6.09984e+06
6.09982e+06
6.09981e+06
6.09979e+06
6.09978e+06
6.09978e+06
6.09977e+06
6.09977e+06
6.10102e+06
6.10092e+06
6.10082e+06
6.10073e+06
6.10065e+06
6.10057e+06
6.10049e+06
6.10042e+06
6.10035e+06
6.10029e+06
6.10023e+06
6.10017e+06
6.10012e+06
6.10008e+06
6.10004e+06
6.1e+06
6.09996e+06
6.09993e+06
6.0999e+06
6.09988e+06
6.09985e+06
6.09983e+06
6.09982e+06
6.0998e+06
6.09979e+06
6.09978e+06
6.09977e+06
6.09977e+06
6.09976e+06
6.10097e+06
6.10087e+06
6.10078e+06
6.10069e+06
6.10061e+06
6.10053e+06
6.10046e+06
6.10039e+06
6.10033e+06
6.10027e+06
6.10021e+06
6.10016e+06
6.10011e+06
6.10006e+06
6.10002e+06
6.09999e+06
6.09995e+06
6.09992e+06
6.09989e+06
6.09987e+06
6.09985e+06
6.09983e+06
6.09981e+06
6.09979e+06
6.09978e+06
6.09977e+06
6.09977e+06
6.09976e+06
6.09976e+06
6.10091e+06
6.10082e+06
6.10074e+06
6.10065e+06
6.10058e+06
6.1005e+06
6.10043e+06
6.10036e+06
6.1003e+06
6.10024e+06
6.10019e+06
6.10014e+06
6.10009e+06
6.10005e+06
6.10001e+06
6.09997e+06
6.09994e+06
6.09991e+06
6.09988e+06
6.09986e+06
6.09984e+06
6.09982e+06
6.0998e+06
6.09979e+06
6.09978e+06
6.09977e+06
6.09976e+06
6.09975e+06
6.09975e+06
6.10086e+06
6.10077e+06
6.10069e+06
6.10061e+06
6.10054e+06
6.10047e+06
6.1004e+06
6.10034e+06
6.10028e+06
6.10022e+06
6.10017e+06
6.10012e+06
6.10008e+06
6.10003e+06
6.1e+06
6.09996e+06
6.09993e+06
6.0999e+06
6.09987e+06
6.09985e+06
6.09983e+06
6.09981e+06
6.09979e+06
6.09978e+06
6.09977e+06
6.09976e+06
6.09975e+06
6.09975e+06
6.09975e+06
6.1008e+06
6.10072e+06
6.10064e+06
6.10057e+06
6.1005e+06
6.10043e+06
6.10037e+06
6.10031e+06
6.10025e+06
6.1002e+06
6.10015e+06
6.1001e+06
6.10006e+06
6.10002e+06
6.09998e+06
6.09995e+06
6.09992e+06
6.09989e+06
6.09986e+06
6.09984e+06
6.09982e+06
6.0998e+06
6.09979e+06
6.09977e+06
6.09976e+06
6.09975e+06
6.09975e+06
6.09974e+06
6.09974e+06
6.10074e+06
6.10067e+06
6.1006e+06
6.10053e+06
6.10046e+06
6.1004e+06
6.10034e+06
6.10028e+06
6.10022e+06
6.10017e+06
6.10013e+06
6.10008e+06
6.10004e+06
6.1e+06
6.09997e+06
6.09993e+06
6.0999e+06
6.09988e+06
6.09985e+06
6.09983e+06
6.09981e+06
6.09979e+06
6.09978e+06
6.09977e+06
6.09976e+06
6.09975e+06
6.09974e+06
6.09974e+06
6.09973e+06
6.10069e+06
6.10062e+06
6.10055e+06
6.10048e+06
6.10042e+06
6.10036e+06
6.1003e+06
6.10025e+06
6.1002e+06
6.10015e+06
6.1001e+06
6.10006e+06
6.10002e+06
6.09998e+06
6.09995e+06
6.09992e+06
6.09989e+06
6.09986e+06
6.09984e+06
6.09982e+06
6.0998e+06
6.09979e+06
6.09977e+06
6.09976e+06
6.09975e+06
6.09974e+06
6.09973e+06
6.09973e+06
6.09973e+06
6.10063e+06
6.10057e+06
6.1005e+06
6.10044e+06
6.10038e+06
6.10032e+06
6.10027e+06
6.10022e+06
6.10017e+06
6.10012e+06
6.10008e+06
6.10004e+06
6.1e+06
6.09997e+06
6.09993e+06
6.0999e+06
6.09988e+06
6.09985e+06
6.09983e+06
6.09981e+06
6.09979e+06
6.09978e+06
6.09976e+06
6.09975e+06
6.09974e+06
6.09973e+06
6.09973e+06
6.09972e+06
6.09972e+06
6.10057e+06
6.10051e+06
6.10045e+06
6.1004e+06
6.10034e+06
6.10029e+06
6.10024e+06
6.10019e+06
6.10014e+06
6.1001e+06
6.10006e+06
6.10002e+06
6.09998e+06
6.09995e+06
6.09992e+06
6.09989e+06
6.09986e+06
6.09984e+06
6.09982e+06
6.0998e+06
6.09978e+06
6.09977e+06
6.09975e+06
6.09974e+06
6.09973e+06
6.09973e+06
6.09972e+06
6.09972e+06
6.09971e+06
6.10051e+06
6.10046e+06
6.1004e+06
6.10035e+06
6.1003e+06
6.10025e+06
6.1002e+06
6.10015e+06
6.10011e+06
6.10007e+06
6.10003e+06
6.09999e+06
6.09996e+06
6.09993e+06
6.0999e+06
6.09987e+06
6.09985e+06
6.09983e+06
6.09981e+06
6.09979e+06
6.09977e+06
6.09976e+06
6.09975e+06
6.09973e+06
6.09973e+06
6.09972e+06
6.09971e+06
6.09971e+06
6.09971e+06
6.10046e+06
6.10041e+06
6.10035e+06
6.1003e+06
6.10026e+06
6.10021e+06
6.10017e+06
6.10012e+06
6.10008e+06
6.10004e+06
6.10001e+06
6.09997e+06
6.09994e+06
6.09991e+06
6.09988e+06
6.09986e+06
6.09983e+06
6.09981e+06
6.09979e+06
6.09978e+06
6.09976e+06
6.09975e+06
6.09974e+06
6.09973e+06
6.09972e+06
6.09971e+06
6.09971e+06
6.0997e+06
6.0997e+06
6.1004e+06
6.10035e+06
6.1003e+06
6.10026e+06
6.10021e+06
6.10017e+06
6.10013e+06
6.10009e+06
6.10005e+06
6.10002e+06
6.09998e+06
6.09995e+06
6.09992e+06
6.09989e+06
6.09986e+06
6.09984e+06
6.09982e+06
6.0998e+06
6.09978e+06
6.09977e+06
6.09975e+06
6.09974e+06
6.09973e+06
6.09972e+06
6.09971e+06
6.0997e+06
6.0997e+06
6.0997e+06
6.09969e+06
6.10034e+06
6.1003e+06
6.10025e+06
6.10021e+06
6.10017e+06
6.10013e+06
6.10009e+06
6.10006e+06
6.10002e+06
6.09999e+06
6.09996e+06
6.09993e+06
6.0999e+06
6.09987e+06
6.09985e+06
6.09982e+06
6.0998e+06
6.09979e+06
6.09977e+06
6.09975e+06
6.09974e+06
6.09973e+06
6.09972e+06
6.09971e+06
6.0997e+06
6.0997e+06
6.09969e+06
6.09969e+06
6.09969e+06
6.10028e+06
6.10024e+06
6.10021e+06
6.10017e+06
6.10013e+06
6.10009e+06
6.10006e+06
6.10002e+06
6.09999e+06
6.09996e+06
6.09993e+06
6.0999e+06
6.09988e+06
6.09985e+06
6.09983e+06
6.09981e+06
6.09979e+06
6.09977e+06
6.09976e+06
6.09974e+06
6.09973e+06
6.09972e+06
6.09971e+06
6.0997e+06
6.09969e+06
6.09969e+06
6.09968e+06
6.09968e+06
6.09968e+06
6.10023e+06
6.10019e+06
6.10016e+06
6.10012e+06
6.10009e+06
6.10005e+06
6.10002e+06
6.09999e+06
6.09996e+06
6.09993e+06
6.0999e+06
6.09988e+06
6.09985e+06
6.09983e+06
6.09981e+06
6.09979e+06
6.09977e+06
6.09976e+06
6.09974e+06
6.09973e+06
6.09972e+06
6.09971e+06
6.0997e+06
6.09969e+06
6.09969e+06
6.09968e+06
6.09968e+06
6.09967e+06
6.09967e+06
6.10017e+06
6.10014e+06
6.1001e+06
6.10007e+06
6.10004e+06
6.10001e+06
6.09998e+06
6.09995e+06
6.09993e+06
6.0999e+06
6.09988e+06
6.09985e+06
6.09983e+06
6.09981e+06
6.09979e+06
6.09977e+06
6.09976e+06
6.09974e+06
6.09973e+06
6.09972e+06
6.09971e+06
6.0997e+06
6.09969e+06
6.09968e+06
6.09968e+06
6.09967e+06
6.09967e+06
6.09967e+06
6.09966e+06
6.10011e+06
6.10008e+06
6.10005e+06
6.10003e+06
6.1e+06
6.09997e+06
6.09994e+06
6.09992e+06
6.09989e+06
6.09987e+06
6.09985e+06
6.09983e+06
6.09981e+06
6.09979e+06
6.09977e+06
6.09976e+06
6.09974e+06
6.09973e+06
6.09972e+06
6.09971e+06
6.0997e+06
6.09969e+06
6.09968e+06
6.09967e+06
6.09967e+06
6.09966e+06
6.09966e+06
6.09966e+06
6.09966e+06
6.10006e+06
6.10003e+06
6.1e+06
6.09998e+06
6.09995e+06
6.09993e+06
6.09991e+06
6.09988e+06
6.09986e+06
6.09984e+06
6.09982e+06
6.0998e+06
6.09978e+06
6.09977e+06
6.09975e+06
6.09974e+06
6.09972e+06
6.09971e+06
6.0997e+06
6.09969e+06
6.09968e+06
6.09968e+06
6.09967e+06
6.09966e+06
6.09966e+06
6.09966e+06
6.09965e+06
6.09965e+06
6.09965e+06
6.1e+06
6.09998e+06
6.09996e+06
6.09993e+06
6.09991e+06
6.09989e+06
6.09987e+06
6.09985e+06
6.09983e+06
6.09981e+06
6.09979e+06
6.09978e+06
6.09976e+06
6.09975e+06
6.09973e+06
6.09972e+06
6.09971e+06
6.0997e+06
6.09969e+06
6.09968e+06
6.09967e+06
6.09967e+06
6.09966e+06
6.09965e+06
6.09965e+06
6.09965e+06
6.09964e+06
6.09964e+06
6.09964e+06
6.09994e+06
6.09992e+06
6.09991e+06
6.09989e+06
6.09987e+06
6.09985e+06
6.09983e+06
6.09981e+06
6.0998e+06
6.09978e+06
6.09977e+06
6.09975e+06
6.09974e+06
6.09972e+06
6.09971e+06
6.0997e+06
6.09969e+06
6.09968e+06
6.09967e+06
6.09967e+06
6.09966e+06
6.09965e+06
6.09965e+06
6.09964e+06
6.09964e+06
6.09964e+06
6.09964e+06
6.09963e+06
6.09963e+06
6.09989e+06
6.09987e+06
6.09986e+06
6.09984e+06
6.09982e+06
6.09981e+06
6.09979e+06
6.09978e+06
6.09976e+06
6.09975e+06
6.09974e+06
6.09973e+06
6.09971e+06
6.0997e+06
6.09969e+06
6.09968e+06
6.09968e+06
6.09967e+06
6.09966e+06
6.09965e+06
6.09965e+06
6.09964e+06
6.09964e+06
6.09964e+06
6.09963e+06
6.09963e+06
6.09963e+06
6.09963e+06
6.09963e+06
6.09983e+06
6.09982e+06
6.09981e+06
6.09979e+06
6.09978e+06
6.09977e+06
6.09975e+06
6.09974e+06
6.09973e+06
6.09972e+06
6.09971e+06
6.0997e+06
6.09969e+06
6.09968e+06
6.09967e+06
6.09967e+06
6.09966e+06
6.09965e+06
6.09965e+06
6.09964e+06
6.09964e+06
6.09963e+06
6.09963e+06
6.09963e+06
6.09962e+06
6.09962e+06
6.09962e+06
6.09962e+06
6.09962e+06
6.09978e+06
6.09977e+06
6.09976e+06
6.09975e+06
6.09974e+06
6.09973e+06
6.09972e+06
6.09971e+06
6.0997e+06
6.09969e+06
6.09968e+06
6.09967e+06
6.09967e+06
6.09966e+06
6.09965e+06
6.09965e+06
6.09964e+06
6.09964e+06
6.09963e+06
6.09963e+06
6.09962e+06
6.09962e+06
6.09962e+06
6.09962e+06
6.09961e+06
6.09961e+06
6.09961e+06
6.09961e+06
6.09961e+06
6.09972e+06
6.09971e+06
6.09971e+06
6.0997e+06
6.09969e+06
6.09968e+06
6.09968e+06
6.09967e+06
6.09966e+06
6.09966e+06
6.09965e+06
6.09965e+06
6.09964e+06
6.09964e+06
6.09963e+06
6.09963e+06
6.09962e+06
6.09962e+06
6.09962e+06
6.09961e+06
6.09961e+06
6.09961e+06
6.09961e+06
6.09961e+06
6.0996e+06
6.0996e+06
6.0996e+06
6.0996e+06
6.0996e+06
6.09967e+06
6.09966e+06
6.09966e+06
6.09965e+06
6.09965e+06
6.09964e+06
6.09964e+06
6.09964e+06
6.09963e+06
6.09963e+06
6.09962e+06
6.09962e+06
6.09962e+06
6.09962e+06
6.09961e+06
6.09961e+06
6.09961e+06
6.09961e+06
6.0996e+06
6.0996e+06
6.0996e+06
6.0996e+06
6.0996e+06
6.0996e+06
6.0996e+06
6.09959e+06
6.09959e+06
6.09959e+06
6.09959e+06
6.09961e+06
6.09961e+06
6.09961e+06
6.09961e+06
6.0996e+06
6.0996e+06
6.0996e+06
6.0996e+06
6.0996e+06
6.0996e+06
6.0996e+06
6.09959e+06
6.09959e+06
6.09959e+06
6.09959e+06
6.09959e+06
6.09959e+06
6.09959e+06
6.09959e+06
6.09959e+06
6.09959e+06
6.09959e+06
6.09959e+06
6.09959e+06
6.09959e+06
6.09959e+06
6.09959e+06
6.09959e+06
6.09959e+06
3.99877e+06
3.99946e+06
4.00066e+06
4.00101e+06
4.00286e+06
4.17303e+06
4.03343e+06
4.00082e+06
4.00714e+06
4.00335e+06
4.005e+06
4.19308e+06
4.01953e+06
4.00303e+06
4.01198e+06
4.00324e+06
4.00544e+06
4.06053e+06
4.00401e+06
4.05552e+06
4.00756e+06
4.00306e+06
4.23287e+06
4.04069e+06
4.11466e+06
3.99889e+06
3.99982e+06
4.20481e+06
4.07662e+06
4.17044e+06
4.50891e+06
4.17937e+06
4.1971e+06
4.14426e+06
4.15324e+06
4.10006e+06
4.00421e+06
4.10388e+06
4.06964e+06
4.08765e+06
4.4076e+06
4.28181e+06
4.19324e+06
4.20238e+06
4.16431e+06
4.01124e+06
4.00427e+06
4.04236e+06
4.00485e+06
4.03926e+06
4.28963e+06
4.00347e+06
4.03223e+06
4.00205e+06
4.00405e+06
4.00505e+06
4.00379e+06
4.00859e+06
4.00282e+06
4.00236e+06
3.9979e+06
4.00055e+06
4.00646e+06
4.00174e+06
4.00229e+06
3.99946e+06
4.00319e+06
4.00654e+06
4.00043e+06
4.002e+06
4.00621e+06
4.00377e+06
4.00517e+06
4.0012e+06
4.00119e+06
4.00149e+06
4.00302e+06
4.00349e+06
4.00203e+06
4.0013e+06
4.0018e+06
4.00244e+06
4.00258e+06
4.0019e+06
4.00159e+06
4.00895e+06
4.00302e+06
4.00328e+06
4.00178e+06
4.00208e+06
4.01286e+06
4.00319e+06
4.00347e+06
4.0024e+06
4.00932e+06
4.0082e+06
4.00258e+06
4.0032e+06
4.00226e+06
4.02774e+06
4.00489e+06
4.00166e+06
4.00254e+06
4.00204e+06
4.00717e+06
4.00375e+06
4.00118e+06
4.00204e+06
4.00205e+06
4.00336e+06
4.00307e+06
4.00169e+06
4.00222e+06
4.00188e+06
4.00457e+06
4.0024e+06
4.00219e+06
4.00227e+06
4.00264e+06
4.00511e+06
4.00181e+06
4.00118e+06
4.00117e+06
4.00376e+06
4.01015e+06
4.00059e+06
3.99948e+06
4.00031e+06
4.00278e+06
4.00272e+06
3.99949e+06
3.99931e+06
4.00118e+06
4.00219e+06
4.00122e+06
4.00019e+06
4.00172e+06
4.00224e+06
4.00191e+06
4.00201e+06
4.00249e+06
4.00256e+06
4.00177e+06
4.00264e+06
4.00218e+06
4.00081e+06
4.00138e+06
4.00138e+06
4.00221e+06
4.00252e+06
3.99841e+06
4.00046e+06
4.00145e+06
4.00157e+06
4.00383e+06
3.99708e+06
3.99995e+06
4.00139e+06
4.00144e+06
4.00228e+06
4.00082e+06
3.99964e+06
4.0014e+06
4.00103e+06
4.00165e+06
4.00346e+06
4.00132e+06
4.00217e+06
4.00091e+06
4.00074e+06
6.10148e+06
6.10132e+06
6.10118e+06
6.10105e+06
6.10093e+06
6.10082e+06
6.10072e+06
6.10063e+06
6.10054e+06
6.10046e+06
6.10039e+06
6.10032e+06
6.10025e+06
6.1002e+06
6.10015e+06
6.1001e+06
6.10006e+06
6.10002e+06
6.09998e+06
6.09995e+06
6.09992e+06
6.0999e+06
6.09988e+06
6.09986e+06
6.09985e+06
6.09983e+06
6.09983e+06
6.09982e+06
6.09982e+06
6.10147e+06
6.10132e+06
6.10118e+06
6.10105e+06
6.10093e+06
6.10082e+06
6.10072e+06
6.10062e+06
6.10054e+06
6.10046e+06
6.10038e+06
6.10031e+06
6.10025e+06
6.10019e+06
6.10014e+06
6.1001e+06
6.10005e+06
6.10001e+06
6.09998e+06
6.09995e+06
6.09992e+06
6.0999e+06
6.09988e+06
6.09986e+06
6.09984e+06
6.09983e+06
6.09982e+06
6.09982e+06
6.09981e+06
6.10146e+06
6.10131e+06
6.10117e+06
6.10104e+06
6.10092e+06
6.10081e+06
6.10071e+06
6.10062e+06
6.10053e+06
6.10045e+06
6.10038e+06
6.10031e+06
6.10025e+06
6.10019e+06
6.10014e+06
6.10009e+06
6.10005e+06
6.10001e+06
6.09998e+06
6.09995e+06
6.09992e+06
6.09989e+06
6.09987e+06
6.09986e+06
6.09984e+06
6.09983e+06
6.09982e+06
6.09981e+06
6.09981e+06
6.10144e+06
6.10129e+06
6.10115e+06
6.10103e+06
6.10091e+06
6.1008e+06
6.1007e+06
6.10061e+06
6.10052e+06
6.10044e+06
6.10037e+06
6.1003e+06
6.10024e+06
6.10019e+06
6.10013e+06
6.10009e+06
6.10005e+06
6.10001e+06
6.09997e+06
6.09994e+06
6.09992e+06
6.09989e+06
6.09987e+06
6.09985e+06
6.09984e+06
6.09983e+06
6.09982e+06
6.09981e+06
6.09981e+06
6.10142e+06
6.10127e+06
6.10114e+06
6.10101e+06
6.1009e+06
6.10079e+06
6.10069e+06
6.1006e+06
6.10051e+06
6.10044e+06
6.10036e+06
6.1003e+06
6.10024e+06
6.10018e+06
6.10013e+06
6.10008e+06
6.10004e+06
6.1e+06
6.09997e+06
6.09994e+06
6.09991e+06
6.09989e+06
6.09987e+06
6.09985e+06
6.09984e+06
6.09982e+06
6.09982e+06
6.09981e+06
6.09981e+06
6.10139e+06
6.10125e+06
6.10112e+06
6.101e+06
6.10088e+06
6.10078e+06
6.10068e+06
6.10059e+06
6.1005e+06
6.10043e+06
6.10036e+06
6.10029e+06
6.10023e+06
6.10017e+06
6.10012e+06
6.10008e+06
6.10004e+06
6.1e+06
6.09996e+06
6.09993e+06
6.09991e+06
6.09988e+06
6.09986e+06
6.09985e+06
6.09983e+06
6.09982e+06
6.09981e+06
6.09981e+06
6.0998e+06
6.10136e+06
6.10122e+06
6.1011e+06
6.10098e+06
6.10086e+06
6.10076e+06
6.10066e+06
6.10057e+06
6.10049e+06
6.10042e+06
6.10035e+06
6.10028e+06
6.10022e+06
6.10017e+06
6.10012e+06
6.10007e+06
6.10003e+06
6.09999e+06
6.09996e+06
6.09993e+06
6.0999e+06
6.09988e+06
6.09986e+06
6.09984e+06
6.09983e+06
6.09982e+06
6.09981e+06
6.0998e+06
6.0998e+06
6.10133e+06
6.1012e+06
6.10107e+06
6.10095e+06
6.10084e+06
6.10074e+06
6.10065e+06
6.10056e+06
6.10048e+06
6.1004e+06
6.10033e+06
6.10027e+06
6.10021e+06
6.10016e+06
6.10011e+06
6.10006e+06
6.10002e+06
6.09999e+06
6.09995e+06
6.09992e+06
6.0999e+06
6.09988e+06
6.09986e+06
6.09984e+06
6.09982e+06
6.09981e+06
6.0998e+06
6.0998e+06
6.0998e+06
6.10129e+06
6.10116e+06
6.10104e+06
6.10093e+06
6.10082e+06
6.10072e+06
6.10063e+06
6.10054e+06
6.10046e+06
6.10039e+06
6.10032e+06
6.10026e+06
6.1002e+06
6.10015e+06
6.1001e+06
6.10006e+06
6.10002e+06
6.09998e+06
6.09995e+06
6.09992e+06
6.09989e+06
6.09987e+06
6.09985e+06
6.09983e+06
6.09982e+06
6.09981e+06
6.0998e+06
6.09979e+06
6.09979e+06
6.10125e+06
6.10113e+06
6.10101e+06
6.1009e+06
6.1008e+06
6.1007e+06
6.10061e+06
6.10053e+06
6.10045e+06
6.10038e+06
6.10031e+06
6.10025e+06
6.10019e+06
6.10014e+06
6.10009e+06
6.10005e+06
6.10001e+06
6.09997e+06
6.09994e+06
6.09991e+06
6.09989e+06
6.09986e+06
6.09985e+06
6.09983e+06
6.09982e+06
6.0998e+06
6.0998e+06
6.09979e+06
6.09979e+06
6.10121e+06
6.10109e+06
6.10098e+06
6.10087e+06
6.10077e+06
6.10068e+06
6.10059e+06
6.10051e+06
6.10043e+06
6.10036e+06
6.1003e+06
6.10023e+06
6.10018e+06
6.10013e+06
6.10008e+06
6.10004e+06
6.1e+06
6.09997e+06
6.09993e+06
6.09991e+06
6.09988e+06
6.09986e+06
6.09984e+06
6.09982e+06
6.09981e+06
6.0998e+06
6.09979e+06
6.09979e+06
6.09978e+06
6.10117e+06
6.10105e+06
6.10094e+06
6.10084e+06
6.10074e+06
6.10065e+06
6.10057e+06
6.10049e+06
6.10041e+06
6.10034e+06
6.10028e+06
6.10022e+06
6.10017e+06
6.10012e+06
6.10007e+06
6.10003e+06
6.09999e+06
6.09996e+06
6.09993e+06
6.0999e+06
6.09987e+06
6.09985e+06
6.09983e+06
6.09982e+06
6.09981e+06
6.09979e+06
6.09979e+06
6.09978e+06
6.09978e+06
6.10112e+06
6.10101e+06
6.1009e+06
6.1008e+06
6.10071e+06
6.10062e+06
6.10054e+06
6.10046e+06
6.10039e+06
6.10033e+06
6.10026e+06
6.10021e+06
6.10015e+06
6.1001e+06
6.10006e+06
6.10002e+06
6.09998e+06
6.09995e+06
6.09992e+06
6.09989e+06
6.09987e+06
6.09985e+06
6.09983e+06
6.09981e+06
6.0998e+06
6.09979e+06
6.09978e+06
6.09978e+06
6.09977e+06
6.10107e+06
6.10096e+06
6.10086e+06
6.10077e+06
6.10068e+06
6.1006e+06
6.10052e+06
6.10044e+06
6.10037e+06
6.10031e+06
6.10025e+06
6.10019e+06
6.10014e+06
6.10009e+06
6.10005e+06
6.10001e+06
6.09997e+06
6.09994e+06
6.09991e+06
6.09988e+06
6.09986e+06
6.09984e+06
6.09982e+06
6.09981e+06
6.09979e+06
6.09978e+06
6.09978e+06
6.09977e+06
6.09977e+06
6.10102e+06
6.10092e+06
6.10082e+06
6.10073e+06
6.10065e+06
6.10057e+06
6.10049e+06
6.10042e+06
6.10035e+06
6.10029e+06
6.10023e+06
6.10017e+06
6.10012e+06
6.10008e+06
6.10004e+06
6.1e+06
6.09996e+06
6.09993e+06
6.0999e+06
6.09988e+06
6.09985e+06
6.09983e+06
6.09982e+06
6.0998e+06
6.09979e+06
6.09978e+06
6.09977e+06
6.09977e+06
6.09976e+06
6.10097e+06
6.10087e+06
6.10078e+06
6.10069e+06
6.10061e+06
6.10053e+06
6.10046e+06
6.10039e+06
6.10033e+06
6.10027e+06
6.10021e+06
6.10016e+06
6.10011e+06
6.10006e+06
6.10002e+06
6.09999e+06
6.09995e+06
6.09992e+06
6.09989e+06
6.09987e+06
6.09985e+06
6.09983e+06
6.09981e+06
6.09979e+06
6.09978e+06
6.09977e+06
6.09977e+06
6.09976e+06
6.09976e+06
6.10091e+06
6.10082e+06
6.10074e+06
6.10065e+06
6.10058e+06
6.1005e+06
6.10043e+06
6.10036e+06
6.1003e+06
6.10024e+06
6.10019e+06
6.10014e+06
6.10009e+06
6.10005e+06
6.10001e+06
6.09997e+06
6.09994e+06
6.09991e+06
6.09988e+06
6.09986e+06
6.09984e+06
6.09982e+06
6.0998e+06
6.09979e+06
6.09978e+06
6.09977e+06
6.09976e+06
6.09975e+06
6.09975e+06
6.10086e+06
6.10077e+06
6.10069e+06
6.10061e+06
6.10054e+06
6.10047e+06
6.1004e+06
6.10034e+06
6.10028e+06
6.10022e+06
6.10017e+06
6.10012e+06
6.10008e+06
6.10003e+06
6.1e+06
6.09996e+06
6.09993e+06
6.0999e+06
6.09987e+06
6.09985e+06
6.09983e+06
6.09981e+06
6.09979e+06
6.09978e+06
6.09977e+06
6.09976e+06
6.09975e+06
6.09975e+06
6.09975e+06
6.1008e+06
6.10072e+06
6.10064e+06
6.10057e+06
6.1005e+06
6.10043e+06
6.10037e+06
6.10031e+06
6.10025e+06
6.1002e+06
6.10015e+06
6.1001e+06
6.10006e+06
6.10002e+06
6.09998e+06
6.09995e+06
6.09992e+06
6.09989e+06
6.09986e+06
6.09984e+06
6.09982e+06
6.0998e+06
6.09979e+06
6.09977e+06
6.09976e+06
6.09975e+06
6.09975e+06
6.09974e+06
6.09974e+06
6.10074e+06
6.10067e+06
6.1006e+06
6.10053e+06
6.10046e+06
6.1004e+06
6.10034e+06
6.10028e+06
6.10022e+06
6.10017e+06
6.10013e+06
6.10008e+06
6.10004e+06
6.1e+06
6.09997e+06
6.09993e+06
6.0999e+06
6.09988e+06
6.09985e+06
6.09983e+06
6.09981e+06
6.09979e+06
6.09978e+06
6.09977e+06
6.09976e+06
6.09975e+06
6.09974e+06
6.09974e+06
6.09973e+06
6.10069e+06
6.10062e+06
6.10055e+06
6.10048e+06
6.10042e+06
6.10036e+06
6.1003e+06
6.10025e+06
6.1002e+06
6.10015e+06
6.1001e+06
6.10006e+06
6.10002e+06
6.09998e+06
6.09995e+06
6.09992e+06
6.09989e+06
6.09986e+06
6.09984e+06
6.09982e+06
6.0998e+06
6.09979e+06
6.09977e+06
6.09976e+06
6.09975e+06
6.09974e+06
6.09973e+06
6.09973e+06
6.09973e+06
6.10063e+06
6.10057e+06
6.1005e+06
6.10044e+06
6.10038e+06
6.10032e+06
6.10027e+06
6.10022e+06
6.10017e+06
6.10012e+06
6.10008e+06
6.10004e+06
6.1e+06
6.09997e+06
6.09993e+06
6.0999e+06
6.09988e+06
6.09985e+06
6.09983e+06
6.09981e+06
6.09979e+06
6.09978e+06
6.09976e+06
6.09975e+06
6.09974e+06
6.09973e+06
6.09973e+06
6.09972e+06
6.09972e+06
6.10057e+06
6.10051e+06
6.10045e+06
6.1004e+06
6.10034e+06
6.10029e+06
6.10024e+06
6.10019e+06
6.10014e+06
6.1001e+06
6.10006e+06
6.10002e+06
6.09998e+06
6.09995e+06
6.09992e+06
6.09989e+06
6.09986e+06
6.09984e+06
6.09982e+06
6.0998e+06
6.09978e+06
6.09977e+06
6.09975e+06
6.09974e+06
6.09973e+06
6.09973e+06
6.09972e+06
6.09972e+06
6.09971e+06
6.10051e+06
6.10046e+06
6.1004e+06
6.10035e+06
6.1003e+06
6.10025e+06
6.1002e+06
6.10015e+06
6.10011e+06
6.10007e+06
6.10003e+06
6.09999e+06
6.09996e+06
6.09993e+06
6.0999e+06
6.09987e+06
6.09985e+06
6.09983e+06
6.09981e+06
6.09979e+06
6.09977e+06
6.09976e+06
6.09975e+06
6.09973e+06
6.09973e+06
6.09972e+06
6.09971e+06
6.09971e+06
6.09971e+06
6.10046e+06
6.10041e+06
6.10035e+06
6.1003e+06
6.10026e+06
6.10021e+06
6.10017e+06
6.10012e+06
6.10008e+06
6.10004e+06
6.10001e+06
6.09997e+06
6.09994e+06
6.09991e+06
6.09988e+06
6.09986e+06
6.09983e+06
6.09981e+06
6.09979e+06
6.09978e+06
6.09976e+06
6.09975e+06
6.09974e+06
6.09973e+06
6.09972e+06
6.09971e+06
6.09971e+06
6.0997e+06
6.0997e+06
6.1004e+06
6.10035e+06
6.1003e+06
6.10026e+06
6.10021e+06
6.10017e+06
6.10013e+06
6.10009e+06
6.10005e+06
6.10002e+06
6.09998e+06
6.09995e+06
6.09992e+06
6.09989e+06
6.09986e+06
6.09984e+06
6.09982e+06
6.0998e+06
6.09978e+06
6.09977e+06
6.09975e+06
6.09974e+06
6.09973e+06
6.09972e+06
6.09971e+06
6.0997e+06
6.0997e+06
6.0997e+06
6.09969e+06
6.10034e+06
6.1003e+06
6.10025e+06
6.10021e+06
6.10017e+06
6.10013e+06
6.10009e+06
6.10006e+06
6.10002e+06
6.09999e+06
6.09996e+06
6.09993e+06
6.0999e+06
6.09987e+06
6.09985e+06
6.09982e+06
6.0998e+06
6.09979e+06
6.09977e+06
6.09975e+06
6.09974e+06
6.09973e+06
6.09972e+06
6.09971e+06
6.0997e+06
6.0997e+06
6.09969e+06
6.09969e+06
6.09969e+06
6.10028e+06
6.10024e+06
6.10021e+06
6.10017e+06
6.10013e+06
6.10009e+06
6.10006e+06
6.10002e+06
6.09999e+06
6.09996e+06
6.09993e+06
6.0999e+06
6.09988e+06
6.09985e+06
6.09983e+06
6.09981e+06
6.09979e+06
6.09977e+06
6.09976e+06
6.09974e+06
6.09973e+06
6.09972e+06
6.09971e+06
6.0997e+06
6.09969e+06
6.09969e+06
6.09968e+06
6.09968e+06
6.09968e+06
6.10023e+06
6.10019e+06
6.10016e+06
6.10012e+06
6.10009e+06
6.10005e+06
6.10002e+06
6.09999e+06
6.09996e+06
6.09993e+06
6.0999e+06
6.09988e+06
6.09985e+06
6.09983e+06
6.09981e+06
6.09979e+06
6.09977e+06
6.09976e+06
6.09974e+06
6.09973e+06
6.09972e+06
6.09971e+06
6.0997e+06
6.09969e+06
6.09969e+06
6.09968e+06
6.09968e+06
6.09967e+06
6.09967e+06
6.10017e+06
6.10014e+06
6.1001e+06
6.10007e+06
6.10004e+06
6.10001e+06
6.09998e+06
6.09995e+06
6.09993e+06
6.0999e+06
6.09988e+06
6.09985e+06
6.09983e+06
6.09981e+06
6.09979e+06
6.09977e+06
6.09976e+06
6.09974e+06
6.09973e+06
6.09972e+06
6.09971e+06
6.0997e+06
6.09969e+06
6.09968e+06
6.09968e+06
6.09967e+06
6.09967e+06
6.09967e+06
6.09966e+06
6.10011e+06
6.10008e+06
6.10005e+06
6.10003e+06
6.1e+06
6.09997e+06
6.09994e+06
6.09992e+06
6.09989e+06
6.09987e+06
6.09985e+06
6.09983e+06
6.09981e+06
6.09979e+06
6.09977e+06
6.09976e+06
6.09974e+06
6.09973e+06
6.09972e+06
6.09971e+06
6.0997e+06
6.09969e+06
6.09968e+06
6.09967e+06
6.09967e+06
6.09966e+06
6.09966e+06
6.09966e+06
6.09966e+06
6.10006e+06
6.10003e+06
6.1e+06
6.09998e+06
6.09995e+06
6.09993e+06
6.09991e+06
6.09988e+06
6.09986e+06
6.09984e+06
6.09982e+06
6.0998e+06
6.09978e+06
6.09977e+06
6.09975e+06
6.09974e+06
6.09972e+06
6.09971e+06
6.0997e+06
6.09969e+06
6.09968e+06
6.09968e+06
6.09967e+06
6.09966e+06
6.09966e+06
6.09966e+06
6.09965e+06
6.09965e+06
6.09965e+06
6.1e+06
6.09998e+06
6.09996e+06
6.09993e+06
6.09991e+06
6.09989e+06
6.09987e+06
6.09985e+06
6.09983e+06
6.09981e+06
6.09979e+06
6.09978e+06
6.09976e+06
6.09975e+06
6.09973e+06
6.09972e+06
6.09971e+06
6.0997e+06
6.09969e+06
6.09968e+06
6.09967e+06
6.09967e+06
6.09966e+06
6.09965e+06
6.09965e+06
6.09965e+06
6.09964e+06
6.09964e+06
6.09964e+06
6.09994e+06
6.09992e+06
6.09991e+06
6.09989e+06
6.09987e+06
6.09985e+06
6.09983e+06
6.09981e+06
6.0998e+06
6.09978e+06
6.09977e+06
6.09975e+06
6.09974e+06
6.09972e+06
6.09971e+06
6.0997e+06
6.09969e+06
6.09968e+06
6.09967e+06
6.09967e+06
6.09966e+06
6.09965e+06
6.09965e+06
6.09964e+06
6.09964e+06
6.09964e+06
6.09964e+06
6.09963e+06
6.09963e+06
6.09989e+06
6.09987e+06
6.09986e+06
6.09984e+06
6.09982e+06
6.09981e+06
6.09979e+06
6.09978e+06
6.09976e+06
6.09975e+06
6.09974e+06
6.09973e+06
6.09971e+06
6.0997e+06
6.09969e+06
6.09968e+06
6.09968e+06
6.09967e+06
6.09966e+06
6.09965e+06
6.09965e+06
6.09964e+06
6.09964e+06
6.09964e+06
6.09963e+06
6.09963e+06
6.09963e+06
6.09963e+06
6.09963e+06
6.09983e+06
6.09982e+06
6.09981e+06
6.09979e+06
6.09978e+06
6.09977e+06
6.09975e+06
6.09974e+06
6.09973e+06
6.09972e+06
6.09971e+06
6.0997e+06
6.09969e+06
6.09968e+06
6.09967e+06
6.09967e+06
6.09966e+06
6.09965e+06
6.09965e+06
6.09964e+06
6.09964e+06
6.09963e+06
6.09963e+06
6.09963e+06
6.09962e+06
6.09962e+06
6.09962e+06
6.09962e+06
6.09962e+06
6.09978e+06
6.09977e+06
6.09976e+06
6.09975e+06
6.09974e+06
6.09973e+06
6.09972e+06
6.09971e+06
6.0997e+06
6.09969e+06
6.09968e+06
6.09967e+06
6.09967e+06
6.09966e+06
6.09965e+06
6.09965e+06
6.09964e+06
6.09964e+06
6.09963e+06
6.09963e+06
6.09962e+06
6.09962e+06
6.09962e+06
6.09962e+06
6.09961e+06
6.09961e+06
6.09961e+06
6.09961e+06
6.09961e+06
6.09972e+06
6.09971e+06
6.09971e+06
6.0997e+06
6.09969e+06
6.09968e+06
6.09968e+06
6.09967e+06
6.09966e+06
6.09966e+06
6.09965e+06
6.09965e+06
6.09964e+06
6.09964e+06
6.09963e+06
6.09963e+06
6.09962e+06
6.09962e+06
6.09962e+06
6.09961e+06
6.09961e+06
6.09961e+06
6.09961e+06
6.09961e+06
6.0996e+06
6.0996e+06
6.0996e+06
6.0996e+06
6.0996e+06
6.09967e+06
6.09966e+06
6.09966e+06
6.09965e+06
6.09965e+06
6.09964e+06
6.09964e+06
6.09964e+06
6.09963e+06
6.09963e+06
6.09962e+06
6.09962e+06
6.09962e+06
6.09962e+06
6.09961e+06
6.09961e+06
6.09961e+06
6.09961e+06
6.0996e+06
6.0996e+06
6.0996e+06
6.0996e+06
6.0996e+06
6.0996e+06
6.0996e+06
6.09959e+06
6.09959e+06
6.09959e+06
6.09959e+06
6.09961e+06
6.09961e+06
6.09961e+06
6.09961e+06
6.0996e+06
6.0996e+06
6.0996e+06
6.0996e+06
6.0996e+06
6.0996e+06
6.0996e+06
6.09959e+06
6.09959e+06
6.09959e+06
6.09959e+06
6.09959e+06
6.09959e+06
6.09959e+06
6.09959e+06
6.09959e+06
6.09959e+06
6.09959e+06
6.09959e+06
6.09959e+06
6.09959e+06
6.09959e+06
6.09959e+06
6.09959e+06
6.09959e+06
)
;

boundaryField
{
    inlet
    {
        type            calculated;
        value           uniform 6.09958e+06;
    }
    outlet
    {
        type            calculated;
        value           nonuniform List<scalar> 0();
    }
    walls
    {
        type            calculated;
        value           nonuniform List<scalar> 
206
(
4.00286e+06
4.00335e+06
4.01198e+06
4.05552e+06
4.11466e+06
4.17044e+06
4.15324e+06
4.08765e+06
4.16431e+06
4.03926e+06
4.00405e+06
4.00236e+06
4.00229e+06
4.002e+06
4.00119e+06
4.0013e+06
4.00159e+06
4.00208e+06
4.00932e+06
4.02775e+06
4.00717e+06
4.00336e+06
4.00457e+06
4.00511e+06
4.01015e+06
4.00272e+06
4.00122e+06
4.00201e+06
4.00218e+06
4.00252e+06
4.00383e+06
4.00228e+06
4.00165e+06
4.00074e+06
4.00286e+06
4.00335e+06
4.01198e+06
4.05552e+06
4.11466e+06
4.17044e+06
4.15324e+06
4.08765e+06
4.16431e+06
4.03926e+06
4.00405e+06
4.00236e+06
4.00229e+06
4.002e+06
4.00119e+06
4.0013e+06
4.00159e+06
4.00208e+06
4.00932e+06
4.02774e+06
4.00717e+06
4.00336e+06
4.00457e+06
4.00511e+06
4.01015e+06
4.00272e+06
4.00122e+06
4.00201e+06
4.00218e+06
4.00252e+06
4.00383e+06
4.00228e+06
4.00165e+06
4.00074e+06
6.09982e+06
6.09981e+06
6.09981e+06
6.09981e+06
6.09981e+06
6.0998e+06
6.0998e+06
6.0998e+06
6.09979e+06
6.09979e+06
6.09978e+06
6.09978e+06
6.09977e+06
6.09977e+06
6.09976e+06
6.09976e+06
6.09975e+06
6.09975e+06
6.09974e+06
6.09973e+06
6.09973e+06
6.09972e+06
6.09971e+06
6.09971e+06
6.0997e+06
6.09969e+06
6.09969e+06
6.09968e+06
6.09967e+06
6.09966e+06
6.09966e+06
6.09965e+06
6.09964e+06
6.09963e+06
6.09963e+06
6.09962e+06
6.09961e+06
6.0996e+06
6.09959e+06
6.09959e+06
6.09982e+06
6.09981e+06
6.09981e+06
6.09981e+06
6.09981e+06
6.0998e+06
6.0998e+06
6.0998e+06
6.09979e+06
6.09979e+06
6.09978e+06
6.09978e+06
6.09977e+06
6.09977e+06
6.09976e+06
6.09976e+06
6.09975e+06
6.09975e+06
6.09974e+06
6.09973e+06
6.09973e+06
6.09972e+06
6.09971e+06
6.09971e+06
6.0997e+06
6.09969e+06
6.09969e+06
6.09968e+06
6.09967e+06
6.09966e+06
6.09966e+06
6.09965e+06
6.09964e+06
6.09963e+06
6.09963e+06
6.09962e+06
6.09961e+06
6.0996e+06
6.09959e+06
6.09959e+06
6.10148e+06
6.10133e+06
6.10119e+06
6.10106e+06
6.10094e+06
6.10083e+06
6.10072e+06
6.10063e+06
6.10054e+06
6.10046e+06
6.10039e+06
6.10032e+06
6.10026e+06
6.1002e+06
6.10015e+06
6.1001e+06
6.10006e+06
6.10002e+06
6.09998e+06
6.09995e+06
6.09993e+06
6.0999e+06
6.09988e+06
6.09986e+06
6.09985e+06
6.09984e+06
6.09983e+06
6.09982e+06
6.09982e+06
6.10148e+06
6.10133e+06
6.10119e+06
6.10106e+06
6.10094e+06
6.10083e+06
6.10072e+06
6.10063e+06
6.10054e+06
6.10046e+06
6.10039e+06
6.10032e+06
6.10026e+06
6.1002e+06
6.10015e+06
6.1001e+06
6.10006e+06
6.10002e+06
6.09998e+06
6.09995e+06
6.09993e+06
6.0999e+06
6.09988e+06
6.09986e+06
6.09985e+06
6.09984e+06
6.09983e+06
6.09982e+06
6.09982e+06
)
;
    }
    side1
    {
        type            cyclic;
    }
    side2
    {
        type            cyclic;
    }
    procBoundary4to3
    {
        type            processor;
        value           nonuniform List<scalar> 10(3.99966e+06 4.0021e+06 4.00485e+06 4.00143e+06 4.00166e+06 3.99963e+06 4.00208e+06 4.00484e+06 4.00143e+06 4.00166e+06);
    }
    procBoundary4to5
    {
        type            processor;
        value           nonuniform List<scalar> 
90
(
4.00135e+06
4.00567e+06
4.00303e+06
4.0017e+06
4.00085e+06
6.10164e+06
6.10163e+06
6.10162e+06
6.1016e+06
6.10157e+06
6.10154e+06
6.10151e+06
6.10147e+06
6.10143e+06
6.10139e+06
6.10134e+06
6.10129e+06
6.10124e+06
6.10118e+06
6.10112e+06
6.10106e+06
6.101e+06
6.10094e+06
6.10088e+06
6.10082e+06
6.10076e+06
6.1007e+06
6.10063e+06
6.10057e+06
6.10051e+06
6.10045e+06
6.10039e+06
6.10032e+06
6.10026e+06
6.1002e+06
6.10014e+06
6.10008e+06
6.10002e+06
6.09996e+06
6.0999e+06
6.09984e+06
6.09979e+06
6.09973e+06
6.09967e+06
6.09961e+06
4.00137e+06
4.00569e+06
4.00303e+06
4.0017e+06
4.00085e+06
6.10164e+06
6.10163e+06
6.10162e+06
6.1016e+06
6.10157e+06
6.10154e+06
6.10151e+06
6.10147e+06
6.10143e+06
6.10139e+06
6.10134e+06
6.10129e+06
6.10124e+06
6.10118e+06
6.10112e+06
6.10106e+06
6.101e+06
6.10094e+06
6.10088e+06
6.10082e+06
6.10076e+06
6.1007e+06
6.10063e+06
6.10057e+06
6.10051e+06
6.10045e+06
6.10039e+06
6.10032e+06
6.10026e+06
6.1002e+06
6.10014e+06
6.10008e+06
6.10002e+06
6.09996e+06
6.0999e+06
6.09984e+06
6.09979e+06
6.09973e+06
6.09967e+06
6.09961e+06
)
;
    }
}


// ************************************************************************* //
