/*--------------------------------*- C++ -*----------------------------------*\
| =========                 |                                                 |
| \\      /  F ield         | OpenFOAM: The Open Source CFD Toolbox           |
|  \\    /   O peration     | Version:  v2012                                 |
|   \\  /    A nd           | Website:  www.openfoam.com                      |
|    \\/     M anipulation  |                                                 |
\*---------------------------------------------------------------------------*/
FoamFile
{
    version     2.0;
    format      ascii;
    class       labelList;
    note        "nPoints:5247  nCells:3326  nFaces:11811  nInternalFaces:8145";
    location    "constant/polyMesh";
    object      neighbour;
}
// * * * * * * * * * * * * * * * * * * * * * * * * * * * * * * * * * * * * * //


8145
(
1
12
1663
2
13
1664
3
14
1665
4
15
1666
5
16
1667
6
17
1668
7
18
1669
8
19
1670
20
1671
10
54
1672
11
55
1673
12
56
1674
13
57
1675
14
58
1676
15
59
1677
16
60
1678
17
61
1679
18
62
1680
19
63
1681
20
64
1682
65
1683
22
66
1684
23
67
1685
24
68
1686
25
69
1687
26
70
1688
27
71
1689
28
72
1690
29
73
1691
30
74
1692
31
75
1693
32
76
1694
33
77
1695
34
78
1696
35
79
1697
36
80
1698
37
81
1699
38
82
1700
39
83
1701
40
84
1702
41
85
1703
42
86
1704
43
87
1705
44
88
1706
45
89
1707
46
90
1708
47
91
1709
48
92
1710
49
93
1711
50
94
1712
51
95
1713
52
96
1714
53
97
1715
54
98
1716
55
99
1717
56
100
1718
57
101
1719
58
102
1720
59
103
1721
60
104
1722
61
105
1723
62
106
1724
63
107
1725
64
108
1726
65
109
1727
110
1728
67
111
1729
68
112
1730
69
113
1731
70
114
1732
71
115
1733
72
116
1734
73
117
1735
74
118
1736
75
119
1737
76
120
1738
77
121
1739
78
122
1740
79
123
1741
80
124
1742
81
125
1743
82
126
1744
83
127
1745
84
128
1746
85
129
1747
86
130
1748
87
131
1749
88
132
1750
89
133
1751
90
134
1752
91
135
1753
92
136
1754
93
137
1755
94
138
1756
95
139
1757
96
140
1758
97
141
1759
98
142
1760
99
143
1761
100
144
1762
101
145
1763
102
146
1764
103
147
1765
104
148
1766
105
149
1767
106
150
1768
107
151
1769
108
152
1770
109
153
1771
110
154
1772
155
1773
112
156
1774
113
157
1775
114
158
1776
115
159
1777
116
160
1778
117
161
1779
118
162
1780
119
163
1781
120
164
1782
121
165
1783
122
166
1784
123
167
1785
124
168
1786
125
169
1787
126
170
1788
127
171
1789
128
172
1790
129
173
1791
130
174
1792
131
175
1793
132
176
1794
133
177
1795
134
178
1796
135
179
1797
136
180
1798
137
181
1799
138
182
1800
139
183
1801
140
184
1802
141
185
1803
142
186
1804
143
187
1805
144
188
1806
145
189
1807
146
190
1808
147
191
1809
148
192
1810
149
193
1811
150
194
1812
151
195
1813
152
196
1814
153
197
1815
154
198
1816
155
199
1817
200
1818
157
201
1819
158
202
1820
159
203
1821
160
204
1822
161
205
1823
162
206
1824
163
207
1825
164
208
1826
165
209
1827
166
210
1828
167
211
1829
168
212
1830
169
213
1831
170
214
1832
171
215
1833
172
216
1834
173
217
1835
174
218
1836
175
219
1837
176
220
1838
177
221
1839
178
222
1840
179
223
1841
180
224
1842
181
225
1843
182
226
1844
183
227
1845
184
228
1846
185
229
1847
186
230
1848
187
231
1849
188
232
1850
189
233
1851
190
234
1852
191
235
1853
192
236
1854
193
237
1855
194
238
1856
195
239
1857
196
240
1858
197
241
1859
198
242
1860
199
243
1861
200
244
1862
245
1863
202
246
1864
203
247
1865
204
248
1866
205
249
1867
206
250
1868
207
251
1869
208
252
1870
209
253
1871
210
254
1872
211
255
1873
212
256
1874
213
257
1875
214
258
1876
215
259
1877
216
260
1878
217
261
1879
218
262
1880
219
263
1881
220
264
1882
221
265
1883
222
266
1884
223
267
1885
224
268
1886
225
269
1887
226
270
1888
227
271
1889
228
272
1890
229
273
1891
230
274
1892
231
275
1893
232
276
1894
233
277
1895
234
278
1896
235
279
1897
236
280
1898
237
281
1899
238
282
1900
239
283
1901
240
284
1902
241
285
1903
242
286
1904
243
287
1905
244
288
1906
245
289
1907
290
1908
247
291
1909
248
292
1910
249
293
1911
250
294
1912
251
295
1913
252
296
1914
253
297
1915
254
298
1916
255
299
1917
256
300
1918
257
301
1919
258
302
1920
259
303
1921
260
304
1922
261
305
1923
262
306
1924
263
307
1925
264
308
1926
265
309
1927
266
310
1928
267
311
1929
268
312
1930
269
313
1931
270
314
1932
271
315
1933
272
316
1934
273
317
1935
274
318
1936
275
319
1937
276
320
1938
277
321
1939
278
322
1940
279
323
1941
280
324
1942
281
325
1943
282
326
1944
283
327
1945
284
328
1946
285
329
1947
286
330
1948
287
331
1949
288
332
1950
289
333
1951
290
334
1952
335
1953
292
336
1954
293
337
1955
294
338
1956
295
339
1957
296
340
1958
297
341
1959
298
342
1960
299
343
1961
300
344
1962
301
345
1963
302
346
1964
303
347
1965
304
348
1966
305
349
1967
306
350
1968
307
351
1969
308
352
1970
309
353
1971
310
354
1972
311
355
1973
312
356
1974
313
357
1975
314
358
1976
315
359
1977
316
360
1978
317
361
1979
318
362
1980
319
363
1981
320
364
1982
321
365
1983
322
366
1984
323
367
1985
324
368
1986
325
369
1987
326
370
1988
327
371
1989
328
372
1990
329
373
1991
330
374
1992
331
375
1993
332
376
1994
333
377
1995
334
378
1996
335
379
1997
380
1998
337
381
1999
338
382
2000
339
383
2001
340
384
2002
341
385
2003
342
386
2004
343
387
2005
344
388
2006
345
389
2007
346
390
2008
347
391
2009
348
392
2010
349
393
2011
350
394
2012
351
395
2013
352
396
2014
353
397
2015
354
398
2016
355
399
2017
356
400
2018
357
401
2019
358
402
2020
359
403
2021
360
404
2022
361
405
2023
362
406
2024
363
407
2025
364
408
2026
365
409
2027
366
410
2028
367
411
2029
368
412
2030
369
413
2031
370
414
2032
371
415
2033
372
416
2034
373
417
2035
374
418
2036
375
419
2037
376
420
2038
377
421
2039
378
422
2040
379
423
2041
380
424
2042
425
2043
382
426
2044
383
427
2045
384
428
2046
385
429
2047
386
430
2048
387
431
2049
388
432
2050
389
433
2051
390
434
2052
391
435
2053
392
436
2054
393
437
2055
394
438
2056
395
439
2057
396
440
2058
397
441
2059
398
442
2060
399
443
2061
400
444
2062
401
445
2063
402
446
2064
403
447
2065
404
448
2066
405
449
2067
406
450
2068
407
451
2069
408
452
2070
409
453
2071
410
454
2072
411
455
2073
412
456
2074
413
457
2075
414
458
2076
415
459
2077
416
460
2078
417
461
2079
418
462
2080
419
463
2081
420
464
2082
421
465
2083
422
466
2084
423
467
2085
424
468
2086
425
469
2087
470
2088
427
471
2089
428
472
2090
429
473
2091
430
474
2092
431
475
2093
432
476
2094
433
477
2095
434
478
2096
435
479
2097
436
480
2098
437
481
2099
438
482
2100
439
483
2101
440
484
2102
441
485
2103
442
486
2104
443
487
2105
444
488
2106
445
489
2107
446
490
2108
447
491
2109
448
492
2110
449
493
2111
450
494
2112
451
495
2113
452
496
2114
453
497
2115
454
498
2116
455
499
2117
456
500
2118
457
501
2119
458
502
2120
459
503
2121
460
504
2122
461
505
2123
462
506
2124
463
507
2125
464
508
2126
465
509
2127
466
510
2128
467
511
2129
468
512
2130
469
513
2131
470
514
2132
515
2133
472
516
2134
473
517
2135
474
518
2136
475
519
2137
476
520
2138
477
521
2139
478
522
2140
479
523
2141
480
524
2142
481
525
2143
482
526
2144
483
527
2145
484
528
2146
485
529
2147
486
530
2148
487
531
2149
488
532
2150
489
533
2151
490
534
2152
491
535
2153
492
536
2154
493
537
2155
494
538
2156
495
539
2157
496
540
2158
497
541
2159
498
542
2160
499
543
2161
500
544
2162
501
545
2163
502
546
2164
503
547
2165
504
548
2166
505
549
2167
506
550
2168
507
551
2169
508
552
2170
509
553
2171
510
554
2172
511
555
2173
512
556
2174
513
557
2175
514
558
2176
515
559
2177
560
2178
517
561
2179
518
562
2180
519
563
2181
520
564
2182
521
565
2183
522
566
2184
523
567
2185
524
568
2186
525
569
2187
526
570
2188
527
571
2189
528
572
2190
529
573
2191
530
574
2192
531
575
2193
532
576
2194
533
577
2195
534
578
2196
535
579
2197
536
580
2198
537
581
2199
538
582
2200
539
583
2201
540
584
2202
541
585
2203
542
586
2204
543
587
2205
544
588
2206
545
589
2207
546
590
2208
547
591
2209
548
592
2210
549
593
2211
550
594
2212
551
595
2213
552
596
2214
553
597
2215
554
598
2216
555
599
2217
556
600
2218
557
601
2219
558
602
2220
559
603
2221
560
604
2222
605
2223
562
606
2224
563
607
2225
564
608
2226
565
609
2227
566
610
2228
567
611
2229
568
612
2230
569
613
2231
570
614
2232
571
615
2233
572
616
2234
573
617
2235
574
618
2236
575
619
2237
576
620
2238
577
621
2239
578
622
2240
579
623
2241
580
624
2242
581
625
2243
582
626
2244
583
627
2245
584
628
2246
585
629
2247
586
630
2248
587
631
2249
588
632
2250
589
633
2251
590
634
2252
591
635
2253
592
636
2254
593
637
2255
594
638
2256
595
639
2257
596
640
2258
597
641
2259
598
642
2260
599
643
2261
600
644
2262
601
645
2263
602
646
2264
603
647
2265
604
648
2266
605
649
2267
650
2268
607
651
2269
608
652
2270
609
653
2271
610
654
2272
611
655
2273
612
656
2274
613
657
2275
614
658
2276
615
659
2277
616
660
2278
617
661
2279
618
662
2280
619
663
2281
620
664
2282
621
665
2283
622
666
2284
623
667
2285
624
668
2286
625
669
2287
626
670
2288
627
671
2289
628
672
2290
629
673
2291
630
674
2292
631
675
2293
632
676
2294
633
677
2295
634
678
2296
635
679
2297
636
680
2298
637
681
2299
638
682
2300
639
683
2301
640
684
2302
641
685
2303
642
686
2304
643
687
2305
644
688
2306
645
689
2307
646
690
2308
647
691
2309
648
692
2310
649
693
2311
650
694
2312
695
2313
652
696
2314
653
697
2315
654
698
2316
655
699
2317
656
700
2318
657
701
2319
658
702
2320
659
703
2321
660
704
2322
661
705
2323
662
706
2324
663
707
2325
664
708
2326
665
709
2327
666
710
2328
667
711
2329
668
712
2330
669
713
2331
670
714
2332
671
715
2333
672
716
2334
673
717
2335
674
718
2336
675
719
2337
676
720
2338
677
721
2339
678
722
2340
679
723
2341
680
724
2342
681
725
2343
682
726
2344
683
727
2345
684
728
2346
685
729
2347
686
730
2348
687
731
2349
688
732
2350
689
733
2351
690
734
2352
691
735
2353
692
736
2354
693
737
2355
694
738
2356
695
739
2357
740
2358
697
741
2359
698
742
2360
699
743
2361
700
744
2362
701
745
2363
702
746
2364
703
747
2365
704
748
2366
705
749
2367
706
750
2368
707
751
2369
708
752
2370
709
753
2371
710
754
2372
711
755
2373
712
756
2374
713
757
2375
714
758
2376
715
759
2377
716
760
2378
717
761
2379
718
762
2380
719
763
2381
720
764
2382
721
765
2383
722
766
2384
723
767
2385
724
768
2386
725
769
2387
726
770
2388
727
771
2389
728
772
2390
729
773
2391
730
774
2392
731
775
2393
732
776
2394
733
777
2395
734
778
2396
735
779
2397
736
780
2398
737
781
2399
738
782
2400
739
783
2401
740
784
2402
785
2403
742
786
2404
743
787
2405
744
788
2406
745
789
2407
746
790
2408
747
791
2409
748
792
2410
749
793
2411
750
794
2412
751
795
2413
752
796
2414
753
797
2415
754
798
2416
755
799
2417
756
800
2418
757
801
2419
758
802
2420
759
803
2421
760
804
2422
761
805
2423
762
806
2424
763
807
2425
764
808
2426
765
809
2427
766
810
2428
767
811
2429
768
812
2430
769
813
2431
770
814
2432
771
815
2433
772
816
2434
773
817
2435
774
818
2436
775
819
2437
776
820
2438
777
821
2439
778
822
2440
779
823
2441
780
824
2442
781
825
2443
782
826
2444
783
827
2445
784
828
2446
785
829
2447
830
2448
787
831
2449
788
832
2450
789
833
2451
790
834
2452
791
835
2453
792
836
2454
793
837
2455
794
838
2456
795
839
2457
796
840
2458
797
841
2459
798
842
2460
799
843
2461
800
844
2462
801
845
2463
802
846
2464
803
847
2465
804
848
2466
805
849
2467
806
850
2468
807
851
2469
808
852
2470
809
853
2471
810
854
2472
811
855
2473
812
856
2474
813
857
2475
814
858
2476
815
859
2477
816
860
2478
817
861
2479
818
862
2480
819
863
2481
820
864
2482
821
865
2483
822
866
2484
823
867
2485
824
868
2486
825
869
2487
826
870
2488
827
871
2489
828
872
2490
829
873
2491
830
874
2492
875
2493
832
876
2494
833
877
2495
834
878
2496
835
879
2497
836
880
2498
837
881
2499
838
882
2500
839
883
2501
840
884
2502
841
885
2503
842
886
2504
843
887
2505
844
888
2506
845
889
2507
846
890
2508
847
891
2509
848
892
2510
849
893
2511
850
894
2512
851
895
2513
852
896
2514
853
897
2515
854
898
2516
855
899
2517
856
900
2518
857
901
2519
858
902
2520
859
903
2521
860
904
2522
861
905
2523
862
906
2524
863
907
2525
864
908
2526
865
909
2527
866
910
2528
867
911
2529
868
912
2530
869
913
2531
870
914
2532
871
915
2533
872
916
2534
873
917
2535
874
918
2536
875
919
2537
920
2538
877
921
2539
878
922
2540
879
923
2541
880
924
2542
881
925
2543
882
926
2544
883
927
2545
884
928
2546
885
929
2547
886
930
2548
887
931
2549
888
932
2550
889
933
2551
890
934
2552
891
935
2553
892
936
2554
893
937
2555
894
938
2556
895
939
2557
896
940
2558
897
941
2559
898
942
2560
899
943
2561
900
944
2562
901
945
2563
902
946
2564
903
947
2565
904
948
2566
905
949
2567
906
950
2568
907
951
2569
908
952
2570
909
953
2571
910
954
2572
911
955
2573
912
956
2574
913
957
2575
914
958
2576
915
959
2577
916
960
2578
917
961
2579
918
962
2580
919
963
2581
920
964
2582
965
2583
922
966
2584
923
967
2585
924
968
2586
925
969
2587
926
970
2588
927
971
2589
928
972
2590
929
973
2591
930
974
2592
931
975
2593
932
976
2594
933
977
2595
934
978
2596
935
979
2597
936
980
2598
937
981
2599
938
982
2600
939
983
2601
940
984
2602
941
985
2603
942
986
2604
943
987
2605
944
988
2606
945
989
2607
946
990
2608
947
991
2609
948
992
2610
949
993
2611
950
994
2612
951
995
2613
952
996
2614
953
997
2615
954
998
2616
955
999
2617
956
1000
2618
957
1001
2619
958
1002
2620
959
1003
2621
960
1004
2622
961
1005
2623
962
1006
2624
963
1007
2625
964
1008
2626
965
1009
2627
1010
2628
967
1011
2629
968
1012
2630
969
1013
2631
970
1014
2632
971
1015
2633
972
1016
2634
973
1017
2635
974
1018
2636
975
1019
2637
976
1020
2638
977
1021
2639
978
1022
2640
979
1023
2641
980
1024
2642
981
1025
2643
982
1026
2644
983
1027
2645
984
1028
2646
985
1029
2647
986
1030
2648
987
1031
2649
988
1032
2650
989
1033
2651
990
1034
2652
991
1035
2653
992
1036
2654
993
1037
2655
994
1038
2656
995
1039
2657
996
1040
2658
997
1041
2659
998
1042
2660
999
1043
2661
1000
1044
2662
1001
1045
2663
1002
1046
2664
1003
1047
2665
1004
1048
2666
1005
1049
2667
1006
1050
2668
1007
1051
2669
1008
1052
2670
1009
1053
2671
1010
1054
2672
1055
2673
1012
1056
2674
1013
1057
2675
1014
1058
2676
1015
1059
2677
1016
1060
2678
1017
1061
2679
1018
1062
2680
1019
1063
2681
1020
1064
2682
1021
1065
2683
1022
1066
2684
1023
1067
2685
1024
1068
2686
1025
1069
2687
1026
1070
2688
1027
1071
2689
1028
1072
2690
1029
1073
2691
1030
1074
2692
1031
1075
2693
1032
1076
2694
1033
1077
2695
1034
1078
2696
1035
1079
2697
1036
1080
2698
1037
1081
2699
1038
1082
2700
1039
1083
2701
1040
1084
2702
1041
1085
2703
1042
1086
2704
1043
1087
2705
1044
1088
2706
1045
1089
2707
1046
1090
2708
1047
1091
2709
1048
1092
2710
1049
1093
2711
1050
1094
2712
1051
1095
2713
1052
1096
2714
1053
1097
2715
1054
1098
2716
1055
1099
2717
1100
2718
1057
1101
2719
1058
1102
2720
1059
1103
2721
1060
1104
2722
1061
1105
2723
1062
1106
2724
1063
1107
2725
1064
1108
2726
1065
1109
2727
1066
1110
2728
1067
1111
2729
1068
1112
2730
1069
1113
2731
1070
1114
2732
1071
1115
2733
1072
1116
2734
1073
1117
2735
1074
1118
2736
1075
1119
2737
1076
1120
2738
1077
1121
2739
1078
1122
2740
1079
1123
2741
1080
1124
2742
1081
1125
2743
1082
1126
2744
1083
1127
2745
1084
1128
2746
1085
1129
2747
1086
1130
2748
1087
1131
2749
1088
1132
2750
1089
1133
2751
1090
1134
2752
1091
1135
2753
1092
1136
2754
1093
1137
2755
1094
1138
2756
1095
1139
2757
1096
1140
2758
1097
1141
2759
1098
1142
2760
1099
1143
2761
1100
1144
2762
1145
2763
1102
1148
2764
1103
1149
2765
1104
1150
2766
1105
1151
2767
1106
1152
2768
1107
1153
2769
1108
1154
2770
1109
1155
2771
1110
1156
2772
1111
1157
2773
1112
1158
2774
1113
1159
2775
1114
1160
2776
1115
1161
2777
1116
1162
2778
1117
1163
2779
1118
1164
2780
1119
1165
2781
1120
1166
2782
1121
1167
2783
1122
1168
2784
1123
1169
2785
1124
1170
2786
1125
1171
2787
1126
1172
2788
1127
1173
2789
1128
1174
2790
1129
1175
2791
1130
1176
2792
1131
1177
2793
1132
1178
2794
1133
1179
2795
1134
1180
2796
1135
1181
2797
1136
1182
2798
1137
1183
2799
1138
1184
2800
1139
1185
2801
1140
1186
2802
1141
1187
2803
1142
1188
2804
1143
1189
2805
1144
1190
2806
1145
1191
2807
1192
2808
1147
1193
2809
1148
1194
2810
1149
1195
2811
1150
1196
2812
1151
1197
2813
1152
1198
2814
1153
1199
2815
1154
1200
2816
1155
1201
2817
1156
1202
2818
1157
1203
2819
1158
1204
2820
1159
1205
2821
1160
1206
2822
1161
1207
2823
1162
1208
2824
1163
1209
2825
1164
1210
2826
1165
1211
2827
1166
1212
2828
1167
1213
2829
1168
1214
2830
1169
1215
2831
1170
1216
2832
1171
1217
2833
1172
1218
2834
1173
1219
2835
1174
1220
2836
1175
1221
2837
1176
1222
2838
1177
1223
2839
1178
1224
2840
1179
1225
2841
1180
1226
2842
1181
1227
2843
1182
1228
2844
1183
1229
2845
1184
1230
2846
1185
1231
2847
1186
1232
2848
1187
1233
2849
1188
1234
2850
1189
1235
2851
1190
1236
2852
1191
1237
2853
1192
1238
2854
1239
2855
1194
1240
2856
1195
1241
2857
1196
1242
2858
1197
1243
2859
1198
1244
2860
1199
1245
2861
1200
1246
2862
1201
1247
2863
1202
1248
2864
1203
1249
2865
1204
1250
2866
1205
1251
2867
1206
1252
2868
1207
1253
2869
1208
1254
2870
1209
1255
2871
1210
1256
2872
1211
1257
2873
1212
1258
2874
1213
1259
2875
1214
1260
2876
1215
1261
2877
1216
1262
2878
1217
1263
2879
1218
1264
2880
1219
1265
2881
1220
1266
2882
1221
1267
2883
1222
1268
2884
1223
1269
2885
1224
1270
2886
1225
1271
2887
1226
1272
2888
1227
1273
2889
1228
1274
2890
1229
1275
2891
1230
1276
2892
1231
1277
2893
1232
1278
2894
1233
1279
2895
1234
1280
2896
1235
1281
2897
1236
1282
2898
1237
1283
2899
1238
1284
2900
1239
1285
2901
1286
2902
1241
1287
2903
1242
1288
2904
1243
1289
2905
1244
1290
2906
1245
1291
2907
1246
1292
2908
1247
1293
2909
1248
1294
2910
1249
1295
2911
1250
1296
2912
1251
1297
2913
1252
1298
2914
1253
1299
2915
1254
1300
2916
1255
1301
2917
1256
1302
2918
1257
1303
2919
1258
1304
2920
1259
1305
2921
1260
1306
2922
1261
1307
2923
1262
1308
2924
1263
1309
2925
1264
1310
2926
1265
1311
2927
1266
1312
2928
1267
1313
2929
1268
1314
2930
1269
1315
2931
1270
1316
2932
1271
1317
2933
1272
1318
2934
1273
1319
2935
1274
1320
2936
1275
1321
2937
1276
1322
2938
1277
1323
2939
1278
1324
2940
1279
1325
2941
1280
1326
2942
1281
1327
2943
1282
1328
2944
1283
1329
2945
1284
1330
2946
1285
1331
2947
1286
1332
2948
1333
2949
1288
1334
2950
1289
1335
2951
1290
1336
2952
1291
1337
2953
1292
1338
2954
1293
1339
2955
1294
1340
2956
1295
1341
2957
1296
1342
2958
1297
1343
2959
1298
1344
2960
1299
1345
2961
1300
1346
2962
1301
1347
2963
1302
1348
2964
1303
1349
2965
1304
1350
2966
1305
1351
2967
1306
1352
2968
1307
1353
2969
1308
1354
2970
1309
1355
2971
1310
1356
2972
1311
1357
2973
1312
1358
2974
1313
1359
2975
1314
1360
2976
1315
1361
2977
1316
1362
2978
1317
1363
2979
1318
1364
2980
1319
1365
2981
1320
1366
2982
1321
1367
2983
1322
1368
2984
1323
1369
2985
1324
1370
2986
1325
1371
2987
1326
1372
2988
1327
1373
2989
1328
1374
2990
1329
1375
2991
1330
1376
2992
1331
1377
2993
1332
1378
2994
1333
1379
2995
1380
2996
1335
1381
2997
1336
1382
2998
1337
1383
2999
1338
1384
3000
1339
1385
3001
1340
1386
3002
1341
1387
3003
1342
1388
3004
1343
1389
3005
1344
1390
3006
1345
1391
3007
1346
1392
3008
1347
1393
3009
1348
1394
3010
1349
1395
3011
1350
1396
3012
1351
1397
3013
1352
1398
3014
1353
1399
3015
1354
1400
3016
1355
1401
3017
1356
1402
3018
1357
1403
3019
1358
1404
3020
1359
1405
3021
1360
1406
3022
1361
1407
3023
1362
1408
3024
1363
1409
3025
1364
1410
3026
1365
1411
3027
1366
1412
3028
1367
1413
3029
1368
1414
3030
1369
1415
3031
1370
1416
3032
1371
1417
3033
1372
1418
3034
1373
1419
3035
1374
1420
3036
1375
1421
3037
1376
1422
3038
1377
1423
3039
1378
1424
3040
1379
1425
3041
1380
1426
3042
1427
3043
1382
1428
3044
1383
1429
3045
1384
1430
3046
1385
1431
3047
1386
1432
3048
1387
1433
3049
1388
1434
3050
1389
1435
3051
1390
1436
3052
1391
1437
3053
1392
1438
3054
1393
1439
3055
1394
1440
3056
1395
1441
3057
1396
1442
3058
1397
1443
3059
1398
1444
3060
1399
1445
3061
1400
1446
3062
1401
1447
3063
1402
1448
3064
1403
1449
3065
1404
1450
3066
1405
1451
3067
1406
1452
3068
1407
1453
3069
1408
1454
3070
1409
1455
3071
1410
1456
3072
1411
1457
3073
1412
1458
3074
1413
1459
3075
1414
1460
3076
1415
1461
3077
1416
1462
3078
1417
1463
3079
1418
1464
3080
1419
1465
3081
1420
1466
3082
1421
1467
3083
1422
1468
3084
1423
1469
3085
1424
1470
3086
1425
1471
3087
1426
1472
3088
1427
1473
3089
1474
3090
1429
1475
3091
1430
1476
3092
1431
1477
3093
1432
1478
3094
1433
1479
3095
1434
1480
3096
1435
1481
3097
1436
1482
3098
1437
1483
3099
1438
1484
3100
1439
1485
3101
1440
1486
3102
1441
1487
3103
1442
1488
3104
1443
1489
3105
1444
1490
3106
1445
1491
3107
1446
1492
3108
1447
1493
3109
1448
1494
3110
1449
1495
3111
1450
1496
3112
1451
1497
3113
1452
1498
3114
1453
1499
3115
1454
1500
3116
1455
1501
3117
1456
1502
3118
1457
1503
3119
1458
1504
3120
1459
1505
3121
1460
1506
3122
1461
1507
3123
1462
1508
3124
1463
1509
3125
1464
1510
3126
1465
1511
3127
1466
1512
3128
1467
1513
3129
1468
1514
3130
1469
1515
3131
1470
1516
3132
1471
1517
3133
1472
1518
3134
1473
1519
3135
1474
1520
3136
1521
3137
1476
1522
3138
1477
1523
3139
1478
1524
3140
1479
1525
3141
1480
1526
3142
1481
1527
3143
1482
1528
3144
1483
1529
3145
1484
1530
3146
1485
1531
3147
1486
1532
3148
1487
1533
3149
1488
1534
3150
1489
1535
3151
1490
1536
3152
1491
1537
3153
1492
1538
3154
1493
1539
3155
1494
1540
3156
1495
1541
3157
1496
1542
3158
1497
1543
3159
1498
1544
3160
1499
1545
3161
1500
1546
3162
1501
1547
3163
1502
1548
3164
1503
1549
3165
1504
1550
3166
1505
1551
3167
1506
1552
3168
1507
1553
3169
1508
1554
3170
1509
1555
3171
1510
1556
3172
1511
1557
3173
1512
1558
3174
1513
1559
3175
1514
1560
3176
1515
1561
3177
1516
1562
3178
1517
1563
3179
1518
1564
3180
1519
1565
3181
1520
1566
3182
1521
1567
3183
1568
3184
1523
1569
3185
1524
1570
3186
1525
1571
3187
1526
1572
3188
1527
1573
3189
1528
1574
3190
1529
1575
3191
1530
1576
3192
1531
1577
3193
1532
1578
3194
1533
1579
3195
1534
1580
3196
1535
1581
3197
1536
1582
3198
1537
1583
3199
1538
1584
3200
1539
1585
3201
1540
1586
3202
1541
1587
3203
1542
1588
3204
1543
1589
3205
1544
1590
3206
1545
1591
3207
1546
1592
3208
1547
1593
3209
1548
1594
3210
1549
1595
3211
1550
1596
3212
1551
1597
3213
1552
1598
3214
1553
1599
3215
1554
1600
3216
1555
1601
3217
1556
1602
3218
1557
1603
3219
1558
1604
3220
1559
1605
3221
1560
1606
3222
1561
1607
3223
1562
1608
3224
1563
1609
3225
1564
1610
3226
1565
1611
3227
1566
1612
3228
1567
1613
3229
1568
1614
3230
1615
3231
1570
1616
3232
1571
1617
3233
1572
1618
3234
1573
1619
3235
1574
1620
3236
1575
1621
3237
1576
1622
3238
1577
1623
3239
1578
1624
3240
1579
1625
3241
1580
1626
3242
1581
1627
3243
1582
1628
3244
1583
1629
3245
1584
1630
3246
1585
1631
3247
1586
1632
3248
1587
1633
3249
1588
1634
3250
1589
1635
3251
1590
1636
3252
1591
1637
3253
1592
1638
3254
1593
1639
3255
1594
1640
3256
1595
1641
3257
1596
1642
3258
1597
1643
3259
1598
1644
3260
1599
1645
3261
1600
1646
3262
1601
1647
3263
1602
1648
3264
1603
1649
3265
1604
1650
3266
1605
1651
3267
1606
1652
3268
1607
1653
3269
1608
1654
3270
1609
1655
3271
1610
1656
3272
1611
1657
3273
1612
1658
3274
1613
1659
3275
1614
1660
3276
1615
1661
3277
1662
3278
1617
3279
1618
3280
1619
3281
1620
3282
1621
3283
1622
3284
1623
3285
1624
3286
1625
3287
1626
3288
1627
3289
1628
3290
1629
3291
1630
3292
1631
3293
1632
3294
1633
3295
1634
3296
1635
3297
1636
3298
1637
3299
1638
3300
1639
3301
1640
3302
1641
3303
1642
3304
1643
3305
1644
3306
1645
3307
1646
3308
1647
3309
1648
3310
1649
3311
1650
3312
1651
3313
1652
3314
1653
3315
1654
3316
1655
3317
1656
3318
1657
3319
1658
3320
1659
3321
1660
3322
1661
3323
1662
3324
3325
1664
1675
1665
1676
1666
1677
1667
1678
1668
1679
1669
1680
1670
1681
1671
1682
1683
1673
1717
1674
1718
1675
1719
1676
1720
1677
1721
1678
1722
1679
1723
1680
1724
1681
1725
1682
1726
1683
1727
1728
1685
1729
1686
1730
1687
1731
1688
1732
1689
1733
1690
1734
1691
1735
1692
1736
1693
1737
1694
1738
1695
1739
1696
1740
1697
1741
1698
1742
1699
1743
1700
1744
1701
1745
1702
1746
1703
1747
1704
1748
1705
1749
1706
1750
1707
1751
1708
1752
1709
1753
1710
1754
1711
1755
1712
1756
1713
1757
1714
1758
1715
1759
1716
1760
1717
1761
1718
1762
1719
1763
1720
1764
1721
1765
1722
1766
1723
1767
1724
1768
1725
1769
1726
1770
1727
1771
1728
1772
1773
1730
1774
1731
1775
1732
1776
1733
1777
1734
1778
1735
1779
1736
1780
1737
1781
1738
1782
1739
1783
1740
1784
1741
1785
1742
1786
1743
1787
1744
1788
1745
1789
1746
1790
1747
1791
1748
1792
1749
1793
1750
1794
1751
1795
1752
1796
1753
1797
1754
1798
1755
1799
1756
1800
1757
1801
1758
1802
1759
1803
1760
1804
1761
1805
1762
1806
1763
1807
1764
1808
1765
1809
1766
1810
1767
1811
1768
1812
1769
1813
1770
1814
1771
1815
1772
1816
1773
1817
1818
1775
1819
1776
1820
1777
1821
1778
1822
1779
1823
1780
1824
1781
1825
1782
1826
1783
1827
1784
1828
1785
1829
1786
1830
1787
1831
1788
1832
1789
1833
1790
1834
1791
1835
1792
1836
1793
1837
1794
1838
1795
1839
1796
1840
1797
1841
1798
1842
1799
1843
1800
1844
1801
1845
1802
1846
1803
1847
1804
1848
1805
1849
1806
1850
1807
1851
1808
1852
1809
1853
1810
1854
1811
1855
1812
1856
1813
1857
1814
1858
1815
1859
1816
1860
1817
1861
1818
1862
1863
1820
1864
1821
1865
1822
1866
1823
1867
1824
1868
1825
1869
1826
1870
1827
1871
1828
1872
1829
1873
1830
1874
1831
1875
1832
1876
1833
1877
1834
1878
1835
1879
1836
1880
1837
1881
1838
1882
1839
1883
1840
1884
1841
1885
1842
1886
1843
1887
1844
1888
1845
1889
1846
1890
1847
1891
1848
1892
1849
1893
1850
1894
1851
1895
1852
1896
1853
1897
1854
1898
1855
1899
1856
1900
1857
1901
1858
1902
1859
1903
1860
1904
1861
1905
1862
1906
1863
1907
1908
1865
1909
1866
1910
1867
1911
1868
1912
1869
1913
1870
1914
1871
1915
1872
1916
1873
1917
1874
1918
1875
1919
1876
1920
1877
1921
1878
1922
1879
1923
1880
1924
1881
1925
1882
1926
1883
1927
1884
1928
1885
1929
1886
1930
1887
1931
1888
1932
1889
1933
1890
1934
1891
1935
1892
1936
1893
1937
1894
1938
1895
1939
1896
1940
1897
1941
1898
1942
1899
1943
1900
1944
1901
1945
1902
1946
1903
1947
1904
1948
1905
1949
1906
1950
1907
1951
1908
1952
1953
1910
1954
1911
1955
1912
1956
1913
1957
1914
1958
1915
1959
1916
1960
1917
1961
1918
1962
1919
1963
1920
1964
1921
1965
1922
1966
1923
1967
1924
1968
1925
1969
1926
1970
1927
1971
1928
1972
1929
1973
1930
1974
1931
1975
1932
1976
1933
1977
1934
1978
1935
1979
1936
1980
1937
1981
1938
1982
1939
1983
1940
1984
1941
1985
1942
1986
1943
1987
1944
1988
1945
1989
1946
1990
1947
1991
1948
1992
1949
1993
1950
1994
1951
1995
1952
1996
1953
1997
1998
1955
1999
1956
2000
1957
2001
1958
2002
1959
2003
1960
2004
1961
2005
1962
2006
1963
2007
1964
2008
1965
2009
1966
2010
1967
2011
1968
2012
1969
2013
1970
2014
1971
2015
1972
2016
1973
2017
1974
2018
1975
2019
1976
2020
1977
2021
1978
2022
1979
2023
1980
2024
1981
2025
1982
2026
1983
2027
1984
2028
1985
2029
1986
2030
1987
2031
1988
2032
1989
2033
1990
2034
1991
2035
1992
2036
1993
2037
1994
2038
1995
2039
1996
2040
1997
2041
1998
2042
2043
2000
2044
2001
2045
2002
2046
2003
2047
2004
2048
2005
2049
2006
2050
2007
2051
2008
2052
2009
2053
2010
2054
2011
2055
2012
2056
2013
2057
2014
2058
2015
2059
2016
2060
2017
2061
2018
2062
2019
2063
2020
2064
2021
2065
2022
2066
2023
2067
2024
2068
2025
2069
2026
2070
2027
2071
2028
2072
2029
2073
2030
2074
2031
2075
2032
2076
2033
2077
2034
2078
2035
2079
2036
2080
2037
2081
2038
2082
2039
2083
2040
2084
2041
2085
2042
2086
2043
2087
2088
2045
2089
2046
2090
2047
2091
2048
2092
2049
2093
2050
2094
2051
2095
2052
2096
2053
2097
2054
2098
2055
2099
2056
2100
2057
2101
2058
2102
2059
2103
2060
2104
2061
2105
2062
2106
2063
2107
2064
2108
2065
2109
2066
2110
2067
2111
2068
2112
2069
2113
2070
2114
2071
2115
2072
2116
2073
2117
2074
2118
2075
2119
2076
2120
2077
2121
2078
2122
2079
2123
2080
2124
2081
2125
2082
2126
2083
2127
2084
2128
2085
2129
2086
2130
2087
2131
2088
2132
2133
2090
2134
2091
2135
2092
2136
2093
2137
2094
2138
2095
2139
2096
2140
2097
2141
2098
2142
2099
2143
2100
2144
2101
2145
2102
2146
2103
2147
2104
2148
2105
2149
2106
2150
2107
2151
2108
2152
2109
2153
2110
2154
2111
2155
2112
2156
2113
2157
2114
2158
2115
2159
2116
2160
2117
2161
2118
2162
2119
2163
2120
2164
2121
2165
2122
2166
2123
2167
2124
2168
2125
2169
2126
2170
2127
2171
2128
2172
2129
2173
2130
2174
2131
2175
2132
2176
2133
2177
2178
2135
2179
2136
2180
2137
2181
2138
2182
2139
2183
2140
2184
2141
2185
2142
2186
2143
2187
2144
2188
2145
2189
2146
2190
2147
2191
2148
2192
2149
2193
2150
2194
2151
2195
2152
2196
2153
2197
2154
2198
2155
2199
2156
2200
2157
2201
2158
2202
2159
2203
2160
2204
2161
2205
2162
2206
2163
2207
2164
2208
2165
2209
2166
2210
2167
2211
2168
2212
2169
2213
2170
2214
2171
2215
2172
2216
2173
2217
2174
2218
2175
2219
2176
2220
2177
2221
2178
2222
2223
2180
2224
2181
2225
2182
2226
2183
2227
2184
2228
2185
2229
2186
2230
2187
2231
2188
2232
2189
2233
2190
2234
2191
2235
2192
2236
2193
2237
2194
2238
2195
2239
2196
2240
2197
2241
2198
2242
2199
2243
2200
2244
2201
2245
2202
2246
2203
2247
2204
2248
2205
2249
2206
2250
2207
2251
2208
2252
2209
2253
2210
2254
2211
2255
2212
2256
2213
2257
2214
2258
2215
2259
2216
2260
2217
2261
2218
2262
2219
2263
2220
2264
2221
2265
2222
2266
2223
2267
2268
2225
2269
2226
2270
2227
2271
2228
2272
2229
2273
2230
2274
2231
2275
2232
2276
2233
2277
2234
2278
2235
2279
2236
2280
2237
2281
2238
2282
2239
2283
2240
2284
2241
2285
2242
2286
2243
2287
2244
2288
2245
2289
2246
2290
2247
2291
2248
2292
2249
2293
2250
2294
2251
2295
2252
2296
2253
2297
2254
2298
2255
2299
2256
2300
2257
2301
2258
2302
2259
2303
2260
2304
2261
2305
2262
2306
2263
2307
2264
2308
2265
2309
2266
2310
2267
2311
2268
2312
2313
2270
2314
2271
2315
2272
2316
2273
2317
2274
2318
2275
2319
2276
2320
2277
2321
2278
2322
2279
2323
2280
2324
2281
2325
2282
2326
2283
2327
2284
2328
2285
2329
2286
2330
2287
2331
2288
2332
2289
2333
2290
2334
2291
2335
2292
2336
2293
2337
2294
2338
2295
2339
2296
2340
2297
2341
2298
2342
2299
2343
2300
2344
2301
2345
2302
2346
2303
2347
2304
2348
2305
2349
2306
2350
2307
2351
2308
2352
2309
2353
2310
2354
2311
2355
2312
2356
2313
2357
2358
2315
2359
2316
2360
2317
2361
2318
2362
2319
2363
2320
2364
2321
2365
2322
2366
2323
2367
2324
2368
2325
2369
2326
2370
2327
2371
2328
2372
2329
2373
2330
2374
2331
2375
2332
2376
2333
2377
2334
2378
2335
2379
2336
2380
2337
2381
2338
2382
2339
2383
2340
2384
2341
2385
2342
2386
2343
2387
2344
2388
2345
2389
2346
2390
2347
2391
2348
2392
2349
2393
2350
2394
2351
2395
2352
2396
2353
2397
2354
2398
2355
2399
2356
2400
2357
2401
2358
2402
2403
2360
2404
2361
2405
2362
2406
2363
2407
2364
2408
2365
2409
2366
2410
2367
2411
2368
2412
2369
2413
2370
2414
2371
2415
2372
2416
2373
2417
2374
2418
2375
2419
2376
2420
2377
2421
2378
2422
2379
2423
2380
2424
2381
2425
2382
2426
2383
2427
2384
2428
2385
2429
2386
2430
2387
2431
2388
2432
2389
2433
2390
2434
2391
2435
2392
2436
2393
2437
2394
2438
2395
2439
2396
2440
2397
2441
2398
2442
2399
2443
2400
2444
2401
2445
2402
2446
2403
2447
2448
2405
2449
2406
2450
2407
2451
2408
2452
2409
2453
2410
2454
2411
2455
2412
2456
2413
2457
2414
2458
2415
2459
2416
2460
2417
2461
2418
2462
2419
2463
2420
2464
2421
2465
2422
2466
2423
2467
2424
2468
2425
2469
2426
2470
2427
2471
2428
2472
2429
2473
2430
2474
2431
2475
2432
2476
2433
2477
2434
2478
2435
2479
2436
2480
2437
2481
2438
2482
2439
2483
2440
2484
2441
2485
2442
2486
2443
2487
2444
2488
2445
2489
2446
2490
2447
2491
2448
2492
2493
2450
2494
2451
2495
2452
2496
2453
2497
2454
2498
2455
2499
2456
2500
2457
2501
2458
2502
2459
2503
2460
2504
2461
2505
2462
2506
2463
2507
2464
2508
2465
2509
2466
2510
2467
2511
2468
2512
2469
2513
2470
2514
2471
2515
2472
2516
2473
2517
2474
2518
2475
2519
2476
2520
2477
2521
2478
2522
2479
2523
2480
2524
2481
2525
2482
2526
2483
2527
2484
2528
2485
2529
2486
2530
2487
2531
2488
2532
2489
2533
2490
2534
2491
2535
2492
2536
2493
2537
2538
2495
2539
2496
2540
2497
2541
2498
2542
2499
2543
2500
2544
2501
2545
2502
2546
2503
2547
2504
2548
2505
2549
2506
2550
2507
2551
2508
2552
2509
2553
2510
2554
2511
2555
2512
2556
2513
2557
2514
2558
2515
2559
2516
2560
2517
2561
2518
2562
2519
2563
2520
2564
2521
2565
2522
2566
2523
2567
2524
2568
2525
2569
2526
2570
2527
2571
2528
2572
2529
2573
2530
2574
2531
2575
2532
2576
2533
2577
2534
2578
2535
2579
2536
2580
2537
2581
2538
2582
2583
2540
2584
2541
2585
2542
2586
2543
2587
2544
2588
2545
2589
2546
2590
2547
2591
2548
2592
2549
2593
2550
2594
2551
2595
2552
2596
2553
2597
2554
2598
2555
2599
2556
2600
2557
2601
2558
2602
2559
2603
2560
2604
2561
2605
2562
2606
2563
2607
2564
2608
2565
2609
2566
2610
2567
2611
2568
2612
2569
2613
2570
2614
2571
2615
2572
2616
2573
2617
2574
2618
2575
2619
2576
2620
2577
2621
2578
2622
2579
2623
2580
2624
2581
2625
2582
2626
2583
2627
2628
2585
2629
2586
2630
2587
2631
2588
2632
2589
2633
2590
2634
2591
2635
2592
2636
2593
2637
2594
2638
2595
2639
2596
2640
2597
2641
2598
2642
2599
2643
2600
2644
2601
2645
2602
2646
2603
2647
2604
2648
2605
2649
2606
2650
2607
2651
2608
2652
2609
2653
2610
2654
2611
2655
2612
2656
2613
2657
2614
2658
2615
2659
2616
2660
2617
2661
2618
2662
2619
2663
2620
2664
2621
2665
2622
2666
2623
2667
2624
2668
2625
2669
2626
2670
2627
2671
2628
2672
2673
2630
2674
2631
2675
2632
2676
2633
2677
2634
2678
2635
2679
2636
2680
2637
2681
2638
2682
2639
2683
2640
2684
2641
2685
2642
2686
2643
2687
2644
2688
2645
2689
2646
2690
2647
2691
2648
2692
2649
2693
2650
2694
2651
2695
2652
2696
2653
2697
2654
2698
2655
2699
2656
2700
2657
2701
2658
2702
2659
2703
2660
2704
2661
2705
2662
2706
2663
2707
2664
2708
2665
2709
2666
2710
2667
2711
2668
2712
2669
2713
2670
2714
2671
2715
2672
2716
2673
2717
2718
2675
2719
2676
2720
2677
2721
2678
2722
2679
2723
2680
2724
2681
2725
2682
2726
2683
2727
2684
2728
2685
2729
2686
2730
2687
2731
2688
2732
2689
2733
2690
2734
2691
2735
2692
2736
2693
2737
2694
2738
2695
2739
2696
2740
2697
2741
2698
2742
2699
2743
2700
2744
2701
2745
2702
2746
2703
2747
2704
2748
2705
2749
2706
2750
2707
2751
2708
2752
2709
2753
2710
2754
2711
2755
2712
2756
2713
2757
2714
2758
2715
2759
2716
2760
2717
2761
2718
2762
2763
2720
2764
2721
2765
2722
2766
2723
2767
2724
2768
2725
2769
2726
2770
2727
2771
2728
2772
2729
2773
2730
2774
2731
2775
2732
2776
2733
2777
2734
2778
2735
2779
2736
2780
2737
2781
2738
2782
2739
2783
2740
2784
2741
2785
2742
2786
2743
2787
2744
2788
2745
2789
2746
2790
2747
2791
2748
2792
2749
2793
2750
2794
2751
2795
2752
2796
2753
2797
2754
2798
2755
2799
2756
2800
2757
2801
2758
2802
2759
2803
2760
2804
2761
2805
2762
2806
2763
2807
2808
2765
2811
2766
2812
2767
2813
2768
2814
2769
2815
2770
2816
2771
2817
2772
2818
2773
2819
2774
2820
2775
2821
2776
2822
2777
2823
2778
2824
2779
2825
2780
2826
2781
2827
2782
2828
2783
2829
2784
2830
2785
2831
2786
2832
2787
2833
2788
2834
2789
2835
2790
2836
2791
2837
2792
2838
2793
2839
2794
2840
2795
2841
2796
2842
2797
2843
2798
2844
2799
2845
2800
2846
2801
2847
2802
2848
2803
2849
2804
2850
2805
2851
2806
2852
2807
2853
2808
2854
2855
2810
2856
2811
2857
2812
2858
2813
2859
2814
2860
2815
2861
2816
2862
2817
2863
2818
2864
2819
2865
2820
2866
2821
2867
2822
2868
2823
2869
2824
2870
2825
2871
2826
2872
2827
2873
2828
2874
2829
2875
2830
2876
2831
2877
2832
2878
2833
2879
2834
2880
2835
2881
2836
2882
2837
2883
2838
2884
2839
2885
2840
2886
2841
2887
2842
2888
2843
2889
2844
2890
2845
2891
2846
2892
2847
2893
2848
2894
2849
2895
2850
2896
2851
2897
2852
2898
2853
2899
2854
2900
2855
2901
2902
2857
2903
2858
2904
2859
2905
2860
2906
2861
2907
2862
2908
2863
2909
2864
2910
2865
2911
2866
2912
2867
2913
2868
2914
2869
2915
2870
2916
2871
2917
2872
2918
2873
2919
2874
2920
2875
2921
2876
2922
2877
2923
2878
2924
2879
2925
2880
2926
2881
2927
2882
2928
2883
2929
2884
2930
2885
2931
2886
2932
2887
2933
2888
2934
2889
2935
2890
2936
2891
2937
2892
2938
2893
2939
2894
2940
2895
2941
2896
2942
2897
2943
2898
2944
2899
2945
2900
2946
2901
2947
2902
2948
2949
2904
2950
2905
2951
2906
2952
2907
2953
2908
2954
2909
2955
2910
2956
2911
2957
2912
2958
2913
2959
2914
2960
2915
2961
2916
2962
2917
2963
2918
2964
2919
2965
2920
2966
2921
2967
2922
2968
2923
2969
2924
2970
2925
2971
2926
2972
2927
2973
2928
2974
2929
2975
2930
2976
2931
2977
2932
2978
2933
2979
2934
2980
2935
2981
2936
2982
2937
2983
2938
2984
2939
2985
2940
2986
2941
2987
2942
2988
2943
2989
2944
2990
2945
2991
2946
2992
2947
2993
2948
2994
2949
2995
2996
2951
2997
2952
2998
2953
2999
2954
3000
2955
3001
2956
3002
2957
3003
2958
3004
2959
3005
2960
3006
2961
3007
2962
3008
2963
3009
2964
3010
2965
3011
2966
3012
2967
3013
2968
3014
2969
3015
2970
3016
2971
3017
2972
3018
2973
3019
2974
3020
2975
3021
2976
3022
2977
3023
2978
3024
2979
3025
2980
3026
2981
3027
2982
3028
2983
3029
2984
3030
2985
3031
2986
3032
2987
3033
2988
3034
2989
3035
2990
3036
2991
3037
2992
3038
2993
3039
2994
3040
2995
3041
2996
3042
3043
2998
3044
2999
3045
3000
3046
3001
3047
3002
3048
3003
3049
3004
3050
3005
3051
3006
3052
3007
3053
3008
3054
3009
3055
3010
3056
3011
3057
3012
3058
3013
3059
3014
3060
3015
3061
3016
3062
3017
3063
3018
3064
3019
3065
3020
3066
3021
3067
3022
3068
3023
3069
3024
3070
3025
3071
3026
3072
3027
3073
3028
3074
3029
3075
3030
3076
3031
3077
3032
3078
3033
3079
3034
3080
3035
3081
3036
3082
3037
3083
3038
3084
3039
3085
3040
3086
3041
3087
3042
3088
3043
3089
3090
3045
3091
3046
3092
3047
3093
3048
3094
3049
3095
3050
3096
3051
3097
3052
3098
3053
3099
3054
3100
3055
3101
3056
3102
3057
3103
3058
3104
3059
3105
3060
3106
3061
3107
3062
3108
3063
3109
3064
3110
3065
3111
3066
3112
3067
3113
3068
3114
3069
3115
3070
3116
3071
3117
3072
3118
3073
3119
3074
3120
3075
3121
3076
3122
3077
3123
3078
3124
3079
3125
3080
3126
3081
3127
3082
3128
3083
3129
3084
3130
3085
3131
3086
3132
3087
3133
3088
3134
3089
3135
3090
3136
3137
3092
3138
3093
3139
3094
3140
3095
3141
3096
3142
3097
3143
3098
3144
3099
3145
3100
3146
3101
3147
3102
3148
3103
3149
3104
3150
3105
3151
3106
3152
3107
3153
3108
3154
3109
3155
3110
3156
3111
3157
3112
3158
3113
3159
3114
3160
3115
3161
3116
3162
3117
3163
3118
3164
3119
3165
3120
3166
3121
3167
3122
3168
3123
3169
3124
3170
3125
3171
3126
3172
3127
3173
3128
3174
3129
3175
3130
3176
3131
3177
3132
3178
3133
3179
3134
3180
3135
3181
3136
3182
3137
3183
3184
3139
3185
3140
3186
3141
3187
3142
3188
3143
3189
3144
3190
3145
3191
3146
3192
3147
3193
3148
3194
3149
3195
3150
3196
3151
3197
3152
3198
3153
3199
3154
3200
3155
3201
3156
3202
3157
3203
3158
3204
3159
3205
3160
3206
3161
3207
3162
3208
3163
3209
3164
3210
3165
3211
3166
3212
3167
3213
3168
3214
3169
3215
3170
3216
3171
3217
3172
3218
3173
3219
3174
3220
3175
3221
3176
3222
3177
3223
3178
3224
3179
3225
3180
3226
3181
3227
3182
3228
3183
3229
3184
3230
3231
3186
3232
3187
3233
3188
3234
3189
3235
3190
3236
3191
3237
3192
3238
3193
3239
3194
3240
3195
3241
3196
3242
3197
3243
3198
3244
3199
3245
3200
3246
3201
3247
3202
3248
3203
3249
3204
3250
3205
3251
3206
3252
3207
3253
3208
3254
3209
3255
3210
3256
3211
3257
3212
3258
3213
3259
3214
3260
3215
3261
3216
3262
3217
3263
3218
3264
3219
3265
3220
3266
3221
3267
3222
3268
3223
3269
3224
3270
3225
3271
3226
3272
3227
3273
3228
3274
3229
3275
3230
3276
3231
3277
3278
3233
3279
3234
3280
3235
3281
3236
3282
3237
3283
3238
3284
3239
3285
3240
3286
3241
3287
3242
3288
3243
3289
3244
3290
3245
3291
3246
3292
3247
3293
3248
3294
3249
3295
3250
3296
3251
3297
3252
3298
3253
3299
3254
3300
3255
3301
3256
3302
3257
3303
3258
3304
3259
3305
3260
3306
3261
3307
3262
3308
3263
3309
3264
3310
3265
3311
3266
3312
3267
3313
3268
3314
3269
3315
3270
3316
3271
3317
3272
3318
3273
3319
3274
3320
3275
3321
3276
3322
3277
3323
3278
3324
3325
3280
3281
3282
3283
3284
3285
3286
3287
3288
3289
3290
3291
3292
3293
3294
3295
3296
3297
3298
3299
3300
3301
3302
3303
3304
3305
3306
3307
3308
3309
3310
3311
3312
3313
3314
3315
3316
3317
3318
3319
3320
3321
3322
3323
3324
3325
)


// ************************************************************************* //
