/*--------------------------------*- C++ -*----------------------------------*\
| =========                 |                                                 |
| \\      /  F ield         | OpenFOAM: The Open Source CFD Toolbox           |
|  \\    /   O peration     | Version:  v2012                                 |
|   \\  /    A nd           | Website:  www.openfoam.com                      |
|    \\/     M anipulation  |                                                 |
\*---------------------------------------------------------------------------*/
FoamFile
{
    version     2.0;
    format      ascii;
    class       volScalarField;
    location    "0.1";
    object      p;
}
// * * * * * * * * * * * * * * * * * * * * * * * * * * * * * * * * * * * * * //

dimensions      [1 -1 -2 0 0 0 0];


internalField   nonuniform List<scalar> 
3352
(
3.49661e+06
3.49763e+06
3.49614e+06
3.49848e+06
3.49679e+06
3.49706e+06
3.49703e+06
3.49949e+06
3.49927e+06
3.49993e+06
3.49948e+06
3.49909e+06
3.49718e+06
3.49612e+06
3.49661e+06
3.49739e+06
3.49805e+06
3.49864e+06
3.49914e+06
3.49957e+06
3.49993e+06
3.50022e+06
3.50046e+06
3.50064e+06
3.50077e+06
3.50086e+06
3.50091e+06
3.50094e+06
3.50094e+06
3.50091e+06
3.50087e+06
3.50081e+06
3.50073e+06
3.50065e+06
3.50055e+06
3.50045e+06
3.50033e+06
3.5002e+06
3.50006e+06
3.49781e+06
3.49987e+06
3.49815e+06
3.50171e+06
3.49916e+06
3.50093e+06
3.50026e+06
3.50084e+06
3.50009e+06
3.50213e+06
3.50105e+06
3.50117e+06
3.49923e+06
3.49823e+06
3.49873e+06
3.4993e+06
3.49953e+06
3.49964e+06
3.49968e+06
3.49972e+06
3.49976e+06
3.4998e+06
3.49986e+06
3.49992e+06
3.49998e+06
3.50004e+06
3.50009e+06
3.50014e+06
3.50018e+06
3.5002e+06
3.50022e+06
3.50021e+06
3.5002e+06
3.50017e+06
3.50013e+06
3.50007e+06
3.49999e+06
3.4999e+06
3.49977e+06
3.49346e+06
3.49512e+06
3.49382e+06
3.49576e+06
3.49418e+06
3.49663e+06
3.4978e+06
3.50073e+06
3.50068e+06
3.50287e+06
3.50189e+06
3.50185e+06
3.49921e+06
3.49705e+06
3.49719e+06
3.49791e+06
3.4984e+06
3.49882e+06
3.49912e+06
3.49936e+06
3.49953e+06
3.49967e+06
3.49977e+06
3.49984e+06
3.49989e+06
3.49992e+06
3.49994e+06
3.49995e+06
3.49995e+06
3.49995e+06
3.49993e+06
3.4999e+06
3.49987e+06
3.49983e+06
3.49978e+06
3.49973e+06
3.49966e+06
3.49958e+06
3.49948e+06
3.49357e+06
3.49467e+06
3.49328e+06
3.49405e+06
3.49325e+06
3.49583e+06
3.49806e+06
3.50177e+06
3.50216e+06
3.50456e+06
3.50363e+06
3.50359e+06
3.50069e+06
3.49808e+06
3.49791e+06
3.49846e+06
3.49878e+06
3.49903e+06
3.49918e+06
3.4993e+06
3.49939e+06
3.49946e+06
3.49951e+06
3.49956e+06
3.49959e+06
3.49962e+06
3.49963e+06
3.49964e+06
3.49964e+06
3.49964e+06
3.49962e+06
3.4996e+06
3.49957e+06
3.49953e+06
3.49949e+06
3.49943e+06
3.49937e+06
3.4993e+06
3.49922e+06
3.49177e+06
3.49125e+06
3.49083e+06
3.48966e+06
3.49065e+06
3.49352e+06
3.49748e+06
3.50236e+06
3.50331e+06
3.50581e+06
3.50503e+06
3.50481e+06
3.50146e+06
3.49816e+06
3.49763e+06
3.49813e+06
3.49845e+06
3.49874e+06
3.49894e+06
3.49909e+06
3.4992e+06
3.49927e+06
3.49932e+06
3.49935e+06
3.49936e+06
3.49937e+06
3.49937e+06
3.49937e+06
3.49936e+06
3.49934e+06
3.49932e+06
3.49929e+06
3.49926e+06
3.49923e+06
3.49919e+06
3.49914e+06
3.49908e+06
3.49902e+06
3.49895e+06
3.49178e+06
3.49189e+06
3.49017e+06
3.48834e+06
3.49019e+06
3.49327e+06
3.4978e+06
3.50328e+06
3.50435e+06
3.50673e+06
3.5062e+06
3.50585e+06
3.5023e+06
3.49864e+06
3.4979e+06
3.4983e+06
3.49854e+06
3.49876e+06
3.49889e+06
3.49899e+06
3.49905e+06
3.49909e+06
3.49911e+06
3.49912e+06
3.49911e+06
3.49911e+06
3.4991e+06
3.49908e+06
3.49906e+06
3.49904e+06
3.49902e+06
3.49899e+06
3.49896e+06
3.49893e+06
3.49889e+06
3.49885e+06
3.4988e+06
3.49875e+06
3.49869e+06
3.49194e+06
3.49479e+06
3.49032e+06
3.49105e+06
3.49117e+06
3.49523e+06
3.49877e+06
3.50413e+06
3.5049e+06
3.50697e+06
3.50671e+06
3.5062e+06
3.50263e+06
3.49867e+06
3.49782e+06
3.4982e+06
3.49843e+06
3.49864e+06
3.49876e+06
3.49884e+06
3.49888e+06
3.4989e+06
3.4989e+06
3.49889e+06
3.49887e+06
3.49885e+06
3.49883e+06
3.4988e+06
3.49878e+06
3.49875e+06
3.49872e+06
3.49869e+06
3.49866e+06
3.49863e+06
3.49859e+06
3.49856e+06
3.49852e+06
3.49847e+06
3.49843e+06
3.49423e+06
3.50276e+06
3.49287e+06
3.49933e+06
3.49498e+06
3.49993e+06
3.50084e+06
3.5051e+06
3.50515e+06
3.50674e+06
3.50675e+06
3.50613e+06
3.50281e+06
3.49874e+06
3.49787e+06
3.49825e+06
3.49845e+06
3.49861e+06
3.49869e+06
3.49873e+06
3.49873e+06
3.49872e+06
3.4987e+06
3.49866e+06
3.49863e+06
3.49859e+06
3.49855e+06
3.49852e+06
3.49848e+06
3.49845e+06
3.49842e+06
3.49839e+06
3.49836e+06
3.49833e+06
3.4983e+06
3.49827e+06
3.49823e+06
3.4982e+06
3.49817e+06
3.49747e+06
3.51103e+06
3.49711e+06
3.50825e+06
3.5002e+06
3.5055e+06
3.50342e+06
3.50607e+06
3.50531e+06
3.50639e+06
3.50663e+06
3.50593e+06
3.50299e+06
3.49882e+06
3.49791e+06
3.49825e+06
3.49843e+06
3.49855e+06
3.49859e+06
3.4986e+06
3.49857e+06
3.49853e+06
3.49848e+06
3.49843e+06
3.49838e+06
3.49833e+06
3.49828e+06
3.49823e+06
3.49819e+06
3.49815e+06
3.49812e+06
3.49809e+06
3.49806e+06
3.49803e+06
3.498e+06
3.49798e+06
3.49795e+06
3.49793e+06
3.4979e+06
3.5009e+06
3.51853e+06
3.50227e+06
3.51745e+06
3.50613e+06
3.51125e+06
3.5063e+06
3.50723e+06
3.50585e+06
3.50646e+06
3.50683e+06
3.50611e+06
3.50352e+06
3.4992e+06
3.49813e+06
3.49838e+06
3.49848e+06
3.49854e+06
3.49852e+06
3.49848e+06
3.49841e+06
3.49834e+06
3.49827e+06
3.49819e+06
3.49812e+06
3.49805e+06
3.49799e+06
3.49794e+06
3.49789e+06
3.49785e+06
3.49782e+06
3.49779e+06
3.49776e+06
3.49773e+06
3.49771e+06
3.49769e+06
3.49767e+06
3.49765e+06
3.49764e+06
3.50405e+06
3.5232e+06
3.50697e+06
3.52347e+06
3.51111e+06
3.5154e+06
3.50888e+06
3.50858e+06
3.507e+06
3.50727e+06
3.50765e+06
3.5069e+06
3.5045e+06
3.4999e+06
3.49849e+06
3.49856e+06
3.49855e+06
3.49852e+06
3.49844e+06
3.49834e+06
3.49824e+06
3.49814e+06
3.49804e+06
3.49794e+06
3.49785e+06
3.49777e+06
3.49771e+06
3.49764e+06
3.49759e+06
3.49755e+06
3.49751e+06
3.49748e+06
3.49745e+06
3.49743e+06
3.49741e+06
3.4974e+06
3.49739e+06
3.49738e+06
3.49737e+06
3.50853e+06
3.52372e+06
3.51053e+06
3.52371e+06
3.51393e+06
3.5171e+06
3.51084e+06
3.51012e+06
3.50869e+06
3.50873e+06
3.50907e+06
3.50823e+06
3.50585e+06
3.50084e+06
3.49898e+06
3.49882e+06
3.49865e+06
3.49851e+06
3.49835e+06
3.4982e+06
3.49805e+06
3.49792e+06
3.49779e+06
3.49768e+06
3.49757e+06
3.49748e+06
3.49741e+06
3.49734e+06
3.49728e+06
3.49724e+06
3.4972e+06
3.49717e+06
3.49715e+06
3.49713e+06
3.49712e+06
3.49711e+06
3.4971e+06
3.4971e+06
3.4971e+06
3.51438e+06
3.52303e+06
3.51315e+06
3.52186e+06
3.51566e+06
3.51762e+06
3.51245e+06
3.51183e+06
3.51058e+06
3.51043e+06
3.51073e+06
3.50972e+06
3.50729e+06
3.50182e+06
3.49946e+06
3.49906e+06
3.49873e+06
3.49848e+06
3.49824e+06
3.49803e+06
3.49784e+06
3.49768e+06
3.49753e+06
3.4974e+06
3.49728e+06
3.49718e+06
3.4971e+06
3.49703e+06
3.49697e+06
3.49692e+06
3.49688e+06
3.49686e+06
3.49684e+06
3.49682e+06
3.49682e+06
3.49681e+06
3.49682e+06
3.49682e+06
3.49683e+06
3.51893e+06
3.52298e+06
3.51567e+06
3.5206e+06
3.5174e+06
3.5181e+06
3.5139e+06
3.51345e+06
3.51229e+06
3.51187e+06
3.51223e+06
3.51096e+06
3.50854e+06
3.50263e+06
3.49985e+06
3.49924e+06
3.49875e+06
3.4984e+06
3.49809e+06
3.49783e+06
3.49761e+06
3.49741e+06
3.49724e+06
3.4971e+06
3.49697e+06
3.49687e+06
3.49678e+06
3.4967e+06
3.49664e+06
3.4966e+06
3.49656e+06
3.49654e+06
3.49652e+06
3.49652e+06
3.49652e+06
3.49652e+06
3.49653e+06
3.49654e+06
3.49656e+06
3.52246e+06
3.52454e+06
3.5186e+06
3.52225e+06
3.5198e+06
3.51929e+06
3.51533e+06
3.5147e+06
3.51361e+06
3.51273e+06
3.51327e+06
3.51169e+06
3.50941e+06
3.50315e+06
3.50006e+06
3.49929e+06
3.49869e+06
3.49826e+06
3.49789e+06
3.49759e+06
3.49733e+06
3.49712e+06
3.49693e+06
3.49678e+06
3.49664e+06
3.49653e+06
3.49644e+06
3.49637e+06
3.49631e+06
3.49627e+06
3.49624e+06
3.49622e+06
3.49621e+06
3.49621e+06
3.49621e+06
3.49622e+06
3.49624e+06
3.49626e+06
3.49629e+06
3.5235e+06
3.52745e+06
3.52138e+06
3.52704e+06
3.52266e+06
3.52076e+06
3.51659e+06
3.51529e+06
3.51439e+06
3.51294e+06
3.51373e+06
3.51186e+06
3.50983e+06
3.50337e+06
3.50007e+06
3.4992e+06
3.49852e+06
3.49803e+06
3.49762e+06
3.4973e+06
3.49702e+06
3.49679e+06
3.49659e+06
3.49643e+06
3.49629e+06
3.49618e+06
3.49609e+06
3.49602e+06
3.49596e+06
3.49593e+06
3.4959e+06
3.49589e+06
3.49588e+06
3.49589e+06
3.4959e+06
3.49592e+06
3.49595e+06
3.49598e+06
3.49601e+06
3.5219e+06
3.5289e+06
3.52192e+06
3.52966e+06
3.52403e+06
3.52087e+06
3.51716e+06
3.51502e+06
3.51455e+06
3.5126e+06
3.51365e+06
3.51158e+06
3.50983e+06
3.50334e+06
3.49989e+06
3.49897e+06
3.49824e+06
3.49773e+06
3.49729e+06
3.49695e+06
3.49666e+06
3.49642e+06
3.49622e+06
3.49606e+06
3.49592e+06
3.49581e+06
3.49572e+06
3.49566e+06
3.49561e+06
3.49558e+06
3.49556e+06
3.49555e+06
3.49556e+06
3.49557e+06
3.49559e+06
3.49562e+06
3.49566e+06
3.4957e+06
3.49574e+06
3.52089e+06
3.52676e+06
3.52139e+06
3.52722e+06
3.52335e+06
3.51906e+06
3.51683e+06
3.51403e+06
3.5141e+06
3.51193e+06
3.51318e+06
3.51104e+06
3.50954e+06
3.50315e+06
3.49954e+06
3.49862e+06
3.49786e+06
3.49734e+06
3.49689e+06
3.49654e+06
3.49625e+06
3.49601e+06
3.49581e+06
3.49565e+06
3.49552e+06
3.49542e+06
3.49534e+06
3.49528e+06
3.49524e+06
3.49522e+06
3.49521e+06
3.49521e+06
3.49522e+06
3.49525e+06
3.49528e+06
3.49532e+06
3.49536e+06
3.49541e+06
3.49546e+06
3.52273e+06
3.52133e+06
3.52091e+06
3.5223e+06
3.52162e+06
3.51623e+06
3.51581e+06
3.51264e+06
3.5132e+06
3.5111e+06
3.51246e+06
3.51038e+06
3.50905e+06
3.50283e+06
3.49906e+06
3.49816e+06
3.49738e+06
3.49686e+06
3.49642e+06
3.49607e+06
3.49579e+06
3.49556e+06
3.49537e+06
3.49522e+06
3.4951e+06
3.49501e+06
3.49494e+06
3.49489e+06
3.49486e+06
3.49484e+06
3.49485e+06
3.49486e+06
3.49489e+06
3.49492e+06
3.49496e+06
3.49501e+06
3.49507e+06
3.49512e+06
3.49518e+06
3.5235e+06
3.5147e+06
3.51961e+06
3.51671e+06
3.51892e+06
3.51289e+06
3.51407e+06
3.511e+06
3.51192e+06
3.51021e+06
3.51154e+06
3.50966e+06
3.50842e+06
3.50239e+06
3.49845e+06
3.49758e+06
3.49679e+06
3.4963e+06
3.49586e+06
3.49554e+06
3.49527e+06
3.49506e+06
3.49489e+06
3.49475e+06
3.49465e+06
3.49457e+06
3.49451e+06
3.49448e+06
3.49446e+06
3.49446e+06
3.49448e+06
3.4945e+06
3.49454e+06
3.49459e+06
3.49464e+06
3.4947e+06
3.49477e+06
3.49483e+06
3.49491e+06
3.52257e+06
3.50645e+06
3.5166e+06
3.50976e+06
3.51488e+06
3.50914e+06
3.51148e+06
3.50912e+06
3.5103e+06
3.50922e+06
3.5104e+06
3.50888e+06
3.50764e+06
3.50179e+06
3.49769e+06
3.49688e+06
3.49609e+06
3.49564e+06
3.49523e+06
3.49494e+06
3.4947e+06
3.49451e+06
3.49436e+06
3.49425e+06
3.49417e+06
3.49411e+06
3.49407e+06
3.49405e+06
3.49405e+06
3.49407e+06
3.4941e+06
3.49414e+06
3.49419e+06
3.49425e+06
3.49432e+06
3.49439e+06
3.49447e+06
3.49454e+06
3.49463e+06
3.51903e+06
3.49705e+06
3.51161e+06
3.50148e+06
3.5093e+06
3.5051e+06
3.5081e+06
3.507e+06
3.50833e+06
3.50807e+06
3.50902e+06
3.50796e+06
3.50671e+06
3.50097e+06
3.49677e+06
3.49602e+06
3.49526e+06
3.49487e+06
3.49451e+06
3.49426e+06
3.49406e+06
3.49391e+06
3.4938e+06
3.49371e+06
3.49366e+06
3.49362e+06
3.49361e+06
3.49361e+06
3.49363e+06
3.49366e+06
3.49371e+06
3.49377e+06
3.49384e+06
3.49391e+06
3.49399e+06
3.49407e+06
3.49416e+06
3.49425e+06
3.49434e+06
3.51328e+06
3.48856e+06
3.50487e+06
3.49359e+06
3.50251e+06
3.50132e+06
3.50435e+06
3.50476e+06
3.50613e+06
3.5067e+06
3.50741e+06
3.50684e+06
3.50555e+06
3.49988e+06
3.49564e+06
3.49497e+06
3.49429e+06
3.49399e+06
3.49369e+06
3.49351e+06
3.49336e+06
3.49326e+06
3.49319e+06
3.49314e+06
3.49312e+06
3.49311e+06
3.49312e+06
3.49315e+06
3.49319e+06
3.49325e+06
3.49331e+06
3.49339e+06
3.49347e+06
3.49356e+06
3.49366e+06
3.49376e+06
3.49386e+06
3.49396e+06
3.49406e+06
3.50619e+06
3.48434e+06
3.49827e+06
3.48868e+06
3.49637e+06
3.49837e+06
3.50084e+06
3.50257e+06
3.5038e+06
3.50506e+06
3.50558e+06
3.5054e+06
3.50406e+06
3.49843e+06
3.49424e+06
3.49371e+06
3.49316e+06
3.49298e+06
3.49278e+06
3.49268e+06
3.4926e+06
3.49256e+06
3.49254e+06
3.49253e+06
3.49255e+06
3.49258e+06
3.49262e+06
3.49267e+06
3.49274e+06
3.49282e+06
3.49291e+06
3.493e+06
3.49311e+06
3.49321e+06
3.49332e+06
3.49344e+06
3.49355e+06
3.49367e+06
3.49378e+06
3.49905e+06
3.48414e+06
3.49301e+06
3.48709e+06
3.49214e+06
3.49651e+06
3.49789e+06
3.50052e+06
3.5014e+06
3.50311e+06
3.5035e+06
3.50357e+06
3.5022e+06
3.49655e+06
3.49252e+06
3.49223e+06
3.49186e+06
3.49183e+06
3.49176e+06
3.49177e+06
3.49177e+06
3.4918e+06
3.49184e+06
3.49189e+06
3.49195e+06
3.49202e+06
3.49209e+06
3.49218e+06
3.49228e+06
3.49238e+06
3.49249e+06
3.49261e+06
3.49273e+06
3.49286e+06
3.49299e+06
3.49312e+06
3.49325e+06
3.49337e+06
3.4935e+06
3.49186e+06
3.48792e+06
3.48941e+06
3.48854e+06
3.48964e+06
3.49572e+06
3.49535e+06
3.49866e+06
3.49892e+06
3.50081e+06
3.5011e+06
3.50127e+06
3.49993e+06
3.49418e+06
3.49048e+06
3.4905e+06
3.49039e+06
3.49055e+06
3.49064e+06
3.49077e+06
3.49088e+06
3.49099e+06
3.4911e+06
3.49121e+06
3.49132e+06
3.49143e+06
3.49155e+06
3.49167e+06
3.4918e+06
3.49193e+06
3.49207e+06
3.49221e+06
3.49236e+06
3.4925e+06
3.49265e+06
3.49279e+06
3.49294e+06
3.49308e+06
3.49322e+06
3.4844e+06
3.49484e+06
3.4871e+06
3.49234e+06
3.48841e+06
3.49564e+06
3.49312e+06
3.49684e+06
3.49632e+06
3.49813e+06
3.49832e+06
3.4985e+06
3.4972e+06
3.49134e+06
3.48819e+06
3.48853e+06
3.48876e+06
3.48915e+06
3.48942e+06
3.48969e+06
3.48992e+06
3.49013e+06
3.49032e+06
3.49049e+06
3.49066e+06
3.49082e+06
3.49099e+06
3.49115e+06
3.49131e+06
3.49148e+06
3.49164e+06
3.49181e+06
3.49198e+06
3.49214e+06
3.49231e+06
3.49247e+06
3.49263e+06
3.49278e+06
3.49293e+06
3.47625e+06
3.50304e+06
3.48523e+06
3.49762e+06
3.48773e+06
3.49567e+06
3.49106e+06
3.4948e+06
3.49352e+06
3.495e+06
3.49515e+06
3.49523e+06
3.49399e+06
3.48802e+06
3.48567e+06
3.48634e+06
3.48699e+06
3.48762e+06
3.48811e+06
3.48855e+06
3.48891e+06
3.48922e+06
3.4895e+06
3.48975e+06
3.48998e+06
3.4902e+06
3.49041e+06
3.49061e+06
3.49081e+06
3.49101e+06
3.49121e+06
3.4914e+06
3.49159e+06
3.49178e+06
3.49196e+06
3.49214e+06
3.49232e+06
3.49249e+06
3.49265e+06
3.46806e+06
3.50961e+06
3.48294e+06
3.50207e+06
3.48663e+06
3.49506e+06
3.48888e+06
3.49228e+06
3.49047e+06
3.49142e+06
3.49161e+06
3.49151e+06
3.49036e+06
3.48432e+06
3.48291e+06
3.48398e+06
3.4851e+06
3.486e+06
3.48673e+06
3.48734e+06
3.48784e+06
3.48827e+06
3.48864e+06
3.48897e+06
3.48927e+06
3.48955e+06
3.48981e+06
3.49006e+06
3.4903e+06
3.49053e+06
3.49076e+06
3.49098e+06
3.4912e+06
3.49141e+06
3.49162e+06
3.49182e+06
3.49201e+06
3.49219e+06
3.49237e+06
3.45965e+06
3.51229e+06
3.47886e+06
3.50347e+06
3.48422e+06
3.49316e+06
3.48632e+06
3.48908e+06
3.48714e+06
3.48746e+06
3.48781e+06
3.48747e+06
3.48644e+06
3.48038e+06
3.48002e+06
3.4815e+06
3.48313e+06
3.4843e+06
3.4853e+06
3.48608e+06
3.48674e+06
3.48729e+06
3.48776e+06
3.48817e+06
3.48855e+06
3.48889e+06
3.4892e+06
3.4895e+06
3.48978e+06
3.49005e+06
3.49031e+06
3.49057e+06
3.49081e+06
3.49104e+06
3.49127e+06
3.49149e+06
3.4917e+06
3.4919e+06
3.49209e+06
3.45048e+06
3.50973e+06
3.47166e+06
3.49995e+06
3.48011e+06
3.48964e+06
3.48339e+06
3.48521e+06
3.48364e+06
3.48328e+06
3.48391e+06
3.48332e+06
3.48237e+06
3.47632e+06
3.47709e+06
3.47897e+06
3.48113e+06
3.48257e+06
3.48382e+06
3.48479e+06
3.48561e+06
3.48628e+06
3.48685e+06
3.48736e+06
3.4878e+06
3.48821e+06
3.48858e+06
3.48893e+06
3.48926e+06
3.48957e+06
3.48986e+06
3.49015e+06
3.49042e+06
3.49068e+06
3.49093e+06
3.49116e+06
3.49139e+06
3.49161e+06
3.49181e+06
3.44229e+06
3.50253e+06
3.46201e+06
3.49182e+06
3.47523e+06
3.48494e+06
3.48054e+06
3.48104e+06
3.4802e+06
3.47917e+06
3.48012e+06
3.47926e+06
3.47836e+06
3.47234e+06
3.47423e+06
3.47646e+06
3.47912e+06
3.48082e+06
3.48234e+06
3.48348e+06
3.48445e+06
3.48525e+06
3.48593e+06
3.48652e+06
3.48705e+06
3.48752e+06
3.48795e+06
3.48835e+06
3.48873e+06
3.48908e+06
3.48941e+06
3.48972e+06
3.49002e+06
3.49031e+06
3.49058e+06
3.49084e+06
3.49108e+06
3.49132e+06
3.49154e+06
3.43812e+06
3.49261e+06
3.45346e+06
3.48232e+06
3.47187e+06
3.4804e+06
3.47867e+06
3.47727e+06
3.47718e+06
3.47542e+06
3.47663e+06
3.47551e+06
3.47463e+06
3.46861e+06
3.47149e+06
3.47404e+06
3.47716e+06
3.4791e+06
3.48085e+06
3.48217e+06
3.48329e+06
3.48421e+06
3.485e+06
3.48568e+06
3.48628e+06
3.48682e+06
3.48732e+06
3.48777e+06
3.48819e+06
3.48858e+06
3.48895e+06
3.4893e+06
3.48963e+06
3.48994e+06
3.49024e+06
3.49052e+06
3.49078e+06
3.49103e+06
3.49126e+06
3.44179e+06
3.48328e+06
3.45213e+06
3.47551e+06
3.47266e+06
3.47783e+06
3.4787e+06
3.47466e+06
3.47495e+06
3.47228e+06
3.47356e+06
3.47227e+06
3.47139e+06
3.46528e+06
3.46895e+06
3.47178e+06
3.47528e+06
3.47742e+06
3.4794e+06
3.48087e+06
3.48213e+06
3.48317e+06
3.48406e+06
3.48483e+06
3.48551e+06
3.48612e+06
3.48668e+06
3.48719e+06
3.48766e+06
3.48809e+06
3.4885e+06
3.48888e+06
3.48924e+06
3.48958e+06
3.4899e+06
3.49019e+06
3.49048e+06
3.49074e+06
3.49099e+06
3.45873e+06
3.47708e+06
3.46154e+06
3.47372e+06
3.47868e+06
3.47852e+06
3.48138e+06
3.47347e+06
3.47363e+06
3.46986e+06
3.47104e+06
3.46955e+06
3.46865e+06
3.46237e+06
3.46663e+06
3.4697e+06
3.4735e+06
3.47583e+06
3.47799e+06
3.4796e+06
3.48099e+06
3.48214e+06
3.48313e+06
3.48399e+06
3.48475e+06
3.48542e+06
3.48604e+06
3.4866e+06
3.48712e+06
3.4876e+06
3.48805e+06
3.48846e+06
3.48885e+06
3.48921e+06
3.48956e+06
3.48988e+06
3.49018e+06
3.49046e+06
3.49072e+06
3.49109e+06
3.4728e+06
3.48048e+06
3.47572e+06
3.48884e+06
3.4824e+06
3.48587e+06
3.474e+06
3.47322e+06
3.46821e+06
3.46915e+06
3.46727e+06
3.46628e+06
3.45988e+06
3.46455e+06
3.46784e+06
3.47185e+06
3.47432e+06
3.47663e+06
3.47837e+06
3.47987e+06
3.48112e+06
3.4822e+06
3.48314e+06
3.48398e+06
3.48473e+06
3.4854e+06
3.48602e+06
3.48659e+06
3.48711e+06
3.4876e+06
3.48805e+06
3.48846e+06
3.48886e+06
3.48922e+06
3.48956e+06
3.48988e+06
3.49018e+06
3.49045e+06
3.53834e+06
3.46588e+06
3.50792e+06
3.47827e+06
3.5011e+06
3.48732e+06
3.49113e+06
3.47548e+06
3.47334e+06
3.46724e+06
3.46779e+06
3.46537e+06
3.46434e+06
3.4579e+06
3.46277e+06
3.46623e+06
3.47036e+06
3.47294e+06
3.47535e+06
3.47718e+06
3.47879e+06
3.48012e+06
3.48129e+06
3.48231e+06
3.48322e+06
3.48404e+06
3.48478e+06
3.48545e+06
3.48606e+06
3.48663e+06
3.48715e+06
3.48763e+06
3.48808e+06
3.4885e+06
3.48889e+06
3.48925e+06
3.48959e+06
3.4899e+06
3.49019e+06
3.58932e+06
3.45046e+06
3.53714e+06
3.4767e+06
3.51059e+06
3.48977e+06
3.49386e+06
3.47647e+06
3.47332e+06
3.46667e+06
3.46695e+06
3.46394e+06
3.46299e+06
3.45662e+06
3.46138e+06
3.46493e+06
3.46904e+06
3.47168e+06
3.47414e+06
3.47605e+06
3.47773e+06
3.47915e+06
3.4804e+06
3.4815e+06
3.48248e+06
3.48336e+06
3.48415e+06
3.48488e+06
3.48554e+06
3.48615e+06
3.48671e+06
3.48723e+06
3.48771e+06
3.48815e+06
3.48856e+06
3.48895e+06
3.4893e+06
3.48963e+06
3.48993e+06
3.62784e+06
3.41965e+06
3.55507e+06
3.46841e+06
3.51025e+06
3.48508e+06
3.48996e+06
3.47495e+06
3.47247e+06
3.46655e+06
3.46682e+06
3.46337e+06
3.46247e+06
3.45622e+06
3.46047e+06
3.46397e+06
3.46792e+06
3.47055e+06
3.47302e+06
3.47498e+06
3.47672e+06
3.47821e+06
3.47953e+06
3.4807e+06
3.48175e+06
3.48269e+06
3.48354e+06
3.48432e+06
3.48503e+06
3.48568e+06
3.48628e+06
3.48683e+06
3.48734e+06
3.48781e+06
3.48824e+06
3.48865e+06
3.48902e+06
3.48936e+06
3.48968e+06
3.61272e+06
3.39982e+06
3.53774e+06
3.45813e+06
3.49486e+06
3.47125e+06
3.47628e+06
3.46913e+06
3.47062e+06
3.46703e+06
3.46788e+06
3.46437e+06
3.46321e+06
3.4568e+06
3.46008e+06
3.46333e+06
3.46698e+06
3.46954e+06
3.47197e+06
3.47395e+06
3.47574e+06
3.47729e+06
3.47868e+06
3.47992e+06
3.48103e+06
3.48204e+06
3.48295e+06
3.48378e+06
3.48453e+06
3.48523e+06
3.48586e+06
3.48644e+06
3.48698e+06
3.48748e+06
3.48793e+06
3.48835e+06
3.48874e+06
3.4891e+06
3.48943e+06
3.54297e+06
3.41334e+06
3.49421e+06
3.45005e+06
3.46755e+06
3.45e+06
3.45347e+06
3.45853e+06
3.46813e+06
3.46841e+06
3.47058e+06
3.46775e+06
3.4656e+06
3.45823e+06
3.46014e+06
3.46293e+06
3.46619e+06
3.46861e+06
3.47098e+06
3.47297e+06
3.47479e+06
3.4764e+06
3.47786e+06
3.47916e+06
3.48034e+06
3.4814e+06
3.48237e+06
3.48325e+06
3.48405e+06
3.48478e+06
3.48545e+06
3.48607e+06
3.48663e+06
3.48715e+06
3.48763e+06
3.48807e+06
3.48847e+06
3.48884e+06
3.48919e+06
3.44094e+06
3.43719e+06
3.44253e+06
3.44075e+06
3.43652e+06
3.42589e+06
3.42757e+06
3.4453e+06
3.46603e+06
3.47114e+06
3.47511e+06
3.47362e+06
3.46967e+06
3.45995e+06
3.46038e+06
3.46259e+06
3.46542e+06
3.4677e+06
3.47e+06
3.472e+06
3.47387e+06
3.47554e+06
3.47705e+06
3.47842e+06
3.47966e+06
3.48078e+06
3.4818e+06
3.48273e+06
3.48358e+06
3.48435e+06
3.48505e+06
3.4857e+06
3.48629e+06
3.48683e+06
3.48733e+06
3.48779e+06
3.48821e+06
3.4886e+06
3.48895e+06
3.39566e+06
3.44491e+06
3.41095e+06
3.4324e+06
3.41844e+06
3.4105e+06
3.41244e+06
3.43637e+06
3.46643e+06
3.47576e+06
3.48092e+06
3.4812e+06
3.47457e+06
3.4612e+06
3.46037e+06
3.46204e+06
3.46455e+06
3.46674e+06
3.469e+06
3.42128e+06
3.45592e+06
3.42374e+06
3.43424e+06
3.42453e+06
3.4154e+06
3.419e+06
3.43954e+06
3.47067e+06
3.48165e+06
3.48609e+06
3.48813e+06
3.47834e+06
3.4611e+06
3.45959e+06
3.46103e+06
3.46343e+06
3.48794e+06
3.49163e+06
3.49661e+06
3.49763e+06
3.49614e+06
3.49848e+06
3.49679e+06
3.49706e+06
3.49703e+06
3.49949e+06
3.49927e+06
3.49993e+06
3.49948e+06
3.49909e+06
3.49718e+06
3.49612e+06
3.49661e+06
3.49739e+06
3.49805e+06
3.49864e+06
3.49914e+06
3.49957e+06
3.49993e+06
3.50022e+06
3.50046e+06
3.50064e+06
3.50077e+06
3.50086e+06
3.50091e+06
3.50094e+06
3.50094e+06
3.50091e+06
3.50087e+06
3.50081e+06
3.50073e+06
3.50065e+06
3.50055e+06
3.50045e+06
3.50033e+06
3.5002e+06
3.50006e+06
3.49781e+06
3.49987e+06
3.49815e+06
3.50171e+06
3.49916e+06
3.50093e+06
3.50026e+06
3.50084e+06
3.50009e+06
3.50213e+06
3.50105e+06
3.50117e+06
3.49923e+06
3.49823e+06
3.49873e+06
3.4993e+06
3.49953e+06
3.49964e+06
3.49968e+06
3.49972e+06
3.49976e+06
3.4998e+06
3.49986e+06
3.49992e+06
3.49998e+06
3.50004e+06
3.50009e+06
3.50014e+06
3.50018e+06
3.5002e+06
3.50022e+06
3.50021e+06
3.5002e+06
3.50017e+06
3.50013e+06
3.50007e+06
3.49999e+06
3.4999e+06
3.49977e+06
3.49346e+06
3.49512e+06
3.49382e+06
3.49576e+06
3.49418e+06
3.49663e+06
3.4978e+06
3.50073e+06
3.50068e+06
3.50287e+06
3.50189e+06
3.50185e+06
3.49921e+06
3.49705e+06
3.49719e+06
3.49791e+06
3.4984e+06
3.49882e+06
3.49912e+06
3.49936e+06
3.49953e+06
3.49967e+06
3.49977e+06
3.49984e+06
3.49989e+06
3.49992e+06
3.49994e+06
3.49995e+06
3.49995e+06
3.49995e+06
3.49993e+06
3.4999e+06
3.49987e+06
3.49983e+06
3.49978e+06
3.49973e+06
3.49966e+06
3.49958e+06
3.49948e+06
3.49357e+06
3.49467e+06
3.49328e+06
3.49405e+06
3.49325e+06
3.49583e+06
3.49806e+06
3.50177e+06
3.50216e+06
3.50456e+06
3.50363e+06
3.50359e+06
3.50069e+06
3.49808e+06
3.49791e+06
3.49846e+06
3.49878e+06
3.49903e+06
3.49918e+06
3.4993e+06
3.49939e+06
3.49946e+06
3.49951e+06
3.49956e+06
3.49959e+06
3.49962e+06
3.49963e+06
3.49964e+06
3.49964e+06
3.49964e+06
3.49962e+06
3.4996e+06
3.49957e+06
3.49953e+06
3.49949e+06
3.49943e+06
3.49937e+06
3.4993e+06
3.49922e+06
3.49177e+06
3.49125e+06
3.49083e+06
3.48966e+06
3.49065e+06
3.49352e+06
3.49748e+06
3.50236e+06
3.50331e+06
3.50581e+06
3.50503e+06
3.50481e+06
3.50146e+06
3.49816e+06
3.49763e+06
3.49813e+06
3.49845e+06
3.49874e+06
3.49894e+06
3.49909e+06
3.4992e+06
3.49927e+06
3.49932e+06
3.49935e+06
3.49936e+06
3.49937e+06
3.49937e+06
3.49937e+06
3.49936e+06
3.49934e+06
3.49932e+06
3.49929e+06
3.49926e+06
3.49923e+06
3.49919e+06
3.49914e+06
3.49908e+06
3.49902e+06
3.49895e+06
3.49178e+06
3.49189e+06
3.49017e+06
3.48834e+06
3.49019e+06
3.49327e+06
3.4978e+06
3.50328e+06
3.50435e+06
3.50673e+06
3.5062e+06
3.50585e+06
3.5023e+06
3.49864e+06
3.4979e+06
3.4983e+06
3.49854e+06
3.49876e+06
3.49889e+06
3.49899e+06
3.49905e+06
3.49909e+06
3.49911e+06
3.49912e+06
3.49911e+06
3.49911e+06
3.4991e+06
3.49908e+06
3.49906e+06
3.49904e+06
3.49902e+06
3.49899e+06
3.49896e+06
3.49893e+06
3.49889e+06
3.49885e+06
3.4988e+06
3.49875e+06
3.49869e+06
3.49194e+06
3.49479e+06
3.49032e+06
3.49105e+06
3.49117e+06
3.49523e+06
3.49877e+06
3.50413e+06
3.5049e+06
3.50697e+06
3.50671e+06
3.5062e+06
3.50263e+06
3.49867e+06
3.49782e+06
3.4982e+06
3.49843e+06
3.49864e+06
3.49876e+06
3.49884e+06
3.49888e+06
3.4989e+06
3.4989e+06
3.49889e+06
3.49887e+06
3.49885e+06
3.49883e+06
3.4988e+06
3.49878e+06
3.49875e+06
3.49872e+06
3.49869e+06
3.49866e+06
3.49863e+06
3.49859e+06
3.49856e+06
3.49852e+06
3.49847e+06
3.49843e+06
3.49423e+06
3.50276e+06
3.49287e+06
3.49933e+06
3.49498e+06
3.49993e+06
3.50084e+06
3.5051e+06
3.50515e+06
3.50674e+06
3.50675e+06
3.50613e+06
3.50281e+06
3.49874e+06
3.49787e+06
3.49825e+06
3.49845e+06
3.49861e+06
3.49869e+06
3.49873e+06
3.49873e+06
3.49872e+06
3.4987e+06
3.49866e+06
3.49863e+06
3.49859e+06
3.49855e+06
3.49852e+06
3.49848e+06
3.49845e+06
3.49842e+06
3.49839e+06
3.49836e+06
3.49833e+06
3.4983e+06
3.49827e+06
3.49823e+06
3.4982e+06
3.49817e+06
3.49747e+06
3.51103e+06
3.49711e+06
3.50825e+06
3.5002e+06
3.5055e+06
3.50342e+06
3.50607e+06
3.50531e+06
3.50639e+06
3.50663e+06
3.50593e+06
3.50299e+06
3.49882e+06
3.49791e+06
3.49825e+06
3.49843e+06
3.49855e+06
3.49859e+06
3.4986e+06
3.49857e+06
3.49853e+06
3.49848e+06
3.49843e+06
3.49838e+06
3.49833e+06
3.49828e+06
3.49823e+06
3.49819e+06
3.49815e+06
3.49812e+06
3.49809e+06
3.49806e+06
3.49803e+06
3.498e+06
3.49798e+06
3.49795e+06
3.49793e+06
3.4979e+06
3.5009e+06
3.51853e+06
3.50227e+06
3.51745e+06
3.50613e+06
3.51125e+06
3.5063e+06
3.50723e+06
3.50585e+06
3.50646e+06
3.50683e+06
3.50611e+06
3.50352e+06
3.4992e+06
3.49813e+06
3.49838e+06
3.49848e+06
3.49854e+06
3.49852e+06
3.49848e+06
3.49841e+06
3.49834e+06
3.49827e+06
3.49819e+06
3.49812e+06
3.49805e+06
3.49799e+06
3.49794e+06
3.49789e+06
3.49785e+06
3.49782e+06
3.49779e+06
3.49776e+06
3.49773e+06
3.49771e+06
3.49769e+06
3.49767e+06
3.49765e+06
3.49764e+06
3.50405e+06
3.5232e+06
3.50697e+06
3.52347e+06
3.51111e+06
3.5154e+06
3.50888e+06
3.50858e+06
3.507e+06
3.50727e+06
3.50765e+06
3.5069e+06
3.5045e+06
3.4999e+06
3.49849e+06
3.49856e+06
3.49855e+06
3.49852e+06
3.49844e+06
3.49834e+06
3.49824e+06
3.49814e+06
3.49804e+06
3.49794e+06
3.49785e+06
3.49777e+06
3.49771e+06
3.49764e+06
3.49759e+06
3.49755e+06
3.49751e+06
3.49748e+06
3.49745e+06
3.49743e+06
3.49741e+06
3.4974e+06
3.49739e+06
3.49738e+06
3.49737e+06
3.50853e+06
3.52372e+06
3.51053e+06
3.52371e+06
3.51393e+06
3.5171e+06
3.51084e+06
3.51012e+06
3.50869e+06
3.50873e+06
3.50907e+06
3.50823e+06
3.50585e+06
3.50084e+06
3.49898e+06
3.49882e+06
3.49865e+06
3.49851e+06
3.49835e+06
3.4982e+06
3.49805e+06
3.49792e+06
3.49779e+06
3.49768e+06
3.49757e+06
3.49748e+06
3.49741e+06
3.49734e+06
3.49728e+06
3.49724e+06
3.4972e+06
3.49717e+06
3.49715e+06
3.49713e+06
3.49712e+06
3.49711e+06
3.4971e+06
3.4971e+06
3.4971e+06
3.51438e+06
3.52303e+06
3.51315e+06
3.52186e+06
3.51566e+06
3.51762e+06
3.51245e+06
3.51183e+06
3.51058e+06
3.51043e+06
3.51073e+06
3.50972e+06
3.50729e+06
3.50182e+06
3.49946e+06
3.49906e+06
3.49873e+06
3.49848e+06
3.49824e+06
3.49803e+06
3.49784e+06
3.49768e+06
3.49753e+06
3.4974e+06
3.49728e+06
3.49718e+06
3.4971e+06
3.49703e+06
3.49697e+06
3.49692e+06
3.49688e+06
3.49686e+06
3.49684e+06
3.49682e+06
3.49682e+06
3.49681e+06
3.49682e+06
3.49682e+06
3.49683e+06
3.51893e+06
3.52298e+06
3.51567e+06
3.5206e+06
3.5174e+06
3.5181e+06
3.5139e+06
3.51345e+06
3.51229e+06
3.51187e+06
3.51223e+06
3.51096e+06
3.50854e+06
3.50263e+06
3.49985e+06
3.49924e+06
3.49875e+06
3.4984e+06
3.49809e+06
3.49783e+06
3.49761e+06
3.49741e+06
3.49724e+06
3.4971e+06
3.49697e+06
3.49687e+06
3.49678e+06
3.4967e+06
3.49664e+06
3.4966e+06
3.49656e+06
3.49654e+06
3.49652e+06
3.49652e+06
3.49652e+06
3.49652e+06
3.49653e+06
3.49654e+06
3.49656e+06
3.52246e+06
3.52454e+06
3.5186e+06
3.52225e+06
3.5198e+06
3.51929e+06
3.51533e+06
3.5147e+06
3.51361e+06
3.51273e+06
3.51327e+06
3.51169e+06
3.50941e+06
3.50315e+06
3.50006e+06
3.49929e+06
3.49869e+06
3.49826e+06
3.49789e+06
3.49759e+06
3.49733e+06
3.49712e+06
3.49693e+06
3.49678e+06
3.49664e+06
3.49653e+06
3.49644e+06
3.49637e+06
3.49631e+06
3.49627e+06
3.49624e+06
3.49622e+06
3.49621e+06
3.49621e+06
3.49621e+06
3.49622e+06
3.49624e+06
3.49626e+06
3.49629e+06
3.5235e+06
3.52745e+06
3.52138e+06
3.52704e+06
3.52266e+06
3.52076e+06
3.51659e+06
3.51529e+06
3.51439e+06
3.51294e+06
3.51373e+06
3.51186e+06
3.50983e+06
3.50337e+06
3.50007e+06
3.4992e+06
3.49852e+06
3.49803e+06
3.49762e+06
3.4973e+06
3.49702e+06
3.49679e+06
3.49659e+06
3.49643e+06
3.49629e+06
3.49618e+06
3.49609e+06
3.49602e+06
3.49596e+06
3.49593e+06
3.4959e+06
3.49589e+06
3.49588e+06
3.49589e+06
3.4959e+06
3.49592e+06
3.49595e+06
3.49598e+06
3.49601e+06
3.5219e+06
3.5289e+06
3.52192e+06
3.52966e+06
3.52403e+06
3.52087e+06
3.51716e+06
3.51502e+06
3.51455e+06
3.5126e+06
3.51365e+06
3.51158e+06
3.50983e+06
3.50334e+06
3.49989e+06
3.49897e+06
3.49824e+06
3.49773e+06
3.49729e+06
3.49695e+06
3.49666e+06
3.49642e+06
3.49622e+06
3.49606e+06
3.49592e+06
3.49581e+06
3.49572e+06
3.49566e+06
3.49561e+06
3.49558e+06
3.49556e+06
3.49555e+06
3.49556e+06
3.49557e+06
3.49559e+06
3.49562e+06
3.49566e+06
3.4957e+06
3.49574e+06
3.52089e+06
3.52676e+06
3.52139e+06
3.52722e+06
3.52335e+06
3.51906e+06
3.51683e+06
3.51403e+06
3.5141e+06
3.51193e+06
3.51318e+06
3.51104e+06
3.50954e+06
3.50315e+06
3.49954e+06
3.49862e+06
3.49786e+06
3.49734e+06
3.49689e+06
3.49654e+06
3.49625e+06
3.49601e+06
3.49581e+06
3.49565e+06
3.49552e+06
3.49542e+06
3.49534e+06
3.49528e+06
3.49524e+06
3.49522e+06
3.49521e+06
3.49521e+06
3.49522e+06
3.49525e+06
3.49528e+06
3.49532e+06
3.49536e+06
3.49541e+06
3.49546e+06
3.52273e+06
3.52133e+06
3.52091e+06
3.5223e+06
3.52162e+06
3.51623e+06
3.51581e+06
3.51264e+06
3.5132e+06
3.5111e+06
3.51246e+06
3.51038e+06
3.50905e+06
3.50283e+06
3.49906e+06
3.49816e+06
3.49738e+06
3.49686e+06
3.49642e+06
3.49607e+06
3.49579e+06
3.49556e+06
3.49537e+06
3.49522e+06
3.4951e+06
3.49501e+06
3.49494e+06
3.49489e+06
3.49486e+06
3.49484e+06
3.49485e+06
3.49486e+06
3.49489e+06
3.49492e+06
3.49496e+06
3.49501e+06
3.49507e+06
3.49512e+06
3.49518e+06
3.5235e+06
3.5147e+06
3.51961e+06
3.51671e+06
3.51892e+06
3.51289e+06
3.51407e+06
3.511e+06
3.51192e+06
3.51021e+06
3.51154e+06
3.50966e+06
3.50842e+06
3.50239e+06
3.49845e+06
3.49758e+06
3.49679e+06
3.4963e+06
3.49586e+06
3.49554e+06
3.49527e+06
3.49506e+06
3.49489e+06
3.49475e+06
3.49465e+06
3.49457e+06
3.49451e+06
3.49448e+06
3.49446e+06
3.49446e+06
3.49448e+06
3.4945e+06
3.49454e+06
3.49459e+06
3.49464e+06
3.4947e+06
3.49477e+06
3.49483e+06
3.49491e+06
3.52257e+06
3.50645e+06
3.5166e+06
3.50976e+06
3.51488e+06
3.50914e+06
3.51148e+06
3.50912e+06
3.5103e+06
3.50922e+06
3.5104e+06
3.50888e+06
3.50764e+06
3.50179e+06
3.49769e+06
3.49688e+06
3.49609e+06
3.49564e+06
3.49523e+06
3.49494e+06
3.4947e+06
3.49451e+06
3.49436e+06
3.49425e+06
3.49417e+06
3.49411e+06
3.49407e+06
3.49405e+06
3.49405e+06
3.49407e+06
3.4941e+06
3.49414e+06
3.49419e+06
3.49425e+06
3.49432e+06
3.49439e+06
3.49447e+06
3.49454e+06
3.49463e+06
3.51903e+06
3.49705e+06
3.51161e+06
3.50148e+06
3.5093e+06
3.5051e+06
3.5081e+06
3.507e+06
3.50833e+06
3.50807e+06
3.50902e+06
3.50796e+06
3.50671e+06
3.50097e+06
3.49677e+06
3.49602e+06
3.49526e+06
3.49487e+06
3.49451e+06
3.49426e+06
3.49406e+06
3.49391e+06
3.4938e+06
3.49371e+06
3.49366e+06
3.49362e+06
3.49361e+06
3.49361e+06
3.49363e+06
3.49366e+06
3.49371e+06
3.49377e+06
3.49384e+06
3.49391e+06
3.49399e+06
3.49407e+06
3.49416e+06
3.49425e+06
3.49434e+06
3.51328e+06
3.48856e+06
3.50487e+06
3.49359e+06
3.50251e+06
3.50132e+06
3.50435e+06
3.50476e+06
3.50613e+06
3.5067e+06
3.50741e+06
3.50684e+06
3.50555e+06
3.49988e+06
3.49564e+06
3.49497e+06
3.49429e+06
3.49399e+06
3.49369e+06
3.49351e+06
3.49336e+06
3.49326e+06
3.49319e+06
3.49314e+06
3.49312e+06
3.49311e+06
3.49312e+06
3.49315e+06
3.49319e+06
3.49325e+06
3.49331e+06
3.49339e+06
3.49347e+06
3.49356e+06
3.49366e+06
3.49376e+06
3.49386e+06
3.49396e+06
3.49406e+06
3.50619e+06
3.48434e+06
3.49827e+06
3.48868e+06
3.49637e+06
3.49837e+06
3.50084e+06
3.50257e+06
3.5038e+06
3.50506e+06
3.50558e+06
3.5054e+06
3.50406e+06
3.49843e+06
3.49424e+06
3.49371e+06
3.49316e+06
3.49298e+06
3.49278e+06
3.49268e+06
3.4926e+06
3.49256e+06
3.49254e+06
3.49253e+06
3.49255e+06
3.49258e+06
3.49262e+06
3.49267e+06
3.49274e+06
3.49282e+06
3.49291e+06
3.493e+06
3.49311e+06
3.49321e+06
3.49332e+06
3.49344e+06
3.49355e+06
3.49367e+06
3.49378e+06
3.49905e+06
3.48414e+06
3.49301e+06
3.48709e+06
3.49214e+06
3.49651e+06
3.49789e+06
3.50052e+06
3.5014e+06
3.50311e+06
3.5035e+06
3.50357e+06
3.5022e+06
3.49655e+06
3.49252e+06
3.49223e+06
3.49186e+06
3.49183e+06
3.49176e+06
3.49177e+06
3.49177e+06
3.4918e+06
3.49184e+06
3.49189e+06
3.49195e+06
3.49202e+06
3.49209e+06
3.49218e+06
3.49228e+06
3.49238e+06
3.49249e+06
3.49261e+06
3.49273e+06
3.49286e+06
3.49299e+06
3.49312e+06
3.49325e+06
3.49337e+06
3.4935e+06
3.49186e+06
3.48792e+06
3.48941e+06
3.48854e+06
3.48964e+06
3.49572e+06
3.49535e+06
3.49866e+06
3.49892e+06
3.50081e+06
3.5011e+06
3.50127e+06
3.49993e+06
3.49418e+06
3.49048e+06
3.4905e+06
3.49039e+06
3.49055e+06
3.49064e+06
3.49077e+06
3.49088e+06
3.49099e+06
3.4911e+06
3.49121e+06
3.49132e+06
3.49143e+06
3.49155e+06
3.49167e+06
3.4918e+06
3.49193e+06
3.49207e+06
3.49221e+06
3.49236e+06
3.4925e+06
3.49265e+06
3.49279e+06
3.49294e+06
3.49308e+06
3.49322e+06
3.4844e+06
3.49484e+06
3.4871e+06
3.49234e+06
3.48841e+06
3.49564e+06
3.49312e+06
3.49684e+06
3.49632e+06
3.49813e+06
3.49832e+06
3.4985e+06
3.4972e+06
3.49134e+06
3.48819e+06
3.48853e+06
3.48876e+06
3.48915e+06
3.48942e+06
3.48969e+06
3.48992e+06
3.49013e+06
3.49032e+06
3.49049e+06
3.49066e+06
3.49082e+06
3.49099e+06
3.49115e+06
3.49131e+06
3.49148e+06
3.49164e+06
3.49181e+06
3.49198e+06
3.49214e+06
3.49231e+06
3.49247e+06
3.49263e+06
3.49278e+06
3.49293e+06
3.47625e+06
3.50304e+06
3.48523e+06
3.49762e+06
3.48773e+06
3.49567e+06
3.49106e+06
3.4948e+06
3.49352e+06
3.495e+06
3.49515e+06
3.49523e+06
3.49399e+06
3.48802e+06
3.48567e+06
3.48634e+06
3.48699e+06
3.48762e+06
3.48811e+06
3.48855e+06
3.48891e+06
3.48922e+06
3.4895e+06
3.48975e+06
3.48998e+06
3.4902e+06
3.49041e+06
3.49061e+06
3.49081e+06
3.49101e+06
3.49121e+06
3.4914e+06
3.49159e+06
3.49178e+06
3.49196e+06
3.49214e+06
3.49232e+06
3.49249e+06
3.49265e+06
3.46806e+06
3.50961e+06
3.48294e+06
3.50207e+06
3.48663e+06
3.49506e+06
3.48888e+06
3.49228e+06
3.49047e+06
3.49142e+06
3.49161e+06
3.49151e+06
3.49036e+06
3.48432e+06
3.48291e+06
3.48398e+06
3.4851e+06
3.486e+06
3.48673e+06
3.48734e+06
3.48784e+06
3.48827e+06
3.48864e+06
3.48897e+06
3.48927e+06
3.48955e+06
3.48981e+06
3.49006e+06
3.4903e+06
3.49053e+06
3.49076e+06
3.49098e+06
3.4912e+06
3.49141e+06
3.49162e+06
3.49182e+06
3.49201e+06
3.49219e+06
3.49237e+06
3.45965e+06
3.51229e+06
3.47886e+06
3.50347e+06
3.48422e+06
3.49316e+06
3.48632e+06
3.48908e+06
3.48714e+06
3.48746e+06
3.48781e+06
3.48747e+06
3.48644e+06
3.48038e+06
3.48002e+06
3.4815e+06
3.48313e+06
3.4843e+06
3.4853e+06
3.48608e+06
3.48674e+06
3.48729e+06
3.48776e+06
3.48817e+06
3.48855e+06
3.48889e+06
3.4892e+06
3.4895e+06
3.48978e+06
3.49005e+06
3.49031e+06
3.49057e+06
3.49081e+06
3.49104e+06
3.49127e+06
3.49149e+06
3.4917e+06
3.4919e+06
3.49209e+06
3.45048e+06
3.50973e+06
3.47166e+06
3.49995e+06
3.48011e+06
3.48964e+06
3.48339e+06
3.48521e+06
3.48364e+06
3.48328e+06
3.48391e+06
3.48332e+06
3.48237e+06
3.47632e+06
3.47709e+06
3.47897e+06
3.48113e+06
3.48257e+06
3.48382e+06
3.48479e+06
3.48561e+06
3.48628e+06
3.48685e+06
3.48736e+06
3.4878e+06
3.48821e+06
3.48858e+06
3.48893e+06
3.48926e+06
3.48957e+06
3.48986e+06
3.49015e+06
3.49042e+06
3.49068e+06
3.49093e+06
3.49116e+06
3.49139e+06
3.49161e+06
3.49181e+06
3.44229e+06
3.50253e+06
3.46201e+06
3.49182e+06
3.47523e+06
3.48494e+06
3.48054e+06
3.48104e+06
3.4802e+06
3.47917e+06
3.48012e+06
3.47926e+06
3.47836e+06
3.47234e+06
3.47423e+06
3.47646e+06
3.47912e+06
3.48082e+06
3.48234e+06
3.48348e+06
3.48445e+06
3.48525e+06
3.48593e+06
3.48652e+06
3.48705e+06
3.48752e+06
3.48795e+06
3.48835e+06
3.48873e+06
3.48908e+06
3.48941e+06
3.48972e+06
3.49002e+06
3.49031e+06
3.49058e+06
3.49084e+06
3.49108e+06
3.49132e+06
3.49154e+06
3.43812e+06
3.49261e+06
3.45346e+06
3.48232e+06
3.47187e+06
3.4804e+06
3.47867e+06
3.47727e+06
3.47718e+06
3.47542e+06
3.47663e+06
3.47551e+06
3.47463e+06
3.46861e+06
3.47149e+06
3.47404e+06
3.47716e+06
3.4791e+06
3.48085e+06
3.48217e+06
3.48329e+06
3.48421e+06
3.485e+06
3.48568e+06
3.48628e+06
3.48682e+06
3.48732e+06
3.48777e+06
3.48819e+06
3.48858e+06
3.48895e+06
3.4893e+06
3.48963e+06
3.48994e+06
3.49024e+06
3.49052e+06
3.49078e+06
3.49103e+06
3.49126e+06
3.44179e+06
3.48328e+06
3.45213e+06
3.47551e+06
3.47266e+06
3.47783e+06
3.4787e+06
3.47466e+06
3.47495e+06
3.47228e+06
3.47356e+06
3.47227e+06
3.47139e+06
3.46528e+06
3.46895e+06
3.47178e+06
3.47528e+06
3.47742e+06
3.4794e+06
3.48087e+06
3.48213e+06
3.48317e+06
3.48406e+06
3.48483e+06
3.48551e+06
3.48612e+06
3.48668e+06
3.48719e+06
3.48766e+06
3.48809e+06
3.4885e+06
3.48888e+06
3.48924e+06
3.48958e+06
3.4899e+06
3.49019e+06
3.49048e+06
3.49074e+06
3.49099e+06
3.45873e+06
3.47708e+06
3.46154e+06
3.47372e+06
3.47868e+06
3.47852e+06
3.48138e+06
3.47347e+06
3.47363e+06
3.46986e+06
3.47104e+06
3.46955e+06
3.46865e+06
3.46237e+06
3.46663e+06
3.4697e+06
3.4735e+06
3.47583e+06
3.47799e+06
3.4796e+06
3.48099e+06
3.48214e+06
3.48313e+06
3.48399e+06
3.48475e+06
3.48542e+06
3.48604e+06
3.4866e+06
3.48712e+06
3.4876e+06
3.48805e+06
3.48846e+06
3.48885e+06
3.48921e+06
3.48956e+06
3.48988e+06
3.49018e+06
3.49046e+06
3.49072e+06
3.49109e+06
3.4728e+06
3.48048e+06
3.47572e+06
3.48884e+06
3.4824e+06
3.48587e+06
3.474e+06
3.47322e+06
3.46821e+06
3.46915e+06
3.46727e+06
3.46628e+06
3.45988e+06
3.46455e+06
3.46784e+06
3.47185e+06
3.47432e+06
3.47663e+06
3.47837e+06
3.47987e+06
3.48112e+06
3.4822e+06
3.48314e+06
3.48398e+06
3.48473e+06
3.4854e+06
3.48602e+06
3.48659e+06
3.48711e+06
3.4876e+06
3.48805e+06
3.48846e+06
3.48886e+06
3.48922e+06
3.48956e+06
3.48988e+06
3.49018e+06
3.49045e+06
3.53834e+06
3.46588e+06
3.50792e+06
3.47827e+06
3.5011e+06
3.48732e+06
3.49113e+06
3.47548e+06
3.47334e+06
3.46724e+06
3.46779e+06
3.46537e+06
3.46434e+06
3.4579e+06
3.46277e+06
3.46623e+06
3.47036e+06
3.47294e+06
3.47535e+06
3.47718e+06
3.47879e+06
3.48012e+06
3.48129e+06
3.48231e+06
3.48322e+06
3.48404e+06
3.48478e+06
3.48545e+06
3.48606e+06
3.48663e+06
3.48715e+06
3.48763e+06
3.48808e+06
3.4885e+06
3.48889e+06
3.48925e+06
3.48959e+06
3.4899e+06
3.49019e+06
3.58932e+06
3.45046e+06
3.53714e+06
3.4767e+06
3.51059e+06
3.48977e+06
3.49386e+06
3.47647e+06
3.47332e+06
3.46667e+06
3.46695e+06
3.46394e+06
3.46299e+06
3.45662e+06
3.46138e+06
3.46493e+06
3.46904e+06
3.47168e+06
3.47414e+06
3.47605e+06
3.47773e+06
3.47915e+06
3.4804e+06
3.4815e+06
3.48248e+06
3.48336e+06
3.48415e+06
3.48488e+06
3.48554e+06
3.48615e+06
3.48671e+06
3.48723e+06
3.48771e+06
3.48815e+06
3.48856e+06
3.48895e+06
3.4893e+06
3.48963e+06
3.48993e+06
3.62784e+06
3.41965e+06
3.55507e+06
3.46841e+06
3.51025e+06
3.48508e+06
3.48996e+06
3.47495e+06
3.47247e+06
3.46655e+06
3.46682e+06
3.46337e+06
3.46247e+06
3.45622e+06
3.46047e+06
3.46397e+06
3.46792e+06
3.47055e+06
3.47302e+06
3.47498e+06
3.47672e+06
3.47821e+06
3.47953e+06
3.4807e+06
3.48175e+06
3.48269e+06
3.48354e+06
3.48432e+06
3.48503e+06
3.48568e+06
3.48628e+06
3.48683e+06
3.48734e+06
3.48781e+06
3.48824e+06
3.48865e+06
3.48902e+06
3.48936e+06
3.48968e+06
3.61272e+06
3.39982e+06
3.53774e+06
3.45813e+06
3.49486e+06
3.47125e+06
3.47628e+06
3.46913e+06
3.47062e+06
3.46703e+06
3.46788e+06
3.46437e+06
3.46321e+06
3.4568e+06
3.46008e+06
3.46333e+06
3.46698e+06
3.46954e+06
3.47197e+06
3.47395e+06
3.47574e+06
3.47729e+06
3.47868e+06
3.47992e+06
3.48103e+06
3.48204e+06
3.48295e+06
3.48378e+06
3.48453e+06
3.48523e+06
3.48586e+06
3.48644e+06
3.48698e+06
3.48748e+06
3.48793e+06
3.48835e+06
3.48874e+06
3.4891e+06
3.48943e+06
3.54297e+06
3.41334e+06
3.49421e+06
3.45005e+06
3.46755e+06
3.45e+06
3.45347e+06
3.45853e+06
3.46813e+06
3.46841e+06
3.47058e+06
3.46775e+06
3.4656e+06
3.45823e+06
3.46014e+06
3.46293e+06
3.46619e+06
3.46861e+06
3.47098e+06
3.47297e+06
3.47479e+06
3.4764e+06
3.47786e+06
3.47916e+06
3.48034e+06
3.4814e+06
3.48237e+06
3.48325e+06
3.48405e+06
3.48478e+06
3.48545e+06
3.48607e+06
3.48663e+06
3.48715e+06
3.48763e+06
3.48807e+06
3.48847e+06
3.48884e+06
3.48919e+06
3.44094e+06
3.43719e+06
3.44253e+06
3.44075e+06
3.43652e+06
3.42589e+06
3.42757e+06
3.4453e+06
3.46603e+06
3.47114e+06
3.47511e+06
3.47362e+06
3.46967e+06
3.45995e+06
3.46038e+06
3.46259e+06
3.46542e+06
3.4677e+06
3.47e+06
3.472e+06
3.47387e+06
3.47554e+06
3.47705e+06
3.47842e+06
3.47966e+06
3.48078e+06
3.4818e+06
3.48273e+06
3.48358e+06
3.48435e+06
3.48505e+06
3.4857e+06
3.48629e+06
3.48683e+06
3.48733e+06
3.48779e+06
3.48821e+06
3.4886e+06
3.48895e+06
3.39566e+06
3.44491e+06
3.41095e+06
3.4324e+06
3.41844e+06
3.4105e+06
3.41244e+06
3.43637e+06
3.46643e+06
3.47576e+06
3.48092e+06
3.4812e+06
3.47457e+06
3.4612e+06
3.46037e+06
3.46204e+06
3.46455e+06
3.46674e+06
3.469e+06
3.42128e+06
3.45592e+06
3.42374e+06
3.43424e+06
3.42453e+06
3.4154e+06
3.419e+06
3.43954e+06
3.47067e+06
3.48165e+06
3.48609e+06
3.48813e+06
3.47834e+06
3.4611e+06
3.45959e+06
3.46103e+06
3.46343e+06
3.48794e+06
3.49163e+06
)
;

boundaryField
{
    inlet
    {
        type            calculated;
        value           nonuniform List<scalar> 0();
    }
    outlet
    {
        type            calculated;
        value           uniform 3.5e+06;
    }
    walls
    {
        type            calculated;
        value           nonuniform List<scalar> 0();
    }
    side1
    {
        type            cyclic;
    }
    side2
    {
        type            cyclic;
    }
    procBoundary5to3
    {
        type            processor;
        value           nonuniform List<scalar> 
84
(
3.4999e+06
3.49964e+06
3.49939e+06
3.49914e+06
3.49889e+06
3.49864e+06
3.49839e+06
3.49814e+06
3.49788e+06
3.49763e+06
3.49737e+06
3.49711e+06
3.49685e+06
3.49658e+06
3.49632e+06
3.49605e+06
3.49578e+06
3.49552e+06
3.49525e+06
3.49498e+06
3.49471e+06
3.49444e+06
3.49417e+06
3.49389e+06
3.49362e+06
3.49335e+06
3.49308e+06
3.49281e+06
3.49254e+06
3.49227e+06
3.49201e+06
3.49174e+06
3.49148e+06
3.49122e+06
3.49096e+06
3.49071e+06
3.49046e+06
3.49022e+06
3.48997e+06
3.48974e+06
3.4895e+06
3.48928e+06
3.4999e+06
3.49964e+06
3.49939e+06
3.49914e+06
3.49889e+06
3.49864e+06
3.49839e+06
3.49814e+06
3.49788e+06
3.49763e+06
3.49737e+06
3.49711e+06
3.49685e+06
3.49658e+06
3.49632e+06
3.49605e+06
3.49578e+06
3.49552e+06
3.49525e+06
3.49498e+06
3.49471e+06
3.49444e+06
3.49417e+06
3.49389e+06
3.49362e+06
3.49335e+06
3.49308e+06
3.49281e+06
3.49254e+06
3.49227e+06
3.49201e+06
3.49174e+06
3.49148e+06
3.49122e+06
3.49096e+06
3.49071e+06
3.49046e+06
3.49022e+06
3.48997e+06
3.48974e+06
3.4895e+06
3.48928e+06
)
;
    }
    procBoundary5to4
    {
        type            processor;
        value           nonuniform List<scalar> 
86
(
3.47103e+06
3.47295e+06
3.47469e+06
3.47627e+06
3.47771e+06
3.47901e+06
3.48019e+06
3.48126e+06
3.48224e+06
3.48312e+06
3.48393e+06
3.48467e+06
3.48534e+06
3.48596e+06
3.48652e+06
3.48704e+06
3.48752e+06
3.48795e+06
3.48835e+06
3.48872e+06
3.46564e+06
3.47103e+06
3.46794e+06
3.45415e+06
3.47489e+06
3.44901e+06
3.44682e+06
3.44416e+06
3.43687e+06
3.44146e+06
3.45311e+06
3.4761e+06
3.48579e+06
3.47891e+06
3.45921e+06
3.45771e+06
3.45944e+06
3.46564e+06
3.462e+06
3.48579e+06
3.48538e+06
3.47891e+06
3.49052e+06
3.47103e+06
3.47295e+06
3.47469e+06
3.47627e+06
3.47771e+06
3.47901e+06
3.48019e+06
3.48126e+06
3.48224e+06
3.48312e+06
3.48393e+06
3.48467e+06
3.48534e+06
3.48596e+06
3.48652e+06
3.48704e+06
3.48752e+06
3.48795e+06
3.48835e+06
3.48872e+06
3.46564e+06
3.47103e+06
3.46794e+06
3.45415e+06
3.47489e+06
3.44901e+06
3.44682e+06
3.44416e+06
3.43687e+06
3.44146e+06
3.45311e+06
3.4761e+06
3.48579e+06
3.47891e+06
3.45921e+06
3.45771e+06
3.45944e+06
3.46564e+06
3.462e+06
3.48579e+06
3.48538e+06
3.47891e+06
3.49052e+06
)
;
    }
}


// ************************************************************************* //
