/*--------------------------------*- C++ -*----------------------------------*\
| =========                 |                                                 |
| \\      /  F ield         | OpenFOAM: The Open Source CFD Toolbox           |
|  \\    /   O peration     | Version:  v2012                                 |
|   \\  /    A nd           | Website:  www.openfoam.com                      |
|    \\/     M anipulation  |                                                 |
\*---------------------------------------------------------------------------*/
FoamFile
{
    version     2.0;
    format      ascii;
    class       volScalarField;
    location    "0.95";
    object      p_rgh;
}
// * * * * * * * * * * * * * * * * * * * * * * * * * * * * * * * * * * * * * //

dimensions      [1 -1 -2 0 0 0 0];


internalField   nonuniform List<scalar> 
2650
(
6.03139e+06
6.05125e+06
6.05066e+06
6.05433e+06
6.05395e+06
6.07266e+06
6.0684e+06
6.06791e+06
6.06672e+06
6.06653e+06
6.04699e+06
6.05624e+06
6.05508e+06
6.05716e+06
6.05691e+06
6.06681e+06
6.06763e+06
6.0675e+06
6.06742e+06
6.06731e+06
6.06006e+06
6.06062e+06
6.06053e+06
6.06091e+06
6.06087e+06
6.0685e+06
6.06855e+06
6.06849e+06
6.06844e+06
6.06841e+06
6.06412e+06
6.06422e+06
6.06424e+06
6.06434e+06
6.06433e+06
6.0703e+06
6.07032e+06
6.07026e+06
6.07023e+06
6.07021e+06
6.06704e+06
6.0671e+06
6.06713e+06
6.0672e+06
6.0672e+06
6.07281e+06
6.07282e+06
6.07276e+06
6.07272e+06
6.07271e+06
6.06923e+06
6.06929e+06
6.06933e+06
6.06941e+06
6.0694e+06
6.07614e+06
6.07615e+06
6.07605e+06
6.07599e+06
6.07598e+06
6.07056e+06
6.07064e+06
6.07061e+06
6.07071e+06
6.07064e+06
6.08067e+06
6.08066e+06
6.08044e+06
6.0803e+06
6.08025e+06
6.07132e+06
6.07133e+06
6.07088e+06
6.07053e+06
6.07006e+06
6.08742e+06
6.08741e+06
6.08699e+06
6.0864e+06
6.08651e+06
6.07586e+06
6.0757e+06
6.07331e+06
6.07109e+06
6.06521e+06
6.09679e+06
6.09706e+06
6.09634e+06
6.0963e+06
6.09393e+06
6.09866e+06
6.0985e+06
6.09963e+06
6.09954e+06
6.09986e+06
6.09984e+06
6.09994e+06
6.09994e+06
6.09997e+06
6.09997e+06
6.09998e+06
6.09999e+06
6.09999e+06
6.09999e+06
6.09999e+06
6.1e+06
6.1e+06
6.1e+06
6.1e+06
6.1e+06
6.1e+06
6.1e+06
6.1e+06
6.1e+06
6.1e+06
6.1e+06
6.0948e+06
6.0952e+06
6.09509e+06
6.09618e+06
6.09575e+06
6.09927e+06
6.09879e+06
6.09974e+06
6.09959e+06
6.09987e+06
6.09984e+06
6.09993e+06
6.09993e+06
6.09996e+06
6.09997e+06
6.09998e+06
6.09998e+06
6.09999e+06
6.09999e+06
6.09999e+06
6.09999e+06
6.1e+06
6.1e+06
6.1e+06
6.1e+06
6.1e+06
6.1e+06
6.1e+06
6.1e+06
6.1e+06
6.1e+06
6.09956e+06
6.0997e+06
6.09953e+06
6.09973e+06
6.09942e+06
6.09989e+06
6.09964e+06
6.09991e+06
6.09981e+06
6.09993e+06
6.0999e+06
6.09995e+06
6.09995e+06
6.09997e+06
6.09997e+06
6.09998e+06
6.09998e+06
6.09999e+06
6.09999e+06
6.09999e+06
6.09999e+06
6.1e+06
6.1e+06
6.1e+06
6.1e+06
6.1e+06
6.1e+06
6.1e+06
6.1e+06
6.1e+06
6.1e+06
6.09872e+06
6.09887e+06
6.0988e+06
6.09912e+06
6.09904e+06
6.09959e+06
6.0995e+06
6.0998e+06
6.09976e+06
6.09989e+06
6.09989e+06
6.09994e+06
6.09994e+06
6.09997e+06
6.09997e+06
6.09998e+06
6.09998e+06
6.09999e+06
6.09999e+06
6.09999e+06
6.09999e+06
6.1e+06
6.1e+06
6.1e+06
6.1e+06
6.1e+06
6.1e+06
6.1e+06
6.1e+06
6.1e+06
6.1e+06
6.09998e+06
6.10004e+06
6.09997e+06
6.10002e+06
6.09994e+06
6.10001e+06
6.09993e+06
6.09999e+06
6.09994e+06
6.09997e+06
6.09996e+06
6.09997e+06
6.09997e+06
6.09998e+06
6.09998e+06
6.09998e+06
6.09999e+06
6.09999e+06
6.09999e+06
6.09999e+06
6.09999e+06
6.1e+06
6.1e+06
6.1e+06
6.1e+06
6.1e+06
6.1e+06
6.1e+06
6.1e+06
6.1e+06
6.1e+06
6.09959e+06
6.09966e+06
6.09962e+06
6.09971e+06
6.09969e+06
6.09981e+06
6.09979e+06
6.09988e+06
6.09988e+06
6.09993e+06
6.09993e+06
6.09996e+06
6.09996e+06
6.09997e+06
6.09998e+06
6.09998e+06
6.09999e+06
6.09999e+06
6.09999e+06
6.09999e+06
6.09999e+06
6.1e+06
6.1e+06
6.1e+06
6.1e+06
6.1e+06
6.1e+06
6.1e+06
6.1e+06
6.1e+06
6.1e+06
6.10001e+06
6.10004e+06
6.10001e+06
6.10003e+06
6.1e+06
6.10001e+06
6.09999e+06
6.1e+06
6.09998e+06
6.09999e+06
6.09998e+06
6.09998e+06
6.09998e+06
6.09999e+06
6.09999e+06
6.09999e+06
6.09999e+06
6.09999e+06
6.09999e+06
6.09999e+06
6.09999e+06
6.1e+06
6.1e+06
6.1e+06
6.1e+06
6.1e+06
6.1e+06
6.1e+06
6.1e+06
6.1e+06
6.1e+06
6.09983e+06
6.09987e+06
6.09985e+06
6.09988e+06
6.09987e+06
6.09991e+06
6.0999e+06
6.09993e+06
6.09994e+06
6.09995e+06
6.09996e+06
6.09997e+06
6.09997e+06
6.09998e+06
6.09998e+06
6.09999e+06
6.09999e+06
6.09999e+06
6.09999e+06
6.09999e+06
6.1e+06
6.1e+06
6.1e+06
6.1e+06
6.1e+06
6.1e+06
6.1e+06
6.1e+06
6.1e+06
6.1e+06
6.1e+06
6.09999e+06
6.10002e+06
6.10001e+06
6.10002e+06
6.1e+06
6.10001e+06
6.1e+06
6.1e+06
6.09999e+06
6.09999e+06
6.09999e+06
6.09999e+06
6.09999e+06
6.09999e+06
6.09999e+06
6.09999e+06
6.09999e+06
6.09999e+06
6.09999e+06
6.09999e+06
6.1e+06
6.1e+06
6.1e+06
6.1e+06
6.1e+06
6.1e+06
6.1e+06
6.1e+06
6.1e+06
6.1e+06
6.1e+06
6.09991e+06
6.09994e+06
6.09993e+06
6.09994e+06
6.09994e+06
6.09995e+06
6.09995e+06
6.09996e+06
6.09996e+06
6.09997e+06
6.09998e+06
6.09998e+06
6.09998e+06
6.09999e+06
6.09999e+06
6.09999e+06
6.09999e+06
6.09999e+06
6.09999e+06
6.1e+06
6.1e+06
6.1e+06
6.1e+06
6.1e+06
6.1e+06
6.1e+06
6.1e+06
6.1e+06
6.1e+06
6.1e+06
6.1e+06
6.09999e+06
6.10001e+06
6.1e+06
6.10001e+06
6.1e+06
6.1e+06
6.1e+06
6.1e+06
6.09999e+06
6.1e+06
6.09999e+06
6.09999e+06
6.09999e+06
6.09999e+06
6.09999e+06
6.09999e+06
6.09999e+06
6.09999e+06
6.1e+06
6.1e+06
6.1e+06
6.1e+06
6.1e+06
6.1e+06
6.1e+06
6.1e+06
6.1e+06
6.1e+06
6.1e+06
6.1e+06
6.1e+06
6.09995e+06
6.09997e+06
6.09996e+06
6.09997e+06
6.09997e+06
6.09997e+06
6.09997e+06
6.09998e+06
6.09998e+06
6.09998e+06
6.09998e+06
6.09999e+06
6.09999e+06
6.09999e+06
6.09999e+06
6.09999e+06
6.09999e+06
6.09999e+06
6.1e+06
6.1e+06
6.1e+06
6.1e+06
6.1e+06
6.1e+06
6.1e+06
6.1e+06
6.1e+06
6.1e+06
6.1e+06
6.1e+06
6.1e+06
6.09999e+06
6.1e+06
6.1e+06
6.1e+06
6.1e+06
6.1e+06
6.1e+06
6.1e+06
6.1e+06
6.1e+06
6.09999e+06
6.09999e+06
6.09999e+06
6.09999e+06
6.09999e+06
6.1e+06
6.1e+06
6.1e+06
6.1e+06
6.1e+06
6.1e+06
6.1e+06
6.1e+06
6.1e+06
6.1e+06
6.1e+06
6.1e+06
6.1e+06
6.1e+06
6.1e+06
6.1e+06
6.09997e+06
6.09998e+06
6.09998e+06
6.09998e+06
6.09998e+06
6.09998e+06
6.09998e+06
6.09999e+06
6.09999e+06
6.09999e+06
6.09999e+06
6.09999e+06
6.09999e+06
6.09999e+06
6.09999e+06
6.09999e+06
6.1e+06
6.1e+06
6.1e+06
6.1e+06
6.1e+06
6.1e+06
6.1e+06
6.1e+06
6.1e+06
6.1e+06
6.1e+06
6.1e+06
6.1e+06
6.1e+06
6.1e+06
6.09999e+06
6.1e+06
6.09999e+06
6.1e+06
6.1e+06
6.1e+06
6.1e+06
6.1e+06
6.1e+06
6.1e+06
6.1e+06
6.1e+06
6.1e+06
6.1e+06
6.1e+06
6.1e+06
6.1e+06
6.1e+06
6.1e+06
6.1e+06
6.1e+06
6.1e+06
6.1e+06
6.1e+06
6.1e+06
6.1e+06
6.1e+06
6.1e+06
6.1e+06
6.1e+06
6.1e+06
6.09998e+06
6.09999e+06
6.09998e+06
6.09999e+06
6.09999e+06
6.09999e+06
6.09999e+06
6.09999e+06
6.09999e+06
6.09999e+06
6.09999e+06
6.09999e+06
6.09999e+06
6.1e+06
6.1e+06
6.1e+06
6.1e+06
6.1e+06
6.1e+06
6.1e+06
6.1e+06
6.1e+06
6.1e+06
6.1e+06
6.1e+06
6.1e+06
6.1e+06
6.1e+06
6.1e+06
6.1e+06
6.1e+06
6.09999e+06
6.1e+06
6.09999e+06
6.1e+06
6.1e+06
6.1e+06
6.1e+06
6.1e+06
6.1e+06
6.1e+06
6.1e+06
6.1e+06
6.1e+06
6.1e+06
6.1e+06
6.1e+06
6.1e+06
6.1e+06
6.1e+06
6.1e+06
6.1e+06
6.1e+06
6.1e+06
6.1e+06
6.1e+06
6.1e+06
6.1e+06
6.1e+06
6.1e+06
6.1e+06
6.1e+06
6.09998e+06
6.09999e+06
6.09999e+06
6.09999e+06
6.09999e+06
6.09999e+06
6.09999e+06
6.09999e+06
6.09999e+06
6.1e+06
6.1e+06
6.1e+06
6.1e+06
6.1e+06
6.1e+06
6.1e+06
6.1e+06
6.1e+06
6.1e+06
6.1e+06
6.1e+06
6.1e+06
6.1e+06
6.1e+06
6.1e+06
6.1e+06
6.1e+06
6.1e+06
6.1e+06
6.1e+06
6.1e+06
6.09999e+06
6.1e+06
6.09999e+06
6.1e+06
6.1e+06
6.1e+06
6.1e+06
6.1e+06
6.1e+06
6.1e+06
6.1e+06
6.1e+06
6.1e+06
6.1e+06
6.1e+06
6.1e+06
6.1e+06
6.1e+06
6.1e+06
6.1e+06
6.1e+06
6.1e+06
6.1e+06
6.1e+06
6.1e+06
6.1e+06
6.1e+06
6.1e+06
6.1e+06
6.1e+06
6.1e+06
6.09999e+06
6.1e+06
6.09999e+06
6.1e+06
6.09999e+06
6.1e+06
6.1e+06
6.1e+06
6.1e+06
6.1e+06
6.1e+06
6.1e+06
6.1e+06
6.1e+06
6.1e+06
6.1e+06
6.1e+06
6.1e+06
6.1e+06
6.1e+06
6.1e+06
6.1e+06
6.1e+06
6.1e+06
6.1e+06
6.1e+06
6.1e+06
6.1e+06
6.1e+06
6.1e+06
6.1e+06
6.09999e+06
6.1e+06
6.09999e+06
6.1e+06
6.1e+06
6.1e+06
6.1e+06
6.1e+06
6.1e+06
6.1e+06
6.1e+06
6.1e+06
6.1e+06
6.1e+06
6.1e+06
6.1e+06
6.1e+06
6.1e+06
6.1e+06
6.1e+06
6.1e+06
6.1e+06
6.1e+06
6.1e+06
6.1e+06
6.1e+06
6.1e+06
6.1e+06
6.1e+06
6.1e+06
6.1e+06
6.09999e+06
6.1e+06
6.09999e+06
6.1e+06
6.1e+06
6.1e+06
6.1e+06
6.1e+06
6.1e+06
6.1e+06
6.1e+06
6.1e+06
6.1e+06
6.1e+06
6.1e+06
6.1e+06
6.1e+06
6.1e+06
6.1e+06
6.1e+06
6.1e+06
6.1e+06
6.1e+06
6.1e+06
6.1e+06
6.1e+06
6.1e+06
6.1e+06
6.1e+06
6.1e+06
6.1e+06
6.09999e+06
6.1e+06
6.1e+06
6.1e+06
6.1e+06
6.1e+06
6.1e+06
6.1e+06
6.1e+06
6.1e+06
6.1e+06
6.1e+06
6.1e+06
6.1e+06
6.1e+06
6.1e+06
6.1e+06
6.1e+06
6.1e+06
6.1e+06
6.1e+06
6.1e+06
6.1e+06
6.1e+06
6.1e+06
6.1e+06
6.1e+06
6.1e+06
6.1e+06
6.1e+06
6.1e+06
6.09999e+06
6.1e+06
6.1e+06
6.1e+06
6.1e+06
6.1e+06
6.1e+06
6.1e+06
6.1e+06
6.1e+06
6.1e+06
6.1e+06
6.1e+06
6.1e+06
6.1e+06
6.1e+06
6.1e+06
6.1e+06
6.1e+06
6.1e+06
6.1e+06
6.1e+06
6.1e+06
6.1e+06
6.1e+06
6.1e+06
6.1e+06
6.1e+06
6.1e+06
6.1e+06
6.1e+06
6.09999e+06
6.1e+06
6.1e+06
6.1e+06
6.1e+06
6.1e+06
6.1e+06
6.1e+06
6.1e+06
6.1e+06
6.1e+06
6.1e+06
6.1e+06
6.1e+06
6.1e+06
6.1e+06
6.1e+06
6.1e+06
6.1e+06
6.1e+06
6.1e+06
6.1e+06
6.1e+06
6.1e+06
6.1e+06
6.1e+06
6.1e+06
6.1e+06
6.1e+06
6.1e+06
6.1e+06
6.09999e+06
6.1e+06
6.1e+06
6.1e+06
6.1e+06
6.1e+06
6.1e+06
6.1e+06
6.1e+06
6.1e+06
6.1e+06
6.1e+06
6.1e+06
6.1e+06
6.1e+06
6.1e+06
6.1e+06
6.1e+06
6.1e+06
6.1e+06
6.1e+06
6.1e+06
6.1e+06
6.1e+06
6.1e+06
6.1e+06
6.1e+06
6.1e+06
6.1e+06
6.1e+06
6.1e+06
6.09999e+06
6.1e+06
6.1e+06
6.1e+06
6.1e+06
6.1e+06
6.1e+06
6.1e+06
6.1e+06
6.1e+06
6.1e+06
6.1e+06
6.1e+06
6.1e+06
6.1e+06
6.1e+06
6.1e+06
6.1e+06
6.1e+06
6.1e+06
6.1e+06
6.1e+06
6.1e+06
6.1e+06
6.1e+06
6.1e+06
6.1e+06
6.1e+06
6.1e+06
6.1e+06
6.1e+06
6.1e+06
6.1e+06
6.1e+06
6.1e+06
6.1e+06
6.1e+06
6.1e+06
6.1e+06
6.1e+06
6.1e+06
6.1e+06
6.1e+06
6.1e+06
6.1e+06
6.1e+06
6.1e+06
6.1e+06
6.1e+06
6.1e+06
6.1e+06
6.1e+06
6.1e+06
6.1e+06
6.1e+06
6.1e+06
6.1e+06
6.1e+06
6.1e+06
6.1e+06
6.1e+06
6.1e+06
6.1e+06
6.1e+06
6.1e+06
6.1e+06
6.1e+06
6.1e+06
6.1e+06
6.1e+06
6.1e+06
6.1e+06
6.1e+06
6.1e+06
6.1e+06
6.1e+06
6.1e+06
6.1e+06
6.1e+06
6.1e+06
6.1e+06
6.1e+06
6.1e+06
6.1e+06
6.1e+06
6.1e+06
6.1e+06
6.1e+06
6.1e+06
6.1e+06
6.1e+06
6.1e+06
6.1e+06
6.1e+06
6.1e+06
6.1e+06
6.1e+06
6.1e+06
6.1e+06
6.1e+06
6.1e+06
6.1e+06
6.1e+06
6.1e+06
6.1e+06
6.1e+06
6.1e+06
6.1e+06
6.1e+06
6.1e+06
6.1e+06
6.1e+06
6.1e+06
6.1e+06
6.1e+06
6.1e+06
6.1e+06
6.1e+06
6.1e+06
6.1e+06
6.1e+06
6.1e+06
6.1e+06
6.1e+06
6.1e+06
6.1e+06
6.1e+06
6.1e+06
6.1e+06
6.1e+06
6.1e+06
6.1e+06
6.1e+06
6.1e+06
6.1e+06
6.1e+06
6.1e+06
6.1e+06
6.1e+06
6.1e+06
6.1e+06
6.1e+06
6.1e+06
6.1e+06
6.1e+06
6.1e+06
6.1e+06
6.1e+06
6.1e+06
6.1e+06
6.1e+06
6.1e+06
6.1e+06
6.1e+06
6.1e+06
6.1e+06
6.1e+06
6.1e+06
6.1e+06
6.1e+06
6.1e+06
6.1e+06
6.1e+06
6.1e+06
6.1e+06
6.1e+06
6.1e+06
6.1e+06
6.1e+06
6.1e+06
6.1e+06
6.1e+06
6.1e+06
6.1e+06
6.1e+06
6.1e+06
6.1e+06
6.1e+06
6.1e+06
6.1e+06
6.1e+06
6.1e+06
6.1e+06
6.1e+06
6.1e+06
6.1e+06
6.1e+06
6.1e+06
6.1e+06
6.1e+06
6.1e+06
6.1e+06
6.1e+06
6.1e+06
6.1e+06
6.1e+06
6.1e+06
6.1e+06
6.1e+06
6.1e+06
6.1e+06
6.1e+06
6.1e+06
6.1e+06
6.1e+06
6.1e+06
6.1e+06
6.1e+06
6.1e+06
6.1e+06
6.1e+06
6.1e+06
6.1e+06
6.1e+06
6.1e+06
6.1e+06
6.1e+06
6.1e+06
6.1e+06
6.1e+06
6.1e+06
6.1e+06
6.1e+06
6.1e+06
6.1e+06
6.1e+06
6.1e+06
6.1e+06
6.1e+06
6.1e+06
6.1e+06
6.1e+06
6.1e+06
6.1e+06
6.1e+06
6.1e+06
6.1e+06
6.1e+06
6.1e+06
6.1e+06
6.1e+06
6.1e+06
6.1e+06
6.1e+06
6.1e+06
6.1e+06
6.1e+06
6.1e+06
6.09999e+06
6.1e+06
6.1e+06
6.1e+06
6.1e+06
6.1e+06
6.1e+06
6.1e+06
6.1e+06
6.1e+06
6.1e+06
6.1e+06
6.1e+06
6.1e+06
6.1e+06
6.1e+06
6.1e+06
6.1e+06
6.1e+06
6.1e+06
6.1e+06
6.1e+06
6.1e+06
6.1e+06
6.1e+06
6.1e+06
6.1e+06
6.1e+06
6.1e+06
6.1e+06
6.1e+06
6.1e+06
6.1e+06
6.1e+06
6.1e+06
6.1e+06
6.1e+06
6.1e+06
6.1e+06
6.1e+06
6.1e+06
6.1e+06
6.1e+06
6.1e+06
6.1e+06
6.1e+06
6.1e+06
6.1e+06
6.1e+06
6.1e+06
6.1e+06
6.1e+06
6.1e+06
6.1e+06
6.1e+06
6.1e+06
6.1e+06
6.1e+06
6.1e+06
6.1e+06
6.1e+06
6.1e+06
6.09999e+06
6.1e+06
6.09999e+06
6.1e+06
6.1e+06
6.1e+06
6.1e+06
6.1e+06
6.1e+06
6.1e+06
6.1e+06
6.1e+06
6.1e+06
6.1e+06
6.1e+06
6.1e+06
6.1e+06
6.1e+06
6.1e+06
6.1e+06
6.1e+06
6.1e+06
6.1e+06
6.1e+06
6.1e+06
6.1e+06
6.1e+06
6.1e+06
6.1e+06
6.1e+06
6.1e+06
6.10001e+06
6.10001e+06
6.10001e+06
6.10001e+06
6.10001e+06
6.10001e+06
6.1e+06
6.1e+06
6.1e+06
6.1e+06
6.1e+06
6.1e+06
6.1e+06
6.1e+06
6.1e+06
6.1e+06
6.1e+06
6.1e+06
6.1e+06
6.1e+06
6.1e+06
6.1e+06
6.1e+06
6.1e+06
6.1e+06
6.1e+06
6.1e+06
6.1e+06
6.1e+06
6.1e+06
6.1e+06
6.09999e+06
6.09999e+06
6.09999e+06
6.09999e+06
6.09999e+06
6.09999e+06
6.09999e+06
6.1e+06
6.1e+06
6.1e+06
6.1e+06
6.1e+06
6.1e+06
6.1e+06
6.1e+06
6.1e+06
6.1e+06
6.1e+06
6.1e+06
6.1e+06
6.1e+06
6.1e+06
6.1e+06
6.1e+06
6.1e+06
6.1e+06
6.1e+06
6.1e+06
6.1e+06
6.1e+06
6.1e+06
6.10001e+06
6.10001e+06
6.10001e+06
6.10001e+06
6.10001e+06
6.10001e+06
6.10001e+06
6.10001e+06
6.10001e+06
6.10001e+06
6.10001e+06
6.10001e+06
6.1e+06
6.1e+06
6.1e+06
6.1e+06
6.1e+06
6.1e+06
6.1e+06
6.1e+06
6.1e+06
6.1e+06
6.1e+06
6.1e+06
6.1e+06
6.1e+06
6.1e+06
6.1e+06
6.1e+06
6.1e+06
6.1e+06
6.03139e+06
6.05125e+06
6.05066e+06
6.05433e+06
6.05395e+06
6.07266e+06
6.0684e+06
6.06791e+06
6.06672e+06
6.06653e+06
6.04699e+06
6.05624e+06
6.05508e+06
6.05716e+06
6.05691e+06
6.06681e+06
6.06763e+06
6.0675e+06
6.06742e+06
6.06731e+06
6.06006e+06
6.06062e+06
6.06053e+06
6.06091e+06
6.06087e+06
6.0685e+06
6.06855e+06
6.06849e+06
6.06844e+06
6.06841e+06
6.06412e+06
6.06422e+06
6.06424e+06
6.06434e+06
6.06433e+06
6.0703e+06
6.07032e+06
6.07026e+06
6.07023e+06
6.07021e+06
6.06704e+06
6.0671e+06
6.06713e+06
6.0672e+06
6.0672e+06
6.07281e+06
6.07282e+06
6.07276e+06
6.07272e+06
6.07271e+06
6.06923e+06
6.06929e+06
6.06933e+06
6.06941e+06
6.0694e+06
6.07614e+06
6.07615e+06
6.07605e+06
6.07599e+06
6.07598e+06
6.07056e+06
6.07064e+06
6.07061e+06
6.07071e+06
6.07064e+06
6.08067e+06
6.08066e+06
6.08044e+06
6.0803e+06
6.08025e+06
6.07132e+06
6.07133e+06
6.07088e+06
6.07053e+06
6.07006e+06
6.08742e+06
6.08741e+06
6.08699e+06
6.0864e+06
6.08651e+06
6.07586e+06
6.0757e+06
6.07331e+06
6.07109e+06
6.06521e+06
6.09679e+06
6.09706e+06
6.09634e+06
6.0963e+06
6.09393e+06
6.09866e+06
6.0985e+06
6.09963e+06
6.09954e+06
6.09986e+06
6.09984e+06
6.09994e+06
6.09994e+06
6.09997e+06
6.09997e+06
6.09998e+06
6.09999e+06
6.09999e+06
6.09999e+06
6.09999e+06
6.1e+06
6.1e+06
6.1e+06
6.1e+06
6.1e+06
6.1e+06
6.1e+06
6.1e+06
6.1e+06
6.1e+06
6.1e+06
6.0948e+06
6.0952e+06
6.09509e+06
6.09618e+06
6.09575e+06
6.09927e+06
6.09879e+06
6.09974e+06
6.09959e+06
6.09987e+06
6.09984e+06
6.09993e+06
6.09993e+06
6.09996e+06
6.09997e+06
6.09998e+06
6.09998e+06
6.09999e+06
6.09999e+06
6.09999e+06
6.09999e+06
6.1e+06
6.1e+06
6.1e+06
6.1e+06
6.1e+06
6.1e+06
6.1e+06
6.1e+06
6.1e+06
6.1e+06
6.09956e+06
6.0997e+06
6.09953e+06
6.09973e+06
6.09942e+06
6.09989e+06
6.09964e+06
6.09991e+06
6.09981e+06
6.09993e+06
6.0999e+06
6.09995e+06
6.09995e+06
6.09997e+06
6.09997e+06
6.09998e+06
6.09998e+06
6.09999e+06
6.09999e+06
6.09999e+06
6.09999e+06
6.1e+06
6.1e+06
6.1e+06
6.1e+06
6.1e+06
6.1e+06
6.1e+06
6.1e+06
6.1e+06
6.1e+06
6.09872e+06
6.09887e+06
6.0988e+06
6.09912e+06
6.09904e+06
6.09959e+06
6.0995e+06
6.0998e+06
6.09976e+06
6.09989e+06
6.09989e+06
6.09994e+06
6.09994e+06
6.09997e+06
6.09997e+06
6.09998e+06
6.09998e+06
6.09999e+06
6.09999e+06
6.09999e+06
6.09999e+06
6.1e+06
6.1e+06
6.1e+06
6.1e+06
6.1e+06
6.1e+06
6.1e+06
6.1e+06
6.1e+06
6.1e+06
6.09998e+06
6.10004e+06
6.09997e+06
6.10002e+06
6.09994e+06
6.10001e+06
6.09993e+06
6.09999e+06
6.09994e+06
6.09997e+06
6.09996e+06
6.09997e+06
6.09997e+06
6.09998e+06
6.09998e+06
6.09998e+06
6.09999e+06
6.09999e+06
6.09999e+06
6.09999e+06
6.09999e+06
6.1e+06
6.1e+06
6.1e+06
6.1e+06
6.1e+06
6.1e+06
6.1e+06
6.1e+06
6.1e+06
6.1e+06
6.09959e+06
6.09966e+06
6.09962e+06
6.09971e+06
6.09969e+06
6.09981e+06
6.09979e+06
6.09988e+06
6.09988e+06
6.09993e+06
6.09993e+06
6.09996e+06
6.09996e+06
6.09997e+06
6.09998e+06
6.09998e+06
6.09999e+06
6.09999e+06
6.09999e+06
6.09999e+06
6.09999e+06
6.1e+06
6.1e+06
6.1e+06
6.1e+06
6.1e+06
6.1e+06
6.1e+06
6.1e+06
6.1e+06
6.1e+06
6.10001e+06
6.10004e+06
6.10001e+06
6.10003e+06
6.1e+06
6.10001e+06
6.09999e+06
6.1e+06
6.09998e+06
6.09999e+06
6.09998e+06
6.09998e+06
6.09998e+06
6.09999e+06
6.09999e+06
6.09999e+06
6.09999e+06
6.09999e+06
6.09999e+06
6.09999e+06
6.09999e+06
6.1e+06
6.1e+06
6.1e+06
6.1e+06
6.1e+06
6.1e+06
6.1e+06
6.1e+06
6.1e+06
6.1e+06
6.09983e+06
6.09987e+06
6.09985e+06
6.09988e+06
6.09987e+06
6.09991e+06
6.0999e+06
6.09993e+06
6.09994e+06
6.09995e+06
6.09996e+06
6.09997e+06
6.09997e+06
6.09998e+06
6.09998e+06
6.09999e+06
6.09999e+06
6.09999e+06
6.09999e+06
6.09999e+06
6.1e+06
6.1e+06
6.1e+06
6.1e+06
6.1e+06
6.1e+06
6.1e+06
6.1e+06
6.1e+06
6.1e+06
6.1e+06
6.09999e+06
6.10002e+06
6.10001e+06
6.10002e+06
6.1e+06
6.10001e+06
6.1e+06
6.1e+06
6.09999e+06
6.09999e+06
6.09999e+06
6.09999e+06
6.09999e+06
6.09999e+06
6.09999e+06
6.09999e+06
6.09999e+06
6.09999e+06
6.09999e+06
6.09999e+06
6.1e+06
6.1e+06
6.1e+06
6.1e+06
6.1e+06
6.1e+06
6.1e+06
6.1e+06
6.1e+06
6.1e+06
6.1e+06
6.09991e+06
6.09994e+06
6.09993e+06
6.09994e+06
6.09994e+06
6.09995e+06
6.09995e+06
6.09996e+06
6.09996e+06
6.09997e+06
6.09998e+06
6.09998e+06
6.09998e+06
6.09999e+06
6.09999e+06
6.09999e+06
6.09999e+06
6.09999e+06
6.09999e+06
6.1e+06
6.1e+06
6.1e+06
6.1e+06
6.1e+06
6.1e+06
6.1e+06
6.1e+06
6.1e+06
6.1e+06
6.1e+06
6.1e+06
6.09999e+06
6.10001e+06
6.1e+06
6.10001e+06
6.1e+06
6.1e+06
6.1e+06
6.1e+06
6.09999e+06
6.1e+06
6.09999e+06
6.09999e+06
6.09999e+06
6.09999e+06
6.09999e+06
6.09999e+06
6.09999e+06
6.09999e+06
6.1e+06
6.1e+06
6.1e+06
6.1e+06
6.1e+06
6.1e+06
6.1e+06
6.1e+06
6.1e+06
6.1e+06
6.1e+06
6.1e+06
6.1e+06
6.09995e+06
6.09997e+06
6.09996e+06
6.09997e+06
6.09997e+06
6.09997e+06
6.09997e+06
6.09998e+06
6.09998e+06
6.09998e+06
6.09998e+06
6.09999e+06
6.09999e+06
6.09999e+06
6.09999e+06
6.09999e+06
6.09999e+06
6.09999e+06
6.1e+06
6.1e+06
6.1e+06
6.1e+06
6.1e+06
6.1e+06
6.1e+06
6.1e+06
6.1e+06
6.1e+06
6.1e+06
6.1e+06
6.1e+06
6.09999e+06
6.1e+06
6.1e+06
6.1e+06
6.1e+06
6.1e+06
6.1e+06
6.1e+06
6.1e+06
6.1e+06
6.09999e+06
6.09999e+06
6.09999e+06
6.09999e+06
6.09999e+06
6.1e+06
6.1e+06
6.1e+06
6.1e+06
6.1e+06
6.1e+06
6.1e+06
6.1e+06
6.1e+06
6.1e+06
6.1e+06
6.1e+06
6.1e+06
6.1e+06
6.1e+06
6.1e+06
6.09997e+06
6.09998e+06
6.09998e+06
6.09998e+06
6.09998e+06
6.09998e+06
6.09998e+06
6.09999e+06
6.09999e+06
6.09999e+06
6.09999e+06
6.09999e+06
6.09999e+06
6.09999e+06
6.09999e+06
6.09999e+06
6.1e+06
6.1e+06
6.1e+06
6.1e+06
6.1e+06
6.1e+06
6.1e+06
6.1e+06
6.1e+06
6.1e+06
6.1e+06
6.1e+06
6.1e+06
6.1e+06
6.1e+06
6.09999e+06
6.1e+06
6.09999e+06
6.1e+06
6.1e+06
6.1e+06
6.1e+06
6.1e+06
6.1e+06
6.1e+06
6.1e+06
6.1e+06
6.1e+06
6.1e+06
6.1e+06
6.1e+06
6.1e+06
6.1e+06
6.1e+06
6.1e+06
6.1e+06
6.1e+06
6.1e+06
6.1e+06
6.1e+06
6.1e+06
6.1e+06
6.1e+06
6.1e+06
6.1e+06
6.1e+06
6.09998e+06
6.09999e+06
6.09998e+06
6.09999e+06
6.09999e+06
6.09999e+06
6.09999e+06
6.09999e+06
6.09999e+06
6.09999e+06
6.09999e+06
6.09999e+06
6.09999e+06
6.1e+06
6.1e+06
6.1e+06
6.1e+06
6.1e+06
6.1e+06
6.1e+06
6.1e+06
6.1e+06
6.1e+06
6.1e+06
6.1e+06
6.1e+06
6.1e+06
6.1e+06
6.1e+06
6.1e+06
6.1e+06
6.09999e+06
6.1e+06
6.09999e+06
6.1e+06
6.1e+06
6.1e+06
6.1e+06
6.1e+06
6.1e+06
6.1e+06
6.1e+06
6.1e+06
6.1e+06
6.1e+06
6.1e+06
6.1e+06
6.1e+06
6.1e+06
6.1e+06
6.1e+06
6.1e+06
6.1e+06
6.1e+06
6.1e+06
6.1e+06
6.1e+06
6.1e+06
6.1e+06
6.1e+06
6.1e+06
6.1e+06
6.09998e+06
6.09999e+06
6.09999e+06
6.09999e+06
6.09999e+06
6.09999e+06
6.09999e+06
6.09999e+06
6.09999e+06
6.1e+06
6.1e+06
6.1e+06
6.1e+06
6.1e+06
6.1e+06
6.1e+06
6.1e+06
6.1e+06
6.1e+06
6.1e+06
6.1e+06
6.1e+06
6.1e+06
6.1e+06
6.1e+06
6.1e+06
6.1e+06
6.1e+06
6.1e+06
6.1e+06
6.1e+06
6.09999e+06
6.1e+06
6.09999e+06
6.1e+06
6.1e+06
6.1e+06
6.1e+06
6.1e+06
6.1e+06
6.1e+06
6.1e+06
6.1e+06
6.1e+06
6.1e+06
6.1e+06
6.1e+06
6.1e+06
6.1e+06
6.1e+06
6.1e+06
6.1e+06
6.1e+06
6.1e+06
6.1e+06
6.1e+06
6.1e+06
6.1e+06
6.1e+06
6.1e+06
6.1e+06
6.1e+06
6.09999e+06
6.1e+06
6.09999e+06
6.1e+06
6.09999e+06
6.1e+06
6.1e+06
6.1e+06
6.1e+06
6.1e+06
6.1e+06
6.1e+06
6.1e+06
6.1e+06
6.1e+06
6.1e+06
6.1e+06
6.1e+06
6.1e+06
6.1e+06
6.1e+06
6.1e+06
6.1e+06
6.1e+06
6.1e+06
6.1e+06
6.1e+06
6.1e+06
6.1e+06
6.1e+06
6.1e+06
6.09999e+06
6.1e+06
6.09999e+06
6.1e+06
6.1e+06
6.1e+06
6.1e+06
6.1e+06
6.1e+06
6.1e+06
6.1e+06
6.1e+06
6.1e+06
6.1e+06
6.1e+06
6.1e+06
6.1e+06
6.1e+06
6.1e+06
6.1e+06
6.1e+06
6.1e+06
6.1e+06
6.1e+06
6.1e+06
6.1e+06
6.1e+06
6.1e+06
6.1e+06
6.1e+06
6.1e+06
6.09999e+06
6.1e+06
6.09999e+06
6.1e+06
6.1e+06
6.1e+06
6.1e+06
6.1e+06
6.1e+06
6.1e+06
6.1e+06
6.1e+06
6.1e+06
6.1e+06
6.1e+06
6.1e+06
6.1e+06
6.1e+06
6.1e+06
6.1e+06
6.1e+06
6.1e+06
6.1e+06
6.1e+06
6.1e+06
6.1e+06
6.1e+06
6.1e+06
6.1e+06
6.1e+06
6.1e+06
6.09999e+06
6.1e+06
6.1e+06
6.1e+06
6.1e+06
6.1e+06
6.1e+06
6.1e+06
6.1e+06
6.1e+06
6.1e+06
6.1e+06
6.1e+06
6.1e+06
6.1e+06
6.1e+06
6.1e+06
6.1e+06
6.1e+06
6.1e+06
6.1e+06
6.1e+06
6.1e+06
6.1e+06
6.1e+06
6.1e+06
6.1e+06
6.1e+06
6.1e+06
6.1e+06
6.1e+06
6.09999e+06
6.1e+06
6.1e+06
6.1e+06
6.1e+06
6.1e+06
6.1e+06
6.1e+06
6.1e+06
6.1e+06
6.1e+06
6.1e+06
6.1e+06
6.1e+06
6.1e+06
6.1e+06
6.1e+06
6.1e+06
6.1e+06
6.1e+06
6.1e+06
6.1e+06
6.1e+06
6.1e+06
6.1e+06
6.1e+06
6.1e+06
6.1e+06
6.1e+06
6.1e+06
6.1e+06
6.09999e+06
6.1e+06
6.1e+06
6.1e+06
6.1e+06
6.1e+06
6.1e+06
6.1e+06
6.1e+06
6.1e+06
6.1e+06
6.1e+06
6.1e+06
6.1e+06
6.1e+06
6.1e+06
6.1e+06
6.1e+06
6.1e+06
6.1e+06
6.1e+06
6.1e+06
6.1e+06
6.1e+06
6.1e+06
6.1e+06
6.1e+06
6.1e+06
6.1e+06
6.1e+06
6.1e+06
6.09999e+06
6.1e+06
6.1e+06
6.1e+06
6.1e+06
6.1e+06
6.1e+06
6.1e+06
6.1e+06
6.1e+06
6.1e+06
6.1e+06
6.1e+06
6.1e+06
6.1e+06
6.1e+06
6.1e+06
6.1e+06
6.1e+06
6.1e+06
6.1e+06
6.1e+06
6.1e+06
6.1e+06
6.1e+06
6.1e+06
6.1e+06
6.1e+06
6.1e+06
6.1e+06
6.1e+06
6.09999e+06
6.1e+06
6.1e+06
6.1e+06
6.1e+06
6.1e+06
6.1e+06
6.1e+06
6.1e+06
6.1e+06
6.1e+06
6.1e+06
6.1e+06
6.1e+06
6.1e+06
6.1e+06
6.1e+06
6.1e+06
6.1e+06
6.1e+06
6.1e+06
6.1e+06
6.1e+06
6.1e+06
6.1e+06
6.1e+06
6.1e+06
6.1e+06
6.1e+06
6.1e+06
6.1e+06
6.1e+06
6.1e+06
6.1e+06
6.1e+06
6.1e+06
6.1e+06
6.1e+06
6.1e+06
6.1e+06
6.1e+06
6.1e+06
6.1e+06
6.1e+06
6.1e+06
6.1e+06
6.1e+06
6.1e+06
6.1e+06
6.1e+06
6.1e+06
6.1e+06
6.1e+06
6.1e+06
6.1e+06
6.1e+06
6.1e+06
6.1e+06
6.1e+06
6.1e+06
6.1e+06
6.1e+06
6.1e+06
6.1e+06
6.1e+06
6.1e+06
6.1e+06
6.1e+06
6.1e+06
6.1e+06
6.1e+06
6.1e+06
6.1e+06
6.1e+06
6.1e+06
6.1e+06
6.1e+06
6.1e+06
6.1e+06
6.1e+06
6.1e+06
6.1e+06
6.1e+06
6.1e+06
6.1e+06
6.1e+06
6.1e+06
6.1e+06
6.1e+06
6.1e+06
6.1e+06
6.1e+06
6.1e+06
6.1e+06
6.1e+06
6.1e+06
6.1e+06
6.1e+06
6.1e+06
6.1e+06
6.1e+06
6.1e+06
6.1e+06
6.1e+06
6.1e+06
6.1e+06
6.1e+06
6.1e+06
6.1e+06
6.1e+06
6.1e+06
6.1e+06
6.1e+06
6.1e+06
6.1e+06
6.1e+06
6.1e+06
6.1e+06
6.1e+06
6.1e+06
6.1e+06
6.1e+06
6.1e+06
6.1e+06
6.1e+06
6.1e+06
6.1e+06
6.1e+06
6.1e+06
6.1e+06
6.1e+06
6.1e+06
6.1e+06
6.1e+06
6.1e+06
6.1e+06
6.1e+06
6.1e+06
6.1e+06
6.1e+06
6.1e+06
6.1e+06
6.1e+06
6.1e+06
6.1e+06
6.1e+06
6.1e+06
6.1e+06
6.1e+06
6.1e+06
6.1e+06
6.1e+06
6.1e+06
6.1e+06
6.1e+06
6.1e+06
6.1e+06
6.1e+06
6.1e+06
6.1e+06
6.1e+06
6.1e+06
6.1e+06
6.1e+06
6.1e+06
6.1e+06
6.1e+06
6.1e+06
6.1e+06
6.1e+06
6.1e+06
6.1e+06
6.1e+06
6.1e+06
6.1e+06
6.1e+06
6.1e+06
6.1e+06
6.1e+06
6.1e+06
6.1e+06
6.1e+06
6.1e+06
6.1e+06
6.1e+06
6.1e+06
6.1e+06
6.1e+06
6.1e+06
6.1e+06
6.1e+06
6.1e+06
6.1e+06
6.1e+06
6.1e+06
6.1e+06
6.1e+06
6.1e+06
6.1e+06
6.1e+06
6.1e+06
6.1e+06
6.1e+06
6.1e+06
6.1e+06
6.1e+06
6.1e+06
6.1e+06
6.1e+06
6.1e+06
6.1e+06
6.1e+06
6.1e+06
6.1e+06
6.1e+06
6.1e+06
6.1e+06
6.1e+06
6.1e+06
6.1e+06
6.1e+06
6.1e+06
6.1e+06
6.1e+06
6.1e+06
6.1e+06
6.1e+06
6.1e+06
6.1e+06
6.1e+06
6.1e+06
6.1e+06
6.1e+06
6.1e+06
6.1e+06
6.1e+06
6.1e+06
6.1e+06
6.1e+06
6.1e+06
6.1e+06
6.1e+06
6.1e+06
6.1e+06
6.1e+06
6.1e+06
6.1e+06
6.1e+06
6.09999e+06
6.1e+06
6.1e+06
6.1e+06
6.1e+06
6.1e+06
6.1e+06
6.1e+06
6.1e+06
6.1e+06
6.1e+06
6.1e+06
6.1e+06
6.1e+06
6.1e+06
6.1e+06
6.1e+06
6.1e+06
6.1e+06
6.1e+06
6.1e+06
6.1e+06
6.1e+06
6.1e+06
6.1e+06
6.1e+06
6.1e+06
6.1e+06
6.1e+06
6.1e+06
6.1e+06
6.1e+06
6.1e+06
6.1e+06
6.1e+06
6.1e+06
6.1e+06
6.1e+06
6.1e+06
6.1e+06
6.1e+06
6.1e+06
6.1e+06
6.1e+06
6.1e+06
6.1e+06
6.1e+06
6.1e+06
6.1e+06
6.1e+06
6.1e+06
6.1e+06
6.1e+06
6.1e+06
6.1e+06
6.1e+06
6.1e+06
6.1e+06
6.1e+06
6.1e+06
6.1e+06
6.1e+06
6.09999e+06
6.1e+06
6.09999e+06
6.1e+06
6.1e+06
6.1e+06
6.1e+06
6.1e+06
6.1e+06
6.1e+06
6.1e+06
6.1e+06
6.1e+06
6.1e+06
6.1e+06
6.1e+06
6.1e+06
6.1e+06
6.1e+06
6.1e+06
6.1e+06
6.1e+06
6.1e+06
6.1e+06
6.1e+06
6.1e+06
6.1e+06
6.1e+06
6.1e+06
6.1e+06
6.1e+06
6.10001e+06
6.10001e+06
6.10001e+06
6.10001e+06
6.10001e+06
6.10001e+06
6.1e+06
6.1e+06
6.1e+06
6.1e+06
6.1e+06
6.1e+06
6.1e+06
6.1e+06
6.1e+06
6.1e+06
6.1e+06
6.1e+06
6.1e+06
6.1e+06
6.1e+06
6.1e+06
6.1e+06
6.1e+06
6.1e+06
6.1e+06
6.1e+06
6.1e+06
6.1e+06
6.1e+06
6.1e+06
6.09999e+06
6.09999e+06
6.09999e+06
6.09999e+06
6.09999e+06
6.09999e+06
6.09999e+06
6.1e+06
6.1e+06
6.1e+06
6.1e+06
6.1e+06
6.1e+06
6.1e+06
6.1e+06
6.1e+06
6.1e+06
6.1e+06
6.1e+06
6.1e+06
6.1e+06
6.1e+06
6.1e+06
6.1e+06
6.1e+06
6.1e+06
6.1e+06
6.1e+06
6.1e+06
6.1e+06
6.1e+06
6.10001e+06
6.10001e+06
6.10001e+06
6.10001e+06
6.10001e+06
6.10001e+06
6.10001e+06
6.10001e+06
6.10001e+06
6.10001e+06
6.10001e+06
6.10001e+06
6.1e+06
6.1e+06
6.1e+06
6.1e+06
6.1e+06
6.1e+06
6.1e+06
6.1e+06
6.1e+06
6.1e+06
6.1e+06
6.1e+06
6.1e+06
6.1e+06
6.1e+06
6.1e+06
6.1e+06
6.1e+06
6.1e+06
)
;

boundaryField
{
    inlet
    {
        type            fixedValue;
        value           uniform 6.1e+06;
    }
    outlet
    {
        type            fixedValue;
        value           nonuniform List<scalar> 0();
    }
    walls
    {
        type            fixedFluxPressure;
        gradient        uniform 0;
        value           nonuniform List<scalar> 
86
(
6.05395e+06
6.06653e+06
6.05691e+06
6.06731e+06
6.06087e+06
6.06841e+06
6.06433e+06
6.07021e+06
6.0672e+06
6.07271e+06
6.0694e+06
6.07598e+06
6.07064e+06
6.08025e+06
6.07006e+06
6.08651e+06
6.06521e+06
6.05395e+06
6.06653e+06
6.05691e+06
6.06731e+06
6.06087e+06
6.06841e+06
6.06433e+06
6.07021e+06
6.0672e+06
6.07271e+06
6.0694e+06
6.07598e+06
6.07064e+06
6.08025e+06
6.07006e+06
6.08651e+06
6.06521e+06
6.09866e+06
6.0985e+06
6.09963e+06
6.09954e+06
6.09986e+06
6.09984e+06
6.09994e+06
6.09994e+06
6.09997e+06
6.09997e+06
6.09998e+06
6.09999e+06
6.09999e+06
6.09999e+06
6.09999e+06
6.1e+06
6.1e+06
6.1e+06
6.1e+06
6.1e+06
6.1e+06
6.1e+06
6.1e+06
6.1e+06
6.1e+06
6.1e+06
6.09866e+06
6.0985e+06
6.09963e+06
6.09954e+06
6.09986e+06
6.09984e+06
6.09994e+06
6.09994e+06
6.09997e+06
6.09997e+06
6.09998e+06
6.09999e+06
6.09999e+06
6.09999e+06
6.09999e+06
6.1e+06
6.1e+06
6.1e+06
6.1e+06
6.1e+06
6.1e+06
6.1e+06
6.1e+06
6.1e+06
6.1e+06
6.1e+06
)
;
    }
    side1
    {
        type            cyclic;
    }
    side2
    {
        type            cyclic;
    }
    procBoundary5to4
    {
        type            processor;
        value           nonuniform List<scalar> 
90
(
6.07718e+06
6.06462e+06
6.06772e+06
6.06475e+06
6.06499e+06
6.1e+06
6.1e+06
6.1e+06
6.1e+06
6.1e+06
6.1e+06
6.1e+06
6.1e+06
6.1e+06
6.1e+06
6.1e+06
6.1e+06
6.1e+06
6.1e+06
6.1e+06
6.1e+06
6.1e+06
6.1e+06
6.1e+06
6.1e+06
6.1e+06
6.1e+06
6.1e+06
6.1e+06
6.1e+06
6.1e+06
6.1e+06
6.1e+06
6.1e+06
6.1e+06
6.1e+06
6.1e+06
6.1e+06
6.1e+06
6.1e+06
6.1e+06
6.1e+06
6.1e+06
6.1e+06
6.1e+06
6.07718e+06
6.06462e+06
6.06772e+06
6.06475e+06
6.06499e+06
6.1e+06
6.1e+06
6.1e+06
6.1e+06
6.1e+06
6.1e+06
6.1e+06
6.1e+06
6.1e+06
6.1e+06
6.1e+06
6.1e+06
6.1e+06
6.1e+06
6.1e+06
6.1e+06
6.1e+06
6.1e+06
6.1e+06
6.1e+06
6.1e+06
6.1e+06
6.1e+06
6.1e+06
6.1e+06
6.1e+06
6.1e+06
6.1e+06
6.1e+06
6.1e+06
6.1e+06
6.1e+06
6.1e+06
6.1e+06
6.1e+06
6.1e+06
6.1e+06
6.1e+06
6.1e+06
6.1e+06
)
;
    }
}


// ************************************************************************* //
