/*--------------------------------*- C++ -*----------------------------------*\
| =========                 |                                                 |
| \\      /  F ield         | OpenFOAM: The Open Source CFD Toolbox           |
|  \\    /   O peration     | Version:  v2012                                 |
|   \\  /    A nd           | Website:  www.openfoam.com                      |
|    \\/     M anipulation  |                                                 |
\*---------------------------------------------------------------------------*/
FoamFile
{
    version     2.0;
    format      ascii;
    class       volScalarField;
    location    "0.25";
    object      p;
}
// * * * * * * * * * * * * * * * * * * * * * * * * * * * * * * * * * * * * * //

dimensions      [1 -1 -2 0 0 0 0];


internalField   nonuniform List<scalar> 
2660
(
3.8185e+06
4.01714e+06
3.99655e+06
4.00067e+06
4.00319e+06
3.97733e+06
3.98839e+06
4.00538e+06
3.99912e+06
4.00365e+06
3.99633e+06
3.97759e+06
3.99986e+06
3.98853e+06
3.99256e+06
4.0016e+06
3.98845e+06
3.99969e+06
3.99267e+06
3.99312e+06
4.01046e+06
3.99437e+06
4.00062e+06
3.99636e+06
3.998e+06
4.00562e+06
3.99857e+06
4.00145e+06
3.99796e+06
4.00046e+06
4.00354e+06
4.00039e+06
4.00184e+06
4.00025e+06
4.00169e+06
4.00139e+06
4.00122e+06
4.00216e+06
4.00281e+06
4.00254e+06
3.99789e+06
4.00054e+06
4.00197e+06
4.00169e+06
4.00269e+06
3.99259e+06
3.99895e+06
4.00159e+06
3.99887e+06
4.00117e+06
3.99393e+06
3.99746e+06
4.00168e+06
3.99811e+06
4.00119e+06
3.99801e+06
4.00116e+06
4.00236e+06
4.00074e+06
4.00218e+06
4.00624e+06
4.00095e+06
4.00265e+06
4.00111e+06
4.00209e+06
4.01e+06
4.00035e+06
4.00138e+06
3.99963e+06
4.00138e+06
4.0077e+06
4.00009e+06
4.00122e+06
4.00004e+06
4.00147e+06
4.00468e+06
4.00142e+06
4.0019e+06
4.00178e+06
4.0026e+06
4.00235e+06
4.00158e+06
4.00231e+06
4.00334e+06
4.00298e+06
4.00274e+06
4.00004e+06
4.00125e+06
4.00303e+06
4.00365e+06
4.00292e+06
4.0002e+06
4.00026e+06
4.00013e+06
4.00202e+06
3.99988e+06
4.00351e+06
4.00202e+06
3.9986e+06
3.99864e+06
4.00578e+06
4.00268e+06
4.00527e+06
4.0009e+06
3.99829e+06
4.00337e+06
4.003e+06
4.00361e+06
4.00168e+06
4.00056e+06
4.00033e+06
4.00283e+06
4.00235e+06
3.9995e+06
4.00141e+06
4.00358e+06
4.00254e+06
4.0045e+06
4.00182e+06
4.00233e+06
4.00423e+06
4.00347e+06
4.00572e+06
4.02932e+06
4.00359e+06
3.99472e+06
3.99474e+06
4.00185e+06
4.00648e+06
4.0053e+06
3.98341e+06
3.99304e+06
4.00084e+06
4.00288e+06
4.00622e+06
3.98583e+06
4.00199e+06
4.00223e+06
4.00074e+06
4.00187e+06
4.00559e+06
4.00269e+06
4.00246e+06
4.00268e+06
4.00228e+06
3.99858e+06
3.99688e+06
4.00169e+06
4.00291e+06
4.0025e+06
3.99336e+06
3.99281e+06
3.99852e+06
4.00169e+06
4.00202e+06
3.99421e+06
3.99288e+06
3.9974e+06
4.00114e+06
4.00181e+06
3.99667e+06
3.99289e+06
3.9982e+06
4.00212e+06
4.00195e+06
3.99572e+06
3.99648e+06
4.00203e+06
4.00573e+06
4.00249e+06
6.10073e+06
6.10064e+06
6.10055e+06
6.10048e+06
6.1004e+06
6.10034e+06
6.10028e+06
6.10022e+06
6.10017e+06
6.10012e+06
6.10008e+06
6.10004e+06
6.1e+06
6.09997e+06
6.09994e+06
6.09991e+06
6.09989e+06
6.09987e+06
6.09985e+06
6.09983e+06
6.09981e+06
6.0998e+06
6.09978e+06
6.09977e+06
6.09977e+06
6.09976e+06
6.09975e+06
6.09975e+06
6.09975e+06
6.10072e+06
6.10063e+06
6.10055e+06
6.10047e+06
6.1004e+06
6.10033e+06
6.10027e+06
6.10022e+06
6.10017e+06
6.10012e+06
6.10008e+06
6.10004e+06
6.1e+06
6.09997e+06
6.09994e+06
6.09991e+06
6.09989e+06
6.09986e+06
6.09984e+06
6.09982e+06
6.09981e+06
6.09979e+06
6.09978e+06
6.09977e+06
6.09976e+06
6.09976e+06
6.09975e+06
6.09975e+06
6.09975e+06
6.10071e+06
6.10062e+06
6.10054e+06
6.10046e+06
6.10039e+06
6.10033e+06
6.10027e+06
6.10021e+06
6.10016e+06
6.10012e+06
6.10007e+06
6.10003e+06
6.1e+06
6.09997e+06
6.09993e+06
6.09991e+06
6.09988e+06
6.09986e+06
6.09984e+06
6.09982e+06
6.09981e+06
6.09979e+06
6.09978e+06
6.09977e+06
6.09976e+06
6.09975e+06
6.09975e+06
6.09974e+06
6.09974e+06
6.1007e+06
6.10061e+06
6.10053e+06
6.10046e+06
6.10039e+06
6.10032e+06
6.10026e+06
6.10021e+06
6.10016e+06
6.10011e+06
6.10007e+06
6.10003e+06
6.09999e+06
6.09996e+06
6.09993e+06
6.0999e+06
6.09988e+06
6.09986e+06
6.09984e+06
6.09982e+06
6.0998e+06
6.09979e+06
6.09978e+06
6.09977e+06
6.09976e+06
6.09975e+06
6.09975e+06
6.09974e+06
6.09974e+06
6.10069e+06
6.1006e+06
6.10052e+06
6.10045e+06
6.10038e+06
6.10031e+06
6.10026e+06
6.1002e+06
6.10015e+06
6.10011e+06
6.10006e+06
6.10003e+06
6.09999e+06
6.09996e+06
6.09993e+06
6.0999e+06
6.09988e+06
6.09985e+06
6.09983e+06
6.09982e+06
6.0998e+06
6.09979e+06
6.09977e+06
6.09976e+06
6.09976e+06
6.09975e+06
6.09974e+06
6.09974e+06
6.09974e+06
6.10067e+06
6.10059e+06
6.10051e+06
6.10043e+06
6.10037e+06
6.1003e+06
6.10025e+06
6.10019e+06
6.10014e+06
6.1001e+06
6.10006e+06
6.10002e+06
6.09998e+06
6.09995e+06
6.09992e+06
6.0999e+06
6.09987e+06
6.09985e+06
6.09983e+06
6.09981e+06
6.0998e+06
6.09978e+06
6.09977e+06
6.09976e+06
6.09975e+06
6.09975e+06
6.09974e+06
6.09974e+06
6.09974e+06
6.10065e+06
6.10057e+06
6.10049e+06
6.10042e+06
6.10035e+06
6.10029e+06
6.10024e+06
6.10019e+06
6.10014e+06
6.10009e+06
6.10005e+06
6.10001e+06
6.09998e+06
6.09995e+06
6.09992e+06
6.09989e+06
6.09987e+06
6.09985e+06
6.09983e+06
6.09981e+06
6.09979e+06
6.09978e+06
6.09977e+06
6.09976e+06
6.09975e+06
6.09974e+06
6.09974e+06
6.09973e+06
6.09973e+06
6.10063e+06
6.10055e+06
6.10047e+06
6.10041e+06
6.10034e+06
6.10028e+06
6.10023e+06
6.10018e+06
6.10013e+06
6.10008e+06
6.10004e+06
6.10001e+06
6.09997e+06
6.09994e+06
6.09991e+06
6.09989e+06
6.09986e+06
6.09984e+06
6.09982e+06
6.0998e+06
6.09979e+06
6.09978e+06
6.09976e+06
6.09975e+06
6.09975e+06
6.09974e+06
6.09973e+06
6.09973e+06
6.09973e+06
6.10061e+06
6.10053e+06
6.10046e+06
6.10039e+06
6.10033e+06
6.10027e+06
6.10021e+06
6.10016e+06
6.10012e+06
6.10008e+06
6.10004e+06
6.1e+06
6.09997e+06
6.09994e+06
6.09991e+06
6.09988e+06
6.09986e+06
6.09984e+06
6.09982e+06
6.0998e+06
6.09979e+06
6.09977e+06
6.09976e+06
6.09975e+06
6.09974e+06
6.09974e+06
6.09973e+06
6.09973e+06
6.09973e+06
6.10058e+06
6.10051e+06
6.10044e+06
6.10037e+06
6.10031e+06
6.10025e+06
6.1002e+06
6.10015e+06
6.10011e+06
6.10007e+06
6.10003e+06
6.09999e+06
6.09996e+06
6.09993e+06
6.0999e+06
6.09988e+06
6.09985e+06
6.09983e+06
6.09981e+06
6.0998e+06
6.09978e+06
6.09977e+06
6.09976e+06
6.09975e+06
6.09974e+06
6.09973e+06
6.09973e+06
6.09972e+06
6.09972e+06
6.10055e+06
6.10048e+06
6.10042e+06
6.10035e+06
6.10029e+06
6.10024e+06
6.10019e+06
6.10014e+06
6.1001e+06
6.10006e+06
6.10002e+06
6.09998e+06
6.09995e+06
6.09992e+06
6.09989e+06
6.09987e+06
6.09985e+06
6.09983e+06
6.09981e+06
6.09979e+06
6.09978e+06
6.09976e+06
6.09975e+06
6.09974e+06
6.09974e+06
6.09973e+06
6.09972e+06
6.09972e+06
6.09972e+06
6.10052e+06
6.10046e+06
6.10039e+06
6.10033e+06
6.10028e+06
6.10022e+06
6.10017e+06
6.10013e+06
6.10009e+06
6.10005e+06
6.10001e+06
6.09997e+06
6.09994e+06
6.09991e+06
6.09989e+06
6.09986e+06
6.09984e+06
6.09982e+06
6.0998e+06
6.09979e+06
6.09977e+06
6.09976e+06
6.09975e+06
6.09974e+06
6.09973e+06
6.09973e+06
6.09972e+06
6.09972e+06
6.09972e+06
6.10049e+06
6.10043e+06
6.10037e+06
6.10031e+06
6.10026e+06
6.10021e+06
6.10016e+06
6.10011e+06
6.10007e+06
6.10003e+06
6.1e+06
6.09996e+06
6.09993e+06
6.09991e+06
6.09988e+06
6.09986e+06
6.09983e+06
6.09982e+06
6.0998e+06
6.09978e+06
6.09977e+06
6.09976e+06
6.09974e+06
6.09974e+06
6.09973e+06
6.09972e+06
6.09972e+06
6.09971e+06
6.09971e+06
6.10046e+06
6.1004e+06
6.10034e+06
6.10029e+06
6.10024e+06
6.10019e+06
6.10014e+06
6.1001e+06
6.10006e+06
6.10002e+06
6.09999e+06
6.09995e+06
6.09992e+06
6.0999e+06
6.09987e+06
6.09985e+06
6.09983e+06
6.09981e+06
6.09979e+06
6.09978e+06
6.09976e+06
6.09975e+06
6.09974e+06
6.09973e+06
6.09972e+06
6.09972e+06
6.09971e+06
6.09971e+06
6.09971e+06
6.10043e+06
6.10037e+06
6.10032e+06
6.10027e+06
6.10022e+06
6.10017e+06
6.10013e+06
6.10008e+06
6.10005e+06
6.10001e+06
6.09998e+06
6.09994e+06
6.09992e+06
6.09989e+06
6.09986e+06
6.09984e+06
6.09982e+06
6.0998e+06
6.09979e+06
6.09977e+06
6.09976e+06
6.09975e+06
6.09974e+06
6.09973e+06
6.09972e+06
6.09971e+06
6.09971e+06
6.09971e+06
6.09971e+06
6.1004e+06
6.10034e+06
6.10029e+06
6.10024e+06
6.10019e+06
6.10015e+06
6.10011e+06
6.10007e+06
6.10003e+06
6.1e+06
6.09996e+06
6.09993e+06
6.09991e+06
6.09988e+06
6.09986e+06
6.09983e+06
6.09981e+06
6.0998e+06
6.09978e+06
6.09977e+06
6.09975e+06
6.09974e+06
6.09973e+06
6.09972e+06
6.09972e+06
6.09971e+06
6.09971e+06
6.0997e+06
6.0997e+06
6.10036e+06
6.10031e+06
6.10026e+06
6.10022e+06
6.10017e+06
6.10013e+06
6.10009e+06
6.10005e+06
6.10002e+06
6.09998e+06
6.09995e+06
6.09992e+06
6.0999e+06
6.09987e+06
6.09985e+06
6.09983e+06
6.09981e+06
6.09979e+06
6.09977e+06
6.09976e+06
6.09975e+06
6.09974e+06
6.09973e+06
6.09972e+06
6.09971e+06
6.09971e+06
6.0997e+06
6.0997e+06
6.0997e+06
6.10033e+06
6.10028e+06
6.10024e+06
6.10019e+06
6.10015e+06
6.10011e+06
6.10007e+06
6.10003e+06
6.1e+06
6.09997e+06
6.09994e+06
6.09991e+06
6.09988e+06
6.09986e+06
6.09984e+06
6.09982e+06
6.0998e+06
6.09978e+06
6.09977e+06
6.09975e+06
6.09974e+06
6.09973e+06
6.09972e+06
6.09971e+06
6.09971e+06
6.0997e+06
6.0997e+06
6.09969e+06
6.09969e+06
6.1003e+06
6.10025e+06
6.10021e+06
6.10017e+06
6.10013e+06
6.10009e+06
6.10005e+06
6.10002e+06
6.09998e+06
6.09995e+06
6.09992e+06
6.0999e+06
6.09987e+06
6.09985e+06
6.09983e+06
6.09981e+06
6.09979e+06
6.09978e+06
6.09976e+06
6.09975e+06
6.09974e+06
6.09973e+06
6.09972e+06
6.09971e+06
6.0997e+06
6.0997e+06
6.09969e+06
6.09969e+06
6.09969e+06
6.10026e+06
6.10022e+06
6.10018e+06
6.10014e+06
6.1001e+06
6.10007e+06
6.10003e+06
6.1e+06
6.09997e+06
6.09994e+06
6.09991e+06
6.09989e+06
6.09986e+06
6.09984e+06
6.09982e+06
6.0998e+06
6.09978e+06
6.09977e+06
6.09975e+06
6.09974e+06
6.09973e+06
6.09972e+06
6.09971e+06
6.0997e+06
6.0997e+06
6.09969e+06
6.09969e+06
6.09969e+06
6.09968e+06
6.10023e+06
6.10019e+06
6.10015e+06
6.10011e+06
6.10008e+06
6.10004e+06
6.10001e+06
6.09998e+06
6.09995e+06
6.09992e+06
6.0999e+06
6.09987e+06
6.09985e+06
6.09983e+06
6.09981e+06
6.09979e+06
6.09977e+06
6.09976e+06
6.09975e+06
6.09973e+06
6.09972e+06
6.09971e+06
6.09971e+06
6.0997e+06
6.09969e+06
6.09969e+06
6.09968e+06
6.09968e+06
6.09968e+06
6.10019e+06
6.10016e+06
6.10012e+06
6.10009e+06
6.10005e+06
6.10002e+06
6.09999e+06
6.09996e+06
6.09993e+06
6.09991e+06
6.09988e+06
6.09986e+06
6.09984e+06
6.09982e+06
6.0998e+06
6.09978e+06
6.09977e+06
6.09975e+06
6.09974e+06
6.09973e+06
6.09972e+06
6.09971e+06
6.0997e+06
6.09969e+06
6.09969e+06
6.09968e+06
6.09968e+06
6.09968e+06
6.09968e+06
6.10016e+06
6.10012e+06
6.10009e+06
6.10006e+06
6.10003e+06
6.1e+06
6.09997e+06
6.09994e+06
6.09992e+06
6.09989e+06
6.09987e+06
6.09985e+06
6.09983e+06
6.09981e+06
6.09979e+06
6.09977e+06
6.09976e+06
6.09974e+06
6.09973e+06
6.09972e+06
6.09971e+06
6.0997e+06
6.09969e+06
6.09969e+06
6.09968e+06
6.09968e+06
6.09967e+06
6.09967e+06
6.09967e+06
6.10012e+06
6.10009e+06
6.10006e+06
6.10003e+06
6.1e+06
6.09998e+06
6.09995e+06
6.09992e+06
6.0999e+06
6.09988e+06
6.09985e+06
6.09983e+06
6.09981e+06
6.09979e+06
6.09978e+06
6.09976e+06
6.09975e+06
6.09974e+06
6.09972e+06
6.09971e+06
6.0997e+06
6.0997e+06
6.09969e+06
6.09968e+06
6.09968e+06
6.09967e+06
6.09967e+06
6.09967e+06
6.09967e+06
6.10009e+06
6.10006e+06
6.10003e+06
6.10001e+06
6.09998e+06
6.09995e+06
6.09993e+06
6.0999e+06
6.09988e+06
6.09986e+06
6.09984e+06
6.09982e+06
6.0998e+06
6.09978e+06
6.09977e+06
6.09975e+06
6.09974e+06
6.09973e+06
6.09972e+06
6.09971e+06
6.0997e+06
6.09969e+06
6.09968e+06
6.09968e+06
6.09967e+06
6.09967e+06
6.09966e+06
6.09966e+06
6.09966e+06
6.10005e+06
6.10003e+06
6.1e+06
6.09998e+06
6.09995e+06
6.09993e+06
6.09991e+06
6.09988e+06
6.09986e+06
6.09984e+06
6.09982e+06
6.0998e+06
6.09979e+06
6.09977e+06
6.09976e+06
6.09974e+06
6.09973e+06
6.09972e+06
6.09971e+06
6.0997e+06
6.09969e+06
6.09968e+06
6.09968e+06
6.09967e+06
6.09967e+06
6.09966e+06
6.09966e+06
6.09966e+06
6.09966e+06
6.10002e+06
6.1e+06
6.09997e+06
6.09995e+06
6.09993e+06
6.09991e+06
6.09988e+06
6.09986e+06
6.09984e+06
6.09982e+06
6.09981e+06
6.09979e+06
6.09977e+06
6.09976e+06
6.09974e+06
6.09973e+06
6.09972e+06
6.09971e+06
6.0997e+06
6.09969e+06
6.09968e+06
6.09968e+06
6.09967e+06
6.09967e+06
6.09966e+06
6.09966e+06
6.09965e+06
6.09965e+06
6.09965e+06
6.09999e+06
6.09997e+06
6.09994e+06
6.09992e+06
6.0999e+06
6.09988e+06
6.09986e+06
6.09984e+06
6.09982e+06
6.09981e+06
6.09979e+06
6.09977e+06
6.09976e+06
6.09975e+06
6.09973e+06
6.09972e+06
6.09971e+06
6.0997e+06
6.09969e+06
6.09968e+06
6.09968e+06
6.09967e+06
6.09966e+06
6.09966e+06
6.09966e+06
6.09965e+06
6.09965e+06
6.09965e+06
6.09965e+06
6.09995e+06
6.09993e+06
6.09991e+06
6.0999e+06
6.09988e+06
6.09986e+06
6.09984e+06
6.09982e+06
6.09981e+06
6.09979e+06
6.09977e+06
6.09976e+06
6.09975e+06
6.09973e+06
6.09972e+06
6.09971e+06
6.0997e+06
6.09969e+06
6.09968e+06
6.09968e+06
6.09967e+06
6.09966e+06
6.09966e+06
6.09965e+06
6.09965e+06
6.09965e+06
6.09964e+06
6.09964e+06
6.09964e+06
6.09992e+06
6.0999e+06
6.09989e+06
6.09987e+06
6.09985e+06
6.09983e+06
6.09982e+06
6.0998e+06
6.09979e+06
6.09977e+06
6.09976e+06
6.09975e+06
6.09973e+06
6.09972e+06
6.09971e+06
6.0997e+06
6.09969e+06
6.09968e+06
6.09967e+06
6.09967e+06
6.09966e+06
6.09966e+06
6.09965e+06
6.09965e+06
6.09964e+06
6.09964e+06
6.09964e+06
6.09964e+06
6.09964e+06
6.09989e+06
6.09987e+06
6.09986e+06
6.09984e+06
6.09983e+06
6.09981e+06
6.0998e+06
6.09978e+06
6.09977e+06
6.09975e+06
6.09974e+06
6.09973e+06
6.09972e+06
6.09971e+06
6.0997e+06
6.09969e+06
6.09968e+06
6.09967e+06
6.09967e+06
6.09966e+06
6.09965e+06
6.09965e+06
6.09965e+06
6.09964e+06
6.09964e+06
6.09964e+06
6.09963e+06
6.09963e+06
6.09963e+06
6.09985e+06
6.09984e+06
6.09983e+06
6.09981e+06
6.0998e+06
6.09979e+06
6.09977e+06
6.09976e+06
6.09975e+06
6.09974e+06
6.09973e+06
6.09971e+06
6.0997e+06
6.0997e+06
6.09969e+06
6.09968e+06
6.09967e+06
6.09966e+06
6.09966e+06
6.09965e+06
6.09965e+06
6.09964e+06
6.09964e+06
6.09964e+06
6.09963e+06
6.09963e+06
6.09963e+06
6.09963e+06
6.09963e+06
6.09982e+06
6.09981e+06
6.0998e+06
6.09979e+06
6.09977e+06
6.09976e+06
6.09975e+06
6.09974e+06
6.09973e+06
6.09972e+06
6.09971e+06
6.0997e+06
6.09969e+06
6.09968e+06
6.09967e+06
6.09967e+06
6.09966e+06
6.09965e+06
6.09965e+06
6.09964e+06
6.09964e+06
6.09964e+06
6.09963e+06
6.09963e+06
6.09963e+06
6.09962e+06
6.09962e+06
6.09962e+06
6.09962e+06
6.09979e+06
6.09978e+06
6.09977e+06
6.09976e+06
6.09975e+06
6.09974e+06
6.09973e+06
6.09972e+06
6.09971e+06
6.0997e+06
6.09969e+06
6.09968e+06
6.09968e+06
6.09967e+06
6.09966e+06
6.09966e+06
6.09965e+06
6.09964e+06
6.09964e+06
6.09964e+06
6.09963e+06
6.09963e+06
6.09963e+06
6.09962e+06
6.09962e+06
6.09962e+06
6.09962e+06
6.09962e+06
6.09962e+06
6.09976e+06
6.09975e+06
6.09974e+06
6.09973e+06
6.09972e+06
6.09971e+06
6.09971e+06
6.0997e+06
6.09969e+06
6.09968e+06
6.09968e+06
6.09967e+06
6.09966e+06
6.09966e+06
6.09965e+06
6.09964e+06
6.09964e+06
6.09964e+06
6.09963e+06
6.09963e+06
6.09962e+06
6.09962e+06
6.09962e+06
6.09962e+06
6.09961e+06
6.09961e+06
6.09961e+06
6.09961e+06
6.09961e+06
6.09973e+06
6.09972e+06
6.09971e+06
6.0997e+06
6.0997e+06
6.09969e+06
6.09968e+06
6.09968e+06
6.09967e+06
6.09966e+06
6.09966e+06
6.09965e+06
6.09965e+06
6.09964e+06
6.09964e+06
6.09963e+06
6.09963e+06
6.09963e+06
6.09962e+06
6.09962e+06
6.09962e+06
6.09961e+06
6.09961e+06
6.09961e+06
6.09961e+06
6.09961e+06
6.09961e+06
6.09961e+06
6.09961e+06
6.09969e+06
6.09969e+06
6.09968e+06
6.09968e+06
6.09967e+06
6.09967e+06
6.09966e+06
6.09966e+06
6.09965e+06
6.09965e+06
6.09964e+06
6.09964e+06
6.09963e+06
6.09963e+06
6.09963e+06
6.09962e+06
6.09962e+06
6.09962e+06
6.09961e+06
6.09961e+06
6.09961e+06
6.09961e+06
6.09961e+06
6.0996e+06
6.0996e+06
6.0996e+06
6.0996e+06
6.0996e+06
6.0996e+06
6.09966e+06
6.09966e+06
6.09965e+06
6.09965e+06
6.09965e+06
6.09964e+06
6.09964e+06
6.09963e+06
6.09963e+06
6.09963e+06
6.09962e+06
6.09962e+06
6.09962e+06
6.09962e+06
6.09961e+06
6.09961e+06
6.09961e+06
6.09961e+06
6.0996e+06
6.0996e+06
6.0996e+06
6.0996e+06
6.0996e+06
6.0996e+06
6.0996e+06
6.0996e+06
6.0996e+06
6.0996e+06
6.0996e+06
6.09963e+06
6.09963e+06
6.09963e+06
6.09962e+06
6.09962e+06
6.09962e+06
6.09962e+06
6.09961e+06
6.09961e+06
6.09961e+06
6.09961e+06
6.09961e+06
6.0996e+06
6.0996e+06
6.0996e+06
6.0996e+06
6.0996e+06
6.0996e+06
6.0996e+06
6.09959e+06
6.09959e+06
6.09959e+06
6.09959e+06
6.09959e+06
6.09959e+06
6.09959e+06
6.09959e+06
6.09959e+06
6.09959e+06
6.0996e+06
6.0996e+06
6.0996e+06
6.0996e+06
6.09959e+06
6.09959e+06
6.09959e+06
6.09959e+06
6.09959e+06
6.09959e+06
6.09959e+06
6.09959e+06
6.09959e+06
6.09959e+06
6.09959e+06
6.09959e+06
6.09959e+06
6.09959e+06
6.09959e+06
6.09959e+06
6.09959e+06
6.09959e+06
6.09959e+06
6.09959e+06
6.09958e+06
6.09958e+06
6.09958e+06
6.09958e+06
6.09958e+06
3.8185e+06
4.01714e+06
3.99655e+06
4.00067e+06
4.00319e+06
3.97733e+06
3.98839e+06
4.00538e+06
3.99912e+06
4.00365e+06
3.99632e+06
3.97759e+06
3.99986e+06
3.98853e+06
3.99256e+06
4.00159e+06
3.98845e+06
3.99969e+06
3.99267e+06
3.99312e+06
4.01045e+06
3.99437e+06
4.00062e+06
3.99636e+06
3.998e+06
4.00562e+06
3.99857e+06
4.00145e+06
3.99796e+06
4.00046e+06
4.00354e+06
4.00039e+06
4.00184e+06
4.00025e+06
4.00169e+06
4.00139e+06
4.00122e+06
4.00216e+06
4.00281e+06
4.00254e+06
3.9979e+06
4.00054e+06
4.00197e+06
4.00169e+06
4.00269e+06
3.99259e+06
3.99895e+06
4.00159e+06
3.99887e+06
4.00117e+06
3.99395e+06
3.99746e+06
4.00168e+06
3.99811e+06
4.00119e+06
3.99802e+06
4.00116e+06
4.00236e+06
4.00074e+06
4.00218e+06
4.00623e+06
4.00095e+06
4.00265e+06
4.00111e+06
4.00209e+06
4.00995e+06
4.00035e+06
4.00138e+06
3.99963e+06
4.00138e+06
4.0077e+06
4.0001e+06
4.00122e+06
4.00004e+06
4.00147e+06
4.00468e+06
4.00142e+06
4.0019e+06
4.00178e+06
4.0026e+06
4.00236e+06
4.00158e+06
4.00231e+06
4.00334e+06
4.00298e+06
4.00275e+06
4.00004e+06
4.00125e+06
4.00303e+06
4.00365e+06
4.00293e+06
4.00021e+06
4.00026e+06
4.00013e+06
4.00202e+06
3.99989e+06
4.00351e+06
4.00201e+06
3.9986e+06
3.99864e+06
4.0058e+06
4.00268e+06
4.00527e+06
4.0009e+06
3.99829e+06
4.00339e+06
4.00301e+06
4.00361e+06
4.00168e+06
4.00056e+06
4.00034e+06
4.00283e+06
4.00235e+06
3.9995e+06
4.00141e+06
4.0036e+06
4.00254e+06
4.0045e+06
4.00182e+06
4.00233e+06
4.00425e+06
4.00348e+06
4.00572e+06
4.02932e+06
4.00359e+06
3.99474e+06
3.99474e+06
4.00184e+06
4.00648e+06
4.0053e+06
3.98342e+06
3.99305e+06
4.00084e+06
4.00288e+06
4.00622e+06
3.98586e+06
4.002e+06
4.00223e+06
4.00074e+06
4.00187e+06
4.00561e+06
4.0027e+06
4.00246e+06
4.00268e+06
4.00228e+06
3.9986e+06
3.99689e+06
4.00169e+06
4.00291e+06
4.0025e+06
3.9934e+06
3.99282e+06
3.99852e+06
4.00169e+06
4.00202e+06
3.99426e+06
3.9929e+06
3.9974e+06
4.00114e+06
4.00181e+06
3.99674e+06
3.99291e+06
3.9982e+06
4.00212e+06
4.00195e+06
3.99581e+06
3.99652e+06
4.00203e+06
4.00573e+06
4.00249e+06
6.10073e+06
6.10064e+06
6.10055e+06
6.10048e+06
6.1004e+06
6.10034e+06
6.10028e+06
6.10022e+06
6.10017e+06
6.10012e+06
6.10008e+06
6.10004e+06
6.1e+06
6.09997e+06
6.09994e+06
6.09991e+06
6.09989e+06
6.09987e+06
6.09985e+06
6.09983e+06
6.09981e+06
6.0998e+06
6.09978e+06
6.09977e+06
6.09977e+06
6.09976e+06
6.09975e+06
6.09975e+06
6.09975e+06
6.10072e+06
6.10063e+06
6.10055e+06
6.10047e+06
6.1004e+06
6.10033e+06
6.10027e+06
6.10022e+06
6.10017e+06
6.10012e+06
6.10008e+06
6.10004e+06
6.1e+06
6.09997e+06
6.09994e+06
6.09991e+06
6.09989e+06
6.09986e+06
6.09984e+06
6.09982e+06
6.09981e+06
6.09979e+06
6.09978e+06
6.09977e+06
6.09976e+06
6.09976e+06
6.09975e+06
6.09975e+06
6.09975e+06
6.10071e+06
6.10062e+06
6.10054e+06
6.10046e+06
6.10039e+06
6.10033e+06
6.10027e+06
6.10021e+06
6.10016e+06
6.10012e+06
6.10007e+06
6.10003e+06
6.1e+06
6.09997e+06
6.09993e+06
6.09991e+06
6.09988e+06
6.09986e+06
6.09984e+06
6.09982e+06
6.09981e+06
6.09979e+06
6.09978e+06
6.09977e+06
6.09976e+06
6.09975e+06
6.09975e+06
6.09974e+06
6.09974e+06
6.1007e+06
6.10061e+06
6.10053e+06
6.10046e+06
6.10039e+06
6.10032e+06
6.10026e+06
6.10021e+06
6.10016e+06
6.10011e+06
6.10007e+06
6.10003e+06
6.09999e+06
6.09996e+06
6.09993e+06
6.0999e+06
6.09988e+06
6.09986e+06
6.09984e+06
6.09982e+06
6.0998e+06
6.09979e+06
6.09978e+06
6.09977e+06
6.09976e+06
6.09975e+06
6.09975e+06
6.09974e+06
6.09974e+06
6.10069e+06
6.1006e+06
6.10052e+06
6.10045e+06
6.10038e+06
6.10031e+06
6.10026e+06
6.1002e+06
6.10015e+06
6.10011e+06
6.10006e+06
6.10003e+06
6.09999e+06
6.09996e+06
6.09993e+06
6.0999e+06
6.09988e+06
6.09985e+06
6.09983e+06
6.09982e+06
6.0998e+06
6.09979e+06
6.09977e+06
6.09976e+06
6.09976e+06
6.09975e+06
6.09974e+06
6.09974e+06
6.09974e+06
6.10067e+06
6.10059e+06
6.10051e+06
6.10043e+06
6.10037e+06
6.1003e+06
6.10025e+06
6.10019e+06
6.10014e+06
6.1001e+06
6.10006e+06
6.10002e+06
6.09998e+06
6.09995e+06
6.09992e+06
6.0999e+06
6.09987e+06
6.09985e+06
6.09983e+06
6.09981e+06
6.0998e+06
6.09978e+06
6.09977e+06
6.09976e+06
6.09975e+06
6.09975e+06
6.09974e+06
6.09974e+06
6.09974e+06
6.10065e+06
6.10057e+06
6.10049e+06
6.10042e+06
6.10035e+06
6.10029e+06
6.10024e+06
6.10019e+06
6.10014e+06
6.10009e+06
6.10005e+06
6.10001e+06
6.09998e+06
6.09995e+06
6.09992e+06
6.09989e+06
6.09987e+06
6.09985e+06
6.09983e+06
6.09981e+06
6.09979e+06
6.09978e+06
6.09977e+06
6.09976e+06
6.09975e+06
6.09974e+06
6.09974e+06
6.09973e+06
6.09973e+06
6.10063e+06
6.10055e+06
6.10047e+06
6.10041e+06
6.10034e+06
6.10028e+06
6.10023e+06
6.10018e+06
6.10013e+06
6.10008e+06
6.10004e+06
6.10001e+06
6.09997e+06
6.09994e+06
6.09991e+06
6.09989e+06
6.09986e+06
6.09984e+06
6.09982e+06
6.0998e+06
6.09979e+06
6.09978e+06
6.09976e+06
6.09975e+06
6.09975e+06
6.09974e+06
6.09973e+06
6.09973e+06
6.09973e+06
6.10061e+06
6.10053e+06
6.10046e+06
6.10039e+06
6.10033e+06
6.10027e+06
6.10021e+06
6.10016e+06
6.10012e+06
6.10008e+06
6.10004e+06
6.1e+06
6.09997e+06
6.09994e+06
6.09991e+06
6.09988e+06
6.09986e+06
6.09984e+06
6.09982e+06
6.0998e+06
6.09979e+06
6.09977e+06
6.09976e+06
6.09975e+06
6.09974e+06
6.09974e+06
6.09973e+06
6.09973e+06
6.09973e+06
6.10058e+06
6.10051e+06
6.10044e+06
6.10037e+06
6.10031e+06
6.10025e+06
6.1002e+06
6.10015e+06
6.10011e+06
6.10007e+06
6.10003e+06
6.09999e+06
6.09996e+06
6.09993e+06
6.0999e+06
6.09988e+06
6.09985e+06
6.09983e+06
6.09981e+06
6.0998e+06
6.09978e+06
6.09977e+06
6.09976e+06
6.09975e+06
6.09974e+06
6.09973e+06
6.09973e+06
6.09972e+06
6.09972e+06
6.10055e+06
6.10048e+06
6.10042e+06
6.10035e+06
6.10029e+06
6.10024e+06
6.10019e+06
6.10014e+06
6.1001e+06
6.10006e+06
6.10002e+06
6.09998e+06
6.09995e+06
6.09992e+06
6.09989e+06
6.09987e+06
6.09985e+06
6.09983e+06
6.09981e+06
6.09979e+06
6.09978e+06
6.09976e+06
6.09975e+06
6.09974e+06
6.09974e+06
6.09973e+06
6.09972e+06
6.09972e+06
6.09972e+06
6.10052e+06
6.10046e+06
6.10039e+06
6.10033e+06
6.10028e+06
6.10022e+06
6.10017e+06
6.10013e+06
6.10009e+06
6.10005e+06
6.10001e+06
6.09997e+06
6.09994e+06
6.09991e+06
6.09989e+06
6.09986e+06
6.09984e+06
6.09982e+06
6.0998e+06
6.09979e+06
6.09977e+06
6.09976e+06
6.09975e+06
6.09974e+06
6.09973e+06
6.09973e+06
6.09972e+06
6.09972e+06
6.09972e+06
6.10049e+06
6.10043e+06
6.10037e+06
6.10031e+06
6.10026e+06
6.10021e+06
6.10016e+06
6.10011e+06
6.10007e+06
6.10003e+06
6.1e+06
6.09996e+06
6.09993e+06
6.09991e+06
6.09988e+06
6.09986e+06
6.09983e+06
6.09982e+06
6.0998e+06
6.09978e+06
6.09977e+06
6.09976e+06
6.09974e+06
6.09974e+06
6.09973e+06
6.09972e+06
6.09972e+06
6.09971e+06
6.09971e+06
6.10046e+06
6.1004e+06
6.10034e+06
6.10029e+06
6.10024e+06
6.10019e+06
6.10014e+06
6.1001e+06
6.10006e+06
6.10002e+06
6.09999e+06
6.09995e+06
6.09992e+06
6.0999e+06
6.09987e+06
6.09985e+06
6.09983e+06
6.09981e+06
6.09979e+06
6.09978e+06
6.09976e+06
6.09975e+06
6.09974e+06
6.09973e+06
6.09972e+06
6.09972e+06
6.09971e+06
6.09971e+06
6.09971e+06
6.10043e+06
6.10037e+06
6.10032e+06
6.10027e+06
6.10022e+06
6.10017e+06
6.10013e+06
6.10008e+06
6.10005e+06
6.10001e+06
6.09998e+06
6.09994e+06
6.09992e+06
6.09989e+06
6.09986e+06
6.09984e+06
6.09982e+06
6.0998e+06
6.09979e+06
6.09977e+06
6.09976e+06
6.09975e+06
6.09974e+06
6.09973e+06
6.09972e+06
6.09971e+06
6.09971e+06
6.09971e+06
6.09971e+06
6.1004e+06
6.10034e+06
6.10029e+06
6.10024e+06
6.10019e+06
6.10015e+06
6.10011e+06
6.10007e+06
6.10003e+06
6.1e+06
6.09996e+06
6.09993e+06
6.09991e+06
6.09988e+06
6.09986e+06
6.09983e+06
6.09981e+06
6.0998e+06
6.09978e+06
6.09977e+06
6.09975e+06
6.09974e+06
6.09973e+06
6.09972e+06
6.09972e+06
6.09971e+06
6.09971e+06
6.0997e+06
6.0997e+06
6.10036e+06
6.10031e+06
6.10026e+06
6.10022e+06
6.10017e+06
6.10013e+06
6.10009e+06
6.10005e+06
6.10002e+06
6.09998e+06
6.09995e+06
6.09992e+06
6.0999e+06
6.09987e+06
6.09985e+06
6.09983e+06
6.09981e+06
6.09979e+06
6.09977e+06
6.09976e+06
6.09975e+06
6.09974e+06
6.09973e+06
6.09972e+06
6.09971e+06
6.09971e+06
6.0997e+06
6.0997e+06
6.0997e+06
6.10033e+06
6.10028e+06
6.10024e+06
6.10019e+06
6.10015e+06
6.10011e+06
6.10007e+06
6.10003e+06
6.1e+06
6.09997e+06
6.09994e+06
6.09991e+06
6.09988e+06
6.09986e+06
6.09984e+06
6.09982e+06
6.0998e+06
6.09978e+06
6.09977e+06
6.09975e+06
6.09974e+06
6.09973e+06
6.09972e+06
6.09971e+06
6.09971e+06
6.0997e+06
6.0997e+06
6.09969e+06
6.09969e+06
6.1003e+06
6.10025e+06
6.10021e+06
6.10017e+06
6.10013e+06
6.10009e+06
6.10005e+06
6.10002e+06
6.09998e+06
6.09995e+06
6.09992e+06
6.0999e+06
6.09987e+06
6.09985e+06
6.09983e+06
6.09981e+06
6.09979e+06
6.09978e+06
6.09976e+06
6.09975e+06
6.09974e+06
6.09973e+06
6.09972e+06
6.09971e+06
6.0997e+06
6.0997e+06
6.09969e+06
6.09969e+06
6.09969e+06
6.10026e+06
6.10022e+06
6.10018e+06
6.10014e+06
6.1001e+06
6.10007e+06
6.10003e+06
6.1e+06
6.09997e+06
6.09994e+06
6.09991e+06
6.09989e+06
6.09986e+06
6.09984e+06
6.09982e+06
6.0998e+06
6.09978e+06
6.09977e+06
6.09975e+06
6.09974e+06
6.09973e+06
6.09972e+06
6.09971e+06
6.0997e+06
6.0997e+06
6.09969e+06
6.09969e+06
6.09969e+06
6.09968e+06
6.10023e+06
6.10019e+06
6.10015e+06
6.10011e+06
6.10008e+06
6.10004e+06
6.10001e+06
6.09998e+06
6.09995e+06
6.09992e+06
6.0999e+06
6.09987e+06
6.09985e+06
6.09983e+06
6.09981e+06
6.09979e+06
6.09977e+06
6.09976e+06
6.09975e+06
6.09973e+06
6.09972e+06
6.09971e+06
6.09971e+06
6.0997e+06
6.09969e+06
6.09969e+06
6.09968e+06
6.09968e+06
6.09968e+06
6.10019e+06
6.10016e+06
6.10012e+06
6.10009e+06
6.10005e+06
6.10002e+06
6.09999e+06
6.09996e+06
6.09993e+06
6.09991e+06
6.09988e+06
6.09986e+06
6.09984e+06
6.09982e+06
6.0998e+06
6.09978e+06
6.09977e+06
6.09975e+06
6.09974e+06
6.09973e+06
6.09972e+06
6.09971e+06
6.0997e+06
6.09969e+06
6.09969e+06
6.09968e+06
6.09968e+06
6.09968e+06
6.09968e+06
6.10016e+06
6.10012e+06
6.10009e+06
6.10006e+06
6.10003e+06
6.1e+06
6.09997e+06
6.09994e+06
6.09992e+06
6.09989e+06
6.09987e+06
6.09985e+06
6.09983e+06
6.09981e+06
6.09979e+06
6.09977e+06
6.09976e+06
6.09974e+06
6.09973e+06
6.09972e+06
6.09971e+06
6.0997e+06
6.09969e+06
6.09969e+06
6.09968e+06
6.09968e+06
6.09967e+06
6.09967e+06
6.09967e+06
6.10012e+06
6.10009e+06
6.10006e+06
6.10003e+06
6.1e+06
6.09998e+06
6.09995e+06
6.09992e+06
6.0999e+06
6.09988e+06
6.09985e+06
6.09983e+06
6.09981e+06
6.09979e+06
6.09978e+06
6.09976e+06
6.09975e+06
6.09974e+06
6.09972e+06
6.09971e+06
6.0997e+06
6.0997e+06
6.09969e+06
6.09968e+06
6.09968e+06
6.09967e+06
6.09967e+06
6.09967e+06
6.09967e+06
6.10009e+06
6.10006e+06
6.10003e+06
6.10001e+06
6.09998e+06
6.09995e+06
6.09993e+06
6.0999e+06
6.09988e+06
6.09986e+06
6.09984e+06
6.09982e+06
6.0998e+06
6.09978e+06
6.09977e+06
6.09975e+06
6.09974e+06
6.09973e+06
6.09972e+06
6.09971e+06
6.0997e+06
6.09969e+06
6.09968e+06
6.09968e+06
6.09967e+06
6.09967e+06
6.09966e+06
6.09966e+06
6.09966e+06
6.10005e+06
6.10003e+06
6.1e+06
6.09998e+06
6.09995e+06
6.09993e+06
6.09991e+06
6.09988e+06
6.09986e+06
6.09984e+06
6.09982e+06
6.0998e+06
6.09979e+06
6.09977e+06
6.09976e+06
6.09974e+06
6.09973e+06
6.09972e+06
6.09971e+06
6.0997e+06
6.09969e+06
6.09968e+06
6.09968e+06
6.09967e+06
6.09967e+06
6.09966e+06
6.09966e+06
6.09966e+06
6.09966e+06
6.10002e+06
6.1e+06
6.09997e+06
6.09995e+06
6.09993e+06
6.09991e+06
6.09988e+06
6.09986e+06
6.09984e+06
6.09982e+06
6.09981e+06
6.09979e+06
6.09977e+06
6.09976e+06
6.09974e+06
6.09973e+06
6.09972e+06
6.09971e+06
6.0997e+06
6.09969e+06
6.09968e+06
6.09968e+06
6.09967e+06
6.09967e+06
6.09966e+06
6.09966e+06
6.09965e+06
6.09965e+06
6.09965e+06
6.09999e+06
6.09997e+06
6.09994e+06
6.09992e+06
6.0999e+06
6.09988e+06
6.09986e+06
6.09984e+06
6.09982e+06
6.09981e+06
6.09979e+06
6.09977e+06
6.09976e+06
6.09975e+06
6.09973e+06
6.09972e+06
6.09971e+06
6.0997e+06
6.09969e+06
6.09968e+06
6.09968e+06
6.09967e+06
6.09966e+06
6.09966e+06
6.09966e+06
6.09965e+06
6.09965e+06
6.09965e+06
6.09965e+06
6.09995e+06
6.09993e+06
6.09991e+06
6.0999e+06
6.09988e+06
6.09986e+06
6.09984e+06
6.09982e+06
6.09981e+06
6.09979e+06
6.09977e+06
6.09976e+06
6.09975e+06
6.09973e+06
6.09972e+06
6.09971e+06
6.0997e+06
6.09969e+06
6.09968e+06
6.09968e+06
6.09967e+06
6.09966e+06
6.09966e+06
6.09965e+06
6.09965e+06
6.09965e+06
6.09964e+06
6.09964e+06
6.09964e+06
6.09992e+06
6.0999e+06
6.09989e+06
6.09987e+06
6.09985e+06
6.09983e+06
6.09982e+06
6.0998e+06
6.09979e+06
6.09977e+06
6.09976e+06
6.09975e+06
6.09973e+06
6.09972e+06
6.09971e+06
6.0997e+06
6.09969e+06
6.09968e+06
6.09967e+06
6.09967e+06
6.09966e+06
6.09966e+06
6.09965e+06
6.09965e+06
6.09964e+06
6.09964e+06
6.09964e+06
6.09964e+06
6.09964e+06
6.09989e+06
6.09987e+06
6.09986e+06
6.09984e+06
6.09983e+06
6.09981e+06
6.0998e+06
6.09978e+06
6.09977e+06
6.09975e+06
6.09974e+06
6.09973e+06
6.09972e+06
6.09971e+06
6.0997e+06
6.09969e+06
6.09968e+06
6.09967e+06
6.09967e+06
6.09966e+06
6.09965e+06
6.09965e+06
6.09965e+06
6.09964e+06
6.09964e+06
6.09964e+06
6.09963e+06
6.09963e+06
6.09963e+06
6.09985e+06
6.09984e+06
6.09983e+06
6.09981e+06
6.0998e+06
6.09979e+06
6.09977e+06
6.09976e+06
6.09975e+06
6.09974e+06
6.09973e+06
6.09971e+06
6.0997e+06
6.0997e+06
6.09969e+06
6.09968e+06
6.09967e+06
6.09966e+06
6.09966e+06
6.09965e+06
6.09965e+06
6.09964e+06
6.09964e+06
6.09964e+06
6.09963e+06
6.09963e+06
6.09963e+06
6.09963e+06
6.09963e+06
6.09982e+06
6.09981e+06
6.0998e+06
6.09979e+06
6.09977e+06
6.09976e+06
6.09975e+06
6.09974e+06
6.09973e+06
6.09972e+06
6.09971e+06
6.0997e+06
6.09969e+06
6.09968e+06
6.09967e+06
6.09967e+06
6.09966e+06
6.09965e+06
6.09965e+06
6.09964e+06
6.09964e+06
6.09964e+06
6.09963e+06
6.09963e+06
6.09963e+06
6.09962e+06
6.09962e+06
6.09962e+06
6.09962e+06
6.09979e+06
6.09978e+06
6.09977e+06
6.09976e+06
6.09975e+06
6.09974e+06
6.09973e+06
6.09972e+06
6.09971e+06
6.0997e+06
6.09969e+06
6.09968e+06
6.09968e+06
6.09967e+06
6.09966e+06
6.09966e+06
6.09965e+06
6.09964e+06
6.09964e+06
6.09964e+06
6.09963e+06
6.09963e+06
6.09963e+06
6.09962e+06
6.09962e+06
6.09962e+06
6.09962e+06
6.09962e+06
6.09962e+06
6.09976e+06
6.09975e+06
6.09974e+06
6.09973e+06
6.09972e+06
6.09971e+06
6.09971e+06
6.0997e+06
6.09969e+06
6.09968e+06
6.09968e+06
6.09967e+06
6.09966e+06
6.09966e+06
6.09965e+06
6.09964e+06
6.09964e+06
6.09964e+06
6.09963e+06
6.09963e+06
6.09962e+06
6.09962e+06
6.09962e+06
6.09962e+06
6.09961e+06
6.09961e+06
6.09961e+06
6.09961e+06
6.09961e+06
6.09973e+06
6.09972e+06
6.09971e+06
6.0997e+06
6.0997e+06
6.09969e+06
6.09968e+06
6.09968e+06
6.09967e+06
6.09966e+06
6.09966e+06
6.09965e+06
6.09965e+06
6.09964e+06
6.09964e+06
6.09963e+06
6.09963e+06
6.09963e+06
6.09962e+06
6.09962e+06
6.09962e+06
6.09961e+06
6.09961e+06
6.09961e+06
6.09961e+06
6.09961e+06
6.09961e+06
6.09961e+06
6.09961e+06
6.09969e+06
6.09969e+06
6.09968e+06
6.09968e+06
6.09967e+06
6.09967e+06
6.09966e+06
6.09966e+06
6.09965e+06
6.09965e+06
6.09964e+06
6.09964e+06
6.09963e+06
6.09963e+06
6.09963e+06
6.09962e+06
6.09962e+06
6.09962e+06
6.09961e+06
6.09961e+06
6.09961e+06
6.09961e+06
6.09961e+06
6.0996e+06
6.0996e+06
6.0996e+06
6.0996e+06
6.0996e+06
6.0996e+06
6.09966e+06
6.09966e+06
6.09965e+06
6.09965e+06
6.09965e+06
6.09964e+06
6.09964e+06
6.09963e+06
6.09963e+06
6.09963e+06
6.09962e+06
6.09962e+06
6.09962e+06
6.09962e+06
6.09961e+06
6.09961e+06
6.09961e+06
6.09961e+06
6.0996e+06
6.0996e+06
6.0996e+06
6.0996e+06
6.0996e+06
6.0996e+06
6.0996e+06
6.0996e+06
6.0996e+06
6.0996e+06
6.0996e+06
6.09963e+06
6.09963e+06
6.09963e+06
6.09962e+06
6.09962e+06
6.09962e+06
6.09962e+06
6.09961e+06
6.09961e+06
6.09961e+06
6.09961e+06
6.09961e+06
6.0996e+06
6.0996e+06
6.0996e+06
6.0996e+06
6.0996e+06
6.0996e+06
6.0996e+06
6.09959e+06
6.09959e+06
6.09959e+06
6.09959e+06
6.09959e+06
6.09959e+06
6.09959e+06
6.09959e+06
6.09959e+06
6.09959e+06
6.0996e+06
6.0996e+06
6.0996e+06
6.0996e+06
6.09959e+06
6.09959e+06
6.09959e+06
6.09959e+06
6.09959e+06
6.09959e+06
6.09959e+06
6.09959e+06
6.09959e+06
6.09959e+06
6.09959e+06
6.09959e+06
6.09959e+06
6.09959e+06
6.09959e+06
6.09959e+06
6.09959e+06
6.09959e+06
6.09959e+06
6.09959e+06
6.09958e+06
6.09958e+06
6.09958e+06
6.09958e+06
6.09958e+06
)
;

boundaryField
{
    inlet
    {
        type            calculated;
        value           uniform 6.09958e+06;
    }
    outlet
    {
        type            calculated;
        value           nonuniform List<scalar> 0();
    }
    walls
    {
        type            calculated;
        value           nonuniform List<scalar> 
206
(
4.00319e+06
4.00365e+06
3.99256e+06
3.99312e+06
3.998e+06
4.00046e+06
4.00169e+06
4.00254e+06
4.00269e+06
4.00117e+06
4.00119e+06
4.00218e+06
4.00209e+06
4.00138e+06
4.00147e+06
4.0026e+06
4.00298e+06
4.00365e+06
4.00202e+06
3.99864e+06
3.99829e+06
4.00056e+06
4.00141e+06
4.00233e+06
4.00359e+06
4.0053e+06
4.00622e+06
4.00187e+06
4.00228e+06
4.0025e+06
4.00202e+06
4.00181e+06
4.00195e+06
4.00249e+06
4.00319e+06
4.00365e+06
3.99256e+06
3.99312e+06
3.998e+06
4.00046e+06
4.00169e+06
4.00254e+06
4.00269e+06
4.00117e+06
4.00119e+06
4.00218e+06
4.00209e+06
4.00138e+06
4.00147e+06
4.0026e+06
4.00298e+06
4.00365e+06
4.00202e+06
3.99864e+06
3.99829e+06
4.00056e+06
4.00141e+06
4.00233e+06
4.00359e+06
4.0053e+06
4.00622e+06
4.00187e+06
4.00228e+06
4.0025e+06
4.00202e+06
4.00181e+06
4.00195e+06
4.00249e+06
6.09975e+06
6.09975e+06
6.09974e+06
6.09974e+06
6.09974e+06
6.09974e+06
6.09973e+06
6.09973e+06
6.09973e+06
6.09972e+06
6.09972e+06
6.09972e+06
6.09971e+06
6.09971e+06
6.09971e+06
6.0997e+06
6.0997e+06
6.09969e+06
6.09969e+06
6.09968e+06
6.09968e+06
6.09968e+06
6.09967e+06
6.09967e+06
6.09966e+06
6.09966e+06
6.09965e+06
6.09965e+06
6.09964e+06
6.09964e+06
6.09963e+06
6.09963e+06
6.09962e+06
6.09962e+06
6.09961e+06
6.09961e+06
6.0996e+06
6.0996e+06
6.09959e+06
6.09958e+06
6.09975e+06
6.09975e+06
6.09974e+06
6.09974e+06
6.09974e+06
6.09974e+06
6.09973e+06
6.09973e+06
6.09973e+06
6.09972e+06
6.09972e+06
6.09972e+06
6.09971e+06
6.09971e+06
6.09971e+06
6.0997e+06
6.0997e+06
6.09969e+06
6.09969e+06
6.09968e+06
6.09968e+06
6.09968e+06
6.09967e+06
6.09967e+06
6.09966e+06
6.09966e+06
6.09965e+06
6.09965e+06
6.09964e+06
6.09964e+06
6.09963e+06
6.09963e+06
6.09962e+06
6.09962e+06
6.09961e+06
6.09961e+06
6.0996e+06
6.0996e+06
6.09959e+06
6.09958e+06
6.10073e+06
6.10064e+06
6.10055e+06
6.10048e+06
6.1004e+06
6.10034e+06
6.10028e+06
6.10022e+06
6.10017e+06
6.10012e+06
6.10008e+06
6.10004e+06
6.10001e+06
6.09997e+06
6.09994e+06
6.09991e+06
6.09989e+06
6.09987e+06
6.09985e+06
6.09983e+06
6.09981e+06
6.0998e+06
6.09979e+06
6.09978e+06
6.09977e+06
6.09976e+06
6.09975e+06
6.09975e+06
6.09975e+06
6.10073e+06
6.10064e+06
6.10055e+06
6.10048e+06
6.1004e+06
6.10034e+06
6.10028e+06
6.10022e+06
6.10017e+06
6.10012e+06
6.10008e+06
6.10004e+06
6.10001e+06
6.09997e+06
6.09994e+06
6.09991e+06
6.09989e+06
6.09987e+06
6.09985e+06
6.09983e+06
6.09981e+06
6.0998e+06
6.09979e+06
6.09978e+06
6.09977e+06
6.09976e+06
6.09975e+06
6.09975e+06
6.09975e+06
)
;
    }
    side1
    {
        type            cyclic;
    }
    side2
    {
        type            cyclic;
    }
    procBoundary4to3
    {
        type            processor;
        value           nonuniform List<scalar> 10(3.99449e+06 4.03257e+06 4.0189e+06 4.0272e+06 4.02094e+06 3.99446e+06 4.03255e+06 4.01891e+06 4.0272e+06 4.02094e+06);
    }
    procBoundary4to5
    {
        type            processor;
        value           nonuniform List<scalar> 
90
(
4.01046e+06
4.00797e+06
4.00351e+06
4.0069e+06
4.00417e+06
6.10083e+06
6.10082e+06
6.10081e+06
6.1008e+06
6.10078e+06
6.10076e+06
6.10074e+06
6.10072e+06
6.10069e+06
6.10066e+06
6.10063e+06
6.1006e+06
6.10056e+06
6.10053e+06
6.10049e+06
6.10045e+06
6.10042e+06
6.10038e+06
6.10034e+06
6.1003e+06
6.10027e+06
6.10023e+06
6.10019e+06
6.10015e+06
6.10012e+06
6.10008e+06
6.10004e+06
6.10001e+06
6.09997e+06
6.09994e+06
6.0999e+06
6.09987e+06
6.09983e+06
6.0998e+06
6.09977e+06
6.09973e+06
6.0997e+06
6.09967e+06
6.09963e+06
6.0996e+06
4.01043e+06
4.00795e+06
4.00351e+06
4.0069e+06
4.00417e+06
6.10083e+06
6.10082e+06
6.10081e+06
6.1008e+06
6.10078e+06
6.10076e+06
6.10074e+06
6.10072e+06
6.10069e+06
6.10066e+06
6.10063e+06
6.1006e+06
6.10056e+06
6.10053e+06
6.10049e+06
6.10045e+06
6.10042e+06
6.10038e+06
6.10034e+06
6.1003e+06
6.10027e+06
6.10023e+06
6.10019e+06
6.10015e+06
6.10012e+06
6.10008e+06
6.10004e+06
6.10001e+06
6.09997e+06
6.09994e+06
6.0999e+06
6.09987e+06
6.09983e+06
6.0998e+06
6.09977e+06
6.09973e+06
6.0997e+06
6.09967e+06
6.09963e+06
6.0996e+06
)
;
    }
}


// ************************************************************************* //
