/*--------------------------------*- C++ -*----------------------------------*\
| =========                 |                                                 |
| \\      /  F ield         | OpenFOAM: The Open Source CFD Toolbox           |
|  \\    /   O peration     | Version:  v2012                                 |
|   \\  /    A nd           | Website:  www.openfoam.com                      |
|    \\/     M anipulation  |                                                 |
\*---------------------------------------------------------------------------*/
FoamFile
{
    version     2.0;
    format      ascii;
    class       volScalarField;
    location    "0.25";
    object      p_rgh;
}
// * * * * * * * * * * * * * * * * * * * * * * * * * * * * * * * * * * * * * //

dimensions      [1 -1 -2 0 0 0 0];


internalField   nonuniform List<scalar> 
2660
(
3.81853e+06
4.01717e+06
3.99659e+06
4.00071e+06
4.00322e+06
3.97737e+06
3.98842e+06
4.00542e+06
3.99916e+06
4.00368e+06
3.99637e+06
3.97762e+06
3.9999e+06
3.98857e+06
3.9926e+06
4.00165e+06
3.98849e+06
3.99973e+06
3.9927e+06
3.99316e+06
4.01051e+06
3.9944e+06
4.00067e+06
3.9964e+06
3.99806e+06
4.00566e+06
3.99861e+06
4.00152e+06
3.998e+06
4.00054e+06
4.00358e+06
4.00043e+06
4.00191e+06
4.00029e+06
4.00178e+06
4.00143e+06
4.00126e+06
4.00223e+06
4.00285e+06
4.00263e+06
3.99794e+06
4.00058e+06
4.00204e+06
4.00174e+06
4.00278e+06
3.99264e+06
3.99899e+06
4.00167e+06
3.99892e+06
4.00125e+06
3.99399e+06
3.9975e+06
4.00177e+06
3.99816e+06
4.0013e+06
3.99808e+06
4.00121e+06
4.00246e+06
4.00079e+06
4.00235e+06
4.00631e+06
4.001e+06
4.00275e+06
4.00117e+06
4.00226e+06
4.01006e+06
4.0004e+06
4.00148e+06
3.99969e+06
4.0015e+06
4.00776e+06
4.00014e+06
4.00132e+06
4.00011e+06
4.00159e+06
4.00474e+06
4.00146e+06
4.00201e+06
4.00189e+06
4.00281e+06
4.0024e+06
4.00162e+06
4.00242e+06
4.00346e+06
4.00315e+06
4.0028e+06
4.00009e+06
4.00136e+06
4.00312e+06
4.00384e+06
4.00297e+06
4.00025e+06
4.0004e+06
4.0002e+06
4.00215e+06
3.99994e+06
4.00357e+06
4.00216e+06
3.99868e+06
3.9987e+06
4.00585e+06
4.00273e+06
4.00543e+06
4.00101e+06
3.99833e+06
4.00343e+06
4.00306e+06
4.00374e+06
4.0018e+06
4.00061e+06
4.00039e+06
4.00288e+06
4.00248e+06
3.9996e+06
4.00146e+06
4.00364e+06
4.00259e+06
4.00461e+06
4.00203e+06
4.00241e+06
4.00429e+06
4.00353e+06
4.0058e+06
4.0296e+06
4.00381e+06
3.99478e+06
3.99479e+06
4.00192e+06
4.00662e+06
4.00558e+06
3.98347e+06
3.99311e+06
4.00092e+06
4.00295e+06
4.0065e+06
3.98593e+06
4.00208e+06
4.00232e+06
4.00081e+06
4.0021e+06
4.0057e+06
4.00277e+06
4.00255e+06
4.00277e+06
4.00243e+06
3.99868e+06
3.99697e+06
4.00178e+06
4.003e+06
4.00265e+06
3.99352e+06
3.9929e+06
3.99861e+06
4.00178e+06
4.00216e+06
3.99442e+06
3.993e+06
3.99753e+06
4.00124e+06
4.00195e+06
3.99693e+06
3.9931e+06
3.99839e+06
4.00229e+06
4.00208e+06
3.996e+06
3.99674e+06
4.00228e+06
4.00601e+06
4.00264e+06
6.10106e+06
6.10097e+06
6.10089e+06
6.10081e+06
6.10074e+06
6.10067e+06
6.10061e+06
6.10056e+06
6.10051e+06
6.10046e+06
6.10042e+06
6.10038e+06
6.10034e+06
6.10031e+06
6.10028e+06
6.10025e+06
6.10022e+06
6.1002e+06
6.10018e+06
6.10016e+06
6.10015e+06
6.10013e+06
6.10012e+06
6.10011e+06
6.1001e+06
6.10009e+06
6.10009e+06
6.10008e+06
6.10008e+06
6.10106e+06
6.10097e+06
6.10088e+06
6.10081e+06
6.10074e+06
6.10067e+06
6.10061e+06
6.10056e+06
6.10051e+06
6.10046e+06
6.10041e+06
6.10038e+06
6.10034e+06
6.10031e+06
6.10028e+06
6.10025e+06
6.10022e+06
6.1002e+06
6.10018e+06
6.10016e+06
6.10015e+06
6.10013e+06
6.10012e+06
6.10011e+06
6.1001e+06
6.10009e+06
6.10009e+06
6.10008e+06
6.10008e+06
6.10105e+06
6.10096e+06
6.10088e+06
6.1008e+06
6.10073e+06
6.10067e+06
6.10061e+06
6.10055e+06
6.1005e+06
6.10046e+06
6.10041e+06
6.10037e+06
6.10034e+06
6.1003e+06
6.10027e+06
6.10025e+06
6.10022e+06
6.1002e+06
6.10018e+06
6.10016e+06
6.10015e+06
6.10013e+06
6.10012e+06
6.10011e+06
6.1001e+06
6.10009e+06
6.10009e+06
6.10008e+06
6.10008e+06
6.10104e+06
6.10095e+06
6.10087e+06
6.1008e+06
6.10073e+06
6.10066e+06
6.1006e+06
6.10055e+06
6.1005e+06
6.10045e+06
6.10041e+06
6.10037e+06
6.10034e+06
6.1003e+06
6.10027e+06
6.10025e+06
6.10022e+06
6.1002e+06
6.10018e+06
6.10016e+06
6.10014e+06
6.10013e+06
6.10012e+06
6.10011e+06
6.1001e+06
6.10009e+06
6.10009e+06
6.10008e+06
6.10008e+06
6.10103e+06
6.10094e+06
6.10086e+06
6.10079e+06
6.10072e+06
6.10066e+06
6.1006e+06
6.10055e+06
6.1005e+06
6.10045e+06
6.10041e+06
6.10037e+06
6.10033e+06
6.1003e+06
6.10027e+06
6.10024e+06
6.10022e+06
6.1002e+06
6.10018e+06
6.10016e+06
6.10014e+06
6.10013e+06
6.10012e+06
6.10011e+06
6.1001e+06
6.10009e+06
6.10009e+06
6.10008e+06
6.10008e+06
6.10102e+06
6.10093e+06
6.10085e+06
6.10078e+06
6.10071e+06
6.10065e+06
6.10059e+06
6.10054e+06
6.10049e+06
6.10045e+06
6.1004e+06
6.10037e+06
6.10033e+06
6.1003e+06
6.10027e+06
6.10024e+06
6.10022e+06
6.1002e+06
6.10018e+06
6.10016e+06
6.10014e+06
6.10013e+06
6.10012e+06
6.10011e+06
6.1001e+06
6.10009e+06
6.10009e+06
6.10008e+06
6.10008e+06
6.101e+06
6.10092e+06
6.10084e+06
6.10077e+06
6.1007e+06
6.10064e+06
6.10059e+06
6.10053e+06
6.10048e+06
6.10044e+06
6.1004e+06
6.10036e+06
6.10033e+06
6.10029e+06
6.10027e+06
6.10024e+06
6.10022e+06
6.10019e+06
6.10017e+06
6.10016e+06
6.10014e+06
6.10013e+06
6.10012e+06
6.10011e+06
6.1001e+06
6.10009e+06
6.10009e+06
6.10008e+06
6.10008e+06
6.10098e+06
6.1009e+06
6.10082e+06
6.10076e+06
6.10069e+06
6.10063e+06
6.10058e+06
6.10053e+06
6.10048e+06
6.10043e+06
6.10039e+06
6.10036e+06
6.10032e+06
6.10029e+06
6.10026e+06
6.10024e+06
6.10021e+06
6.10019e+06
6.10017e+06
6.10015e+06
6.10014e+06
6.10013e+06
6.10011e+06
6.1001e+06
6.1001e+06
6.10009e+06
6.10008e+06
6.10008e+06
6.10008e+06
6.10096e+06
6.10088e+06
6.10081e+06
6.10074e+06
6.10068e+06
6.10062e+06
6.10057e+06
6.10052e+06
6.10047e+06
6.10043e+06
6.10039e+06
6.10035e+06
6.10032e+06
6.10029e+06
6.10026e+06
6.10023e+06
6.10021e+06
6.10019e+06
6.10017e+06
6.10015e+06
6.10014e+06
6.10012e+06
6.10011e+06
6.1001e+06
6.1001e+06
6.10009e+06
6.10008e+06
6.10008e+06
6.10008e+06
6.10093e+06
6.10086e+06
6.10079e+06
6.10073e+06
6.10067e+06
6.10061e+06
6.10056e+06
6.10051e+06
6.10046e+06
6.10042e+06
6.10038e+06
6.10035e+06
6.10031e+06
6.10028e+06
6.10025e+06
6.10023e+06
6.10021e+06
6.10019e+06
6.10017e+06
6.10015e+06
6.10014e+06
6.10012e+06
6.10011e+06
6.1001e+06
6.10009e+06
6.10009e+06
6.10008e+06
6.10008e+06
6.10008e+06
6.10091e+06
6.10084e+06
6.10077e+06
6.10071e+06
6.10065e+06
6.1006e+06
6.10054e+06
6.1005e+06
6.10045e+06
6.10041e+06
6.10037e+06
6.10034e+06
6.10031e+06
6.10028e+06
6.10025e+06
6.10023e+06
6.1002e+06
6.10018e+06
6.10016e+06
6.10015e+06
6.10013e+06
6.10012e+06
6.10011e+06
6.1001e+06
6.10009e+06
6.10009e+06
6.10008e+06
6.10008e+06
6.10008e+06
6.10088e+06
6.10081e+06
6.10075e+06
6.10069e+06
6.10063e+06
6.10058e+06
6.10053e+06
6.10049e+06
6.10044e+06
6.1004e+06
6.10037e+06
6.10033e+06
6.1003e+06
6.10027e+06
6.10025e+06
6.10022e+06
6.1002e+06
6.10018e+06
6.10016e+06
6.10015e+06
6.10013e+06
6.10012e+06
6.10011e+06
6.1001e+06
6.10009e+06
6.10008e+06
6.10008e+06
6.10008e+06
6.10007e+06
6.10085e+06
6.10079e+06
6.10073e+06
6.10067e+06
6.10062e+06
6.10057e+06
6.10052e+06
6.10047e+06
6.10043e+06
6.10039e+06
6.10036e+06
6.10033e+06
6.10029e+06
6.10027e+06
6.10024e+06
6.10022e+06
6.1002e+06
6.10018e+06
6.10016e+06
6.10014e+06
6.10013e+06
6.10012e+06
6.10011e+06
6.1001e+06
6.10009e+06
6.10008e+06
6.10008e+06
6.10007e+06
6.10007e+06
6.10083e+06
6.10076e+06
6.10071e+06
6.10065e+06
6.1006e+06
6.10055e+06
6.1005e+06
6.10046e+06
6.10042e+06
6.10038e+06
6.10035e+06
6.10032e+06
6.10029e+06
6.10026e+06
6.10023e+06
6.10021e+06
6.10019e+06
6.10017e+06
6.10015e+06
6.10014e+06
6.10013e+06
6.10011e+06
6.1001e+06
6.10009e+06
6.10009e+06
6.10008e+06
6.10008e+06
6.10007e+06
6.10007e+06
6.1008e+06
6.10074e+06
6.10068e+06
6.10063e+06
6.10058e+06
6.10053e+06
6.10049e+06
6.10045e+06
6.10041e+06
6.10037e+06
6.10034e+06
6.10031e+06
6.10028e+06
6.10025e+06
6.10023e+06
6.10021e+06
6.10019e+06
6.10017e+06
6.10015e+06
6.10014e+06
6.10012e+06
6.10011e+06
6.1001e+06
6.10009e+06
6.10008e+06
6.10008e+06
6.10007e+06
6.10007e+06
6.10007e+06
6.10076e+06
6.10071e+06
6.10066e+06
6.10061e+06
6.10056e+06
6.10052e+06
6.10047e+06
6.10043e+06
6.1004e+06
6.10036e+06
6.10033e+06
6.1003e+06
6.10027e+06
6.10025e+06
6.10022e+06
6.1002e+06
6.10018e+06
6.10016e+06
6.10015e+06
6.10013e+06
6.10012e+06
6.10011e+06
6.1001e+06
6.10009e+06
6.10008e+06
6.10008e+06
6.10007e+06
6.10007e+06
6.10007e+06
6.10073e+06
6.10068e+06
6.10063e+06
6.10059e+06
6.10054e+06
6.1005e+06
6.10046e+06
6.10042e+06
6.10038e+06
6.10035e+06
6.10032e+06
6.10029e+06
6.10026e+06
6.10024e+06
6.10022e+06
6.10019e+06
6.10018e+06
6.10016e+06
6.10014e+06
6.10013e+06
6.10012e+06
6.1001e+06
6.1001e+06
6.10009e+06
6.10008e+06
6.10007e+06
6.10007e+06
6.10007e+06
6.10007e+06
6.1007e+06
6.10065e+06
6.10061e+06
6.10056e+06
6.10052e+06
6.10048e+06
6.10044e+06
6.10041e+06
6.10037e+06
6.10034e+06
6.10031e+06
6.10028e+06
6.10026e+06
6.10023e+06
6.10021e+06
6.10019e+06
6.10017e+06
6.10015e+06
6.10014e+06
6.10012e+06
6.10011e+06
6.1001e+06
6.10009e+06
6.10008e+06
6.10008e+06
6.10007e+06
6.10007e+06
6.10007e+06
6.10006e+06
6.10067e+06
6.10062e+06
6.10058e+06
6.10054e+06
6.1005e+06
6.10046e+06
6.10042e+06
6.10039e+06
6.10036e+06
6.10033e+06
6.1003e+06
6.10027e+06
6.10025e+06
6.10022e+06
6.1002e+06
6.10018e+06
6.10016e+06
6.10015e+06
6.10013e+06
6.10012e+06
6.10011e+06
6.1001e+06
6.10009e+06
6.10008e+06
6.10007e+06
6.10007e+06
6.10007e+06
6.10006e+06
6.10006e+06
6.10064e+06
6.10059e+06
6.10055e+06
6.10051e+06
6.10048e+06
6.10044e+06
6.10041e+06
6.10037e+06
6.10034e+06
6.10031e+06
6.10029e+06
6.10026e+06
6.10024e+06
6.10021e+06
6.10019e+06
6.10018e+06
6.10016e+06
6.10014e+06
6.10013e+06
6.10012e+06
6.1001e+06
6.10009e+06
6.10009e+06
6.10008e+06
6.10007e+06
6.10007e+06
6.10006e+06
6.10006e+06
6.10006e+06
6.1006e+06
6.10057e+06
6.10053e+06
6.10049e+06
6.10046e+06
6.10042e+06
6.10039e+06
6.10036e+06
6.10033e+06
6.1003e+06
6.10027e+06
6.10025e+06
6.10023e+06
6.10021e+06
6.10019e+06
6.10017e+06
6.10015e+06
6.10014e+06
6.10012e+06
6.10011e+06
6.1001e+06
6.10009e+06
6.10008e+06
6.10008e+06
6.10007e+06
6.10006e+06
6.10006e+06
6.10006e+06
6.10006e+06
6.10057e+06
6.10054e+06
6.1005e+06
6.10047e+06
6.10043e+06
6.1004e+06
6.10037e+06
6.10034e+06
6.10031e+06
6.10029e+06
6.10026e+06
6.10024e+06
6.10022e+06
6.1002e+06
6.10018e+06
6.10016e+06
6.10015e+06
6.10013e+06
6.10012e+06
6.10011e+06
6.1001e+06
6.10009e+06
6.10008e+06
6.10007e+06
6.10007e+06
6.10006e+06
6.10006e+06
6.10006e+06
6.10005e+06
6.10054e+06
6.10051e+06
6.10047e+06
6.10044e+06
6.10041e+06
6.10038e+06
6.10035e+06
6.10032e+06
6.1003e+06
6.10027e+06
6.10025e+06
6.10023e+06
6.10021e+06
6.10019e+06
6.10017e+06
6.10015e+06
6.10014e+06
6.10013e+06
6.10011e+06
6.1001e+06
6.10009e+06
6.10008e+06
6.10008e+06
6.10007e+06
6.10006e+06
6.10006e+06
6.10006e+06
6.10005e+06
6.10005e+06
6.10051e+06
6.10048e+06
6.10045e+06
6.10042e+06
6.10039e+06
6.10036e+06
6.10033e+06
6.10031e+06
6.10028e+06
6.10026e+06
6.10024e+06
6.10022e+06
6.1002e+06
6.10018e+06
6.10016e+06
6.10015e+06
6.10013e+06
6.10012e+06
6.10011e+06
6.1001e+06
6.10009e+06
6.10008e+06
6.10007e+06
6.10007e+06
6.10006e+06
6.10006e+06
6.10005e+06
6.10005e+06
6.10005e+06
6.10047e+06
6.10045e+06
6.10042e+06
6.10039e+06
6.10036e+06
6.10034e+06
6.10031e+06
6.10029e+06
6.10027e+06
6.10024e+06
6.10022e+06
6.1002e+06
6.10019e+06
6.10017e+06
6.10015e+06
6.10014e+06
6.10012e+06
6.10011e+06
6.1001e+06
6.10009e+06
6.10008e+06
6.10007e+06
6.10007e+06
6.10006e+06
6.10006e+06
6.10005e+06
6.10005e+06
6.10005e+06
6.10005e+06
6.10044e+06
6.10042e+06
6.10039e+06
6.10037e+06
6.10034e+06
6.10032e+06
6.10029e+06
6.10027e+06
6.10025e+06
6.10023e+06
6.10021e+06
6.10019e+06
6.10017e+06
6.10016e+06
6.10014e+06
6.10013e+06
6.10012e+06
6.10011e+06
6.1001e+06
6.10009e+06
6.10008e+06
6.10007e+06
6.10006e+06
6.10006e+06
6.10005e+06
6.10005e+06
6.10005e+06
6.10005e+06
6.10004e+06
6.10041e+06
6.10039e+06
6.10036e+06
6.10034e+06
6.10032e+06
6.1003e+06
6.10027e+06
6.10025e+06
6.10023e+06
6.10021e+06
6.1002e+06
6.10018e+06
6.10016e+06
6.10015e+06
6.10013e+06
6.10012e+06
6.10011e+06
6.1001e+06
6.10009e+06
6.10008e+06
6.10007e+06
6.10007e+06
6.10006e+06
6.10005e+06
6.10005e+06
6.10005e+06
6.10004e+06
6.10004e+06
6.10004e+06
6.10038e+06
6.10036e+06
6.10034e+06
6.10031e+06
6.10029e+06
6.10027e+06
6.10025e+06
6.10023e+06
6.10022e+06
6.1002e+06
6.10018e+06
6.10017e+06
6.10015e+06
6.10014e+06
6.10013e+06
6.10011e+06
6.1001e+06
6.10009e+06
6.10008e+06
6.10008e+06
6.10007e+06
6.10006e+06
6.10006e+06
6.10005e+06
6.10005e+06
6.10004e+06
6.10004e+06
6.10004e+06
6.10004e+06
6.10035e+06
6.10033e+06
6.10031e+06
6.10029e+06
6.10027e+06
6.10025e+06
6.10023e+06
6.10022e+06
6.1002e+06
6.10018e+06
6.10017e+06
6.10015e+06
6.10014e+06
6.10013e+06
6.10012e+06
6.1001e+06
6.10009e+06
6.10009e+06
6.10008e+06
6.10007e+06
6.10006e+06
6.10006e+06
6.10005e+06
6.10005e+06
6.10004e+06
6.10004e+06
6.10004e+06
6.10004e+06
6.10004e+06
6.10032e+06
6.1003e+06
6.10028e+06
6.10026e+06
6.10025e+06
6.10023e+06
6.10021e+06
6.1002e+06
6.10018e+06
6.10017e+06
6.10015e+06
6.10014e+06
6.10013e+06
6.10012e+06
6.10011e+06
6.1001e+06
6.10009e+06
6.10008e+06
6.10007e+06
6.10006e+06
6.10006e+06
6.10005e+06
6.10005e+06
6.10004e+06
6.10004e+06
6.10004e+06
6.10004e+06
6.10003e+06
6.10003e+06
6.10029e+06
6.10027e+06
6.10025e+06
6.10024e+06
6.10022e+06
6.10021e+06
6.10019e+06
6.10018e+06
6.10017e+06
6.10015e+06
6.10014e+06
6.10013e+06
6.10012e+06
6.10011e+06
6.1001e+06
6.10009e+06
6.10008e+06
6.10007e+06
6.10006e+06
6.10006e+06
6.10005e+06
6.10005e+06
6.10004e+06
6.10004e+06
6.10004e+06
6.10003e+06
6.10003e+06
6.10003e+06
6.10003e+06
6.10025e+06
6.10024e+06
6.10023e+06
6.10021e+06
6.1002e+06
6.10019e+06
6.10017e+06
6.10016e+06
6.10015e+06
6.10014e+06
6.10013e+06
6.10011e+06
6.1001e+06
6.1001e+06
6.10009e+06
6.10008e+06
6.10007e+06
6.10006e+06
6.10006e+06
6.10005e+06
6.10005e+06
6.10004e+06
6.10004e+06
6.10004e+06
6.10003e+06
6.10003e+06
6.10003e+06
6.10003e+06
6.10003e+06
6.10022e+06
6.10021e+06
6.1002e+06
6.10019e+06
6.10018e+06
6.10016e+06
6.10015e+06
6.10014e+06
6.10013e+06
6.10012e+06
6.10011e+06
6.1001e+06
6.10009e+06
6.10008e+06
6.10008e+06
6.10007e+06
6.10006e+06
6.10006e+06
6.10005e+06
6.10005e+06
6.10004e+06
6.10004e+06
6.10003e+06
6.10003e+06
6.10003e+06
6.10003e+06
6.10003e+06
6.10002e+06
6.10002e+06
6.10019e+06
6.10018e+06
6.10017e+06
6.10016e+06
6.10015e+06
6.10014e+06
6.10013e+06
6.10012e+06
6.10011e+06
6.1001e+06
6.1001e+06
6.10009e+06
6.10008e+06
6.10007e+06
6.10007e+06
6.10006e+06
6.10005e+06
6.10005e+06
6.10004e+06
6.10004e+06
6.10004e+06
6.10003e+06
6.10003e+06
6.10003e+06
6.10003e+06
6.10002e+06
6.10002e+06
6.10002e+06
6.10002e+06
6.10016e+06
6.10016e+06
6.10015e+06
6.10014e+06
6.10013e+06
6.10012e+06
6.10011e+06
6.1001e+06
6.1001e+06
6.10009e+06
6.10008e+06
6.10007e+06
6.10007e+06
6.10006e+06
6.10006e+06
6.10005e+06
6.10005e+06
6.10004e+06
6.10004e+06
6.10003e+06
6.10003e+06
6.10003e+06
6.10003e+06
6.10002e+06
6.10002e+06
6.10002e+06
6.10002e+06
6.10002e+06
6.10002e+06
6.10013e+06
6.10013e+06
6.10012e+06
6.10011e+06
6.10011e+06
6.1001e+06
6.10009e+06
6.10009e+06
6.10008e+06
6.10007e+06
6.10007e+06
6.10006e+06
6.10006e+06
6.10005e+06
6.10005e+06
6.10004e+06
6.10004e+06
6.10003e+06
6.10003e+06
6.10003e+06
6.10003e+06
6.10002e+06
6.10002e+06
6.10002e+06
6.10002e+06
6.10002e+06
6.10002e+06
6.10001e+06
6.10001e+06
6.1001e+06
6.1001e+06
6.10009e+06
6.10009e+06
6.10008e+06
6.10008e+06
6.10007e+06
6.10007e+06
6.10006e+06
6.10006e+06
6.10005e+06
6.10005e+06
6.10004e+06
6.10004e+06
6.10004e+06
6.10003e+06
6.10003e+06
6.10003e+06
6.10002e+06
6.10002e+06
6.10002e+06
6.10002e+06
6.10002e+06
6.10001e+06
6.10001e+06
6.10001e+06
6.10001e+06
6.10001e+06
6.10001e+06
6.10007e+06
6.10007e+06
6.10007e+06
6.10006e+06
6.10006e+06
6.10005e+06
6.10005e+06
6.10005e+06
6.10004e+06
6.10004e+06
6.10004e+06
6.10003e+06
6.10003e+06
6.10003e+06
6.10003e+06
6.10002e+06
6.10002e+06
6.10002e+06
6.10002e+06
6.10002e+06
6.10001e+06
6.10001e+06
6.10001e+06
6.10001e+06
6.10001e+06
6.10001e+06
6.10001e+06
6.10001e+06
6.10001e+06
6.10004e+06
6.10004e+06
6.10004e+06
6.10004e+06
6.10004e+06
6.10003e+06
6.10003e+06
6.10003e+06
6.10003e+06
6.10002e+06
6.10002e+06
6.10002e+06
6.10002e+06
6.10002e+06
6.10002e+06
6.10001e+06
6.10001e+06
6.10001e+06
6.10001e+06
6.10001e+06
6.10001e+06
6.10001e+06
6.10001e+06
6.10001e+06
6.10001e+06
6.10001e+06
6.1e+06
6.1e+06
6.1e+06
6.10002e+06
6.10001e+06
6.10001e+06
6.10001e+06
6.10001e+06
6.10001e+06
6.10001e+06
6.10001e+06
6.10001e+06
6.10001e+06
6.10001e+06
6.10001e+06
6.10001e+06
6.10001e+06
6.1e+06
6.1e+06
6.1e+06
6.1e+06
6.1e+06
6.1e+06
6.1e+06
6.1e+06
6.1e+06
6.1e+06
6.1e+06
6.1e+06
6.1e+06
6.1e+06
6.1e+06
3.81853e+06
4.01717e+06
3.99659e+06
4.00071e+06
4.00322e+06
3.97737e+06
3.98842e+06
4.00542e+06
3.99916e+06
4.00368e+06
3.99637e+06
3.97762e+06
3.9999e+06
3.98857e+06
3.9926e+06
4.00164e+06
3.98848e+06
3.99974e+06
3.9927e+06
3.99316e+06
4.0105e+06
3.9944e+06
4.00067e+06
3.9964e+06
3.99806e+06
4.00566e+06
3.99861e+06
4.00152e+06
3.998e+06
4.00054e+06
4.00358e+06
4.00043e+06
4.00191e+06
4.00029e+06
4.00178e+06
4.00143e+06
4.00126e+06
4.00223e+06
4.00285e+06
4.00263e+06
3.99794e+06
4.00058e+06
4.00204e+06
4.00174e+06
4.00278e+06
3.99264e+06
3.99899e+06
4.00167e+06
3.99892e+06
4.00125e+06
3.99402e+06
3.9975e+06
4.00177e+06
3.99816e+06
4.0013e+06
3.99809e+06
4.00121e+06
4.00246e+06
4.00079e+06
4.00235e+06
4.00631e+06
4.001e+06
4.00275e+06
4.00117e+06
4.00226e+06
4.01002e+06
4.00039e+06
4.00148e+06
3.99969e+06
4.0015e+06
4.00776e+06
4.00014e+06
4.00132e+06
4.00011e+06
4.00159e+06
4.00474e+06
4.00146e+06
4.00201e+06
4.00189e+06
4.00281e+06
4.00241e+06
4.00163e+06
4.00242e+06
4.00346e+06
4.00315e+06
4.0028e+06
4.00009e+06
4.00136e+06
4.00312e+06
4.00384e+06
4.00299e+06
4.00026e+06
4.0004e+06
4.0002e+06
4.00215e+06
3.99995e+06
4.00357e+06
4.00216e+06
3.99868e+06
3.9987e+06
4.00586e+06
4.00274e+06
4.00543e+06
4.00101e+06
3.99833e+06
4.00345e+06
4.00307e+06
4.00374e+06
4.0018e+06
4.00061e+06
4.0004e+06
4.00289e+06
4.00247e+06
3.9996e+06
4.00146e+06
4.00365e+06
4.0026e+06
4.00461e+06
4.00203e+06
4.00241e+06
4.0043e+06
4.00354e+06
4.0058e+06
4.02959e+06
4.00381e+06
3.9948e+06
3.9948e+06
4.00192e+06
4.00662e+06
4.00558e+06
3.98348e+06
3.99312e+06
4.00092e+06
4.00295e+06
4.0065e+06
3.98595e+06
4.00209e+06
4.00232e+06
4.00081e+06
4.0021e+06
4.00572e+06
4.00278e+06
4.00255e+06
4.00277e+06
4.00243e+06
3.99871e+06
3.99698e+06
4.00178e+06
4.003e+06
4.00265e+06
3.99356e+06
3.9929e+06
3.99861e+06
4.00178e+06
4.00216e+06
3.99447e+06
3.99301e+06
3.99753e+06
4.00124e+06
4.00195e+06
3.997e+06
3.99313e+06
3.99839e+06
4.00229e+06
4.00208e+06
3.99608e+06
3.99678e+06
4.00228e+06
4.00601e+06
4.00264e+06
6.10106e+06
6.10097e+06
6.10089e+06
6.10081e+06
6.10074e+06
6.10067e+06
6.10061e+06
6.10056e+06
6.10051e+06
6.10046e+06
6.10042e+06
6.10038e+06
6.10034e+06
6.10031e+06
6.10028e+06
6.10025e+06
6.10022e+06
6.1002e+06
6.10018e+06
6.10016e+06
6.10015e+06
6.10013e+06
6.10012e+06
6.10011e+06
6.1001e+06
6.10009e+06
6.10009e+06
6.10008e+06
6.10008e+06
6.10106e+06
6.10097e+06
6.10088e+06
6.10081e+06
6.10074e+06
6.10067e+06
6.10061e+06
6.10056e+06
6.10051e+06
6.10046e+06
6.10041e+06
6.10038e+06
6.10034e+06
6.10031e+06
6.10028e+06
6.10025e+06
6.10022e+06
6.1002e+06
6.10018e+06
6.10016e+06
6.10015e+06
6.10013e+06
6.10012e+06
6.10011e+06
6.1001e+06
6.10009e+06
6.10009e+06
6.10008e+06
6.10008e+06
6.10105e+06
6.10096e+06
6.10088e+06
6.1008e+06
6.10073e+06
6.10067e+06
6.10061e+06
6.10055e+06
6.1005e+06
6.10046e+06
6.10041e+06
6.10037e+06
6.10034e+06
6.1003e+06
6.10027e+06
6.10025e+06
6.10022e+06
6.1002e+06
6.10018e+06
6.10016e+06
6.10015e+06
6.10013e+06
6.10012e+06
6.10011e+06
6.1001e+06
6.10009e+06
6.10009e+06
6.10008e+06
6.10008e+06
6.10104e+06
6.10095e+06
6.10087e+06
6.1008e+06
6.10073e+06
6.10066e+06
6.1006e+06
6.10055e+06
6.1005e+06
6.10045e+06
6.10041e+06
6.10037e+06
6.10034e+06
6.1003e+06
6.10027e+06
6.10025e+06
6.10022e+06
6.1002e+06
6.10018e+06
6.10016e+06
6.10014e+06
6.10013e+06
6.10012e+06
6.10011e+06
6.1001e+06
6.10009e+06
6.10009e+06
6.10008e+06
6.10008e+06
6.10103e+06
6.10094e+06
6.10086e+06
6.10079e+06
6.10072e+06
6.10066e+06
6.1006e+06
6.10055e+06
6.1005e+06
6.10045e+06
6.10041e+06
6.10037e+06
6.10033e+06
6.1003e+06
6.10027e+06
6.10024e+06
6.10022e+06
6.1002e+06
6.10018e+06
6.10016e+06
6.10014e+06
6.10013e+06
6.10012e+06
6.10011e+06
6.1001e+06
6.10009e+06
6.10009e+06
6.10008e+06
6.10008e+06
6.10102e+06
6.10093e+06
6.10085e+06
6.10078e+06
6.10071e+06
6.10065e+06
6.10059e+06
6.10054e+06
6.10049e+06
6.10045e+06
6.1004e+06
6.10037e+06
6.10033e+06
6.1003e+06
6.10027e+06
6.10024e+06
6.10022e+06
6.1002e+06
6.10018e+06
6.10016e+06
6.10014e+06
6.10013e+06
6.10012e+06
6.10011e+06
6.1001e+06
6.10009e+06
6.10009e+06
6.10008e+06
6.10008e+06
6.101e+06
6.10092e+06
6.10084e+06
6.10077e+06
6.1007e+06
6.10064e+06
6.10059e+06
6.10053e+06
6.10048e+06
6.10044e+06
6.1004e+06
6.10036e+06
6.10033e+06
6.10029e+06
6.10027e+06
6.10024e+06
6.10022e+06
6.10019e+06
6.10017e+06
6.10016e+06
6.10014e+06
6.10013e+06
6.10012e+06
6.10011e+06
6.1001e+06
6.10009e+06
6.10009e+06
6.10008e+06
6.10008e+06
6.10098e+06
6.1009e+06
6.10082e+06
6.10076e+06
6.10069e+06
6.10063e+06
6.10058e+06
6.10053e+06
6.10048e+06
6.10043e+06
6.10039e+06
6.10036e+06
6.10032e+06
6.10029e+06
6.10026e+06
6.10024e+06
6.10021e+06
6.10019e+06
6.10017e+06
6.10015e+06
6.10014e+06
6.10013e+06
6.10011e+06
6.1001e+06
6.1001e+06
6.10009e+06
6.10008e+06
6.10008e+06
6.10008e+06
6.10096e+06
6.10088e+06
6.10081e+06
6.10074e+06
6.10068e+06
6.10062e+06
6.10057e+06
6.10052e+06
6.10047e+06
6.10043e+06
6.10039e+06
6.10035e+06
6.10032e+06
6.10029e+06
6.10026e+06
6.10023e+06
6.10021e+06
6.10019e+06
6.10017e+06
6.10015e+06
6.10014e+06
6.10012e+06
6.10011e+06
6.1001e+06
6.1001e+06
6.10009e+06
6.10008e+06
6.10008e+06
6.10008e+06
6.10093e+06
6.10086e+06
6.10079e+06
6.10073e+06
6.10067e+06
6.10061e+06
6.10056e+06
6.10051e+06
6.10046e+06
6.10042e+06
6.10038e+06
6.10035e+06
6.10031e+06
6.10028e+06
6.10025e+06
6.10023e+06
6.10021e+06
6.10019e+06
6.10017e+06
6.10015e+06
6.10014e+06
6.10012e+06
6.10011e+06
6.1001e+06
6.10009e+06
6.10009e+06
6.10008e+06
6.10008e+06
6.10008e+06
6.10091e+06
6.10084e+06
6.10077e+06
6.10071e+06
6.10065e+06
6.1006e+06
6.10054e+06
6.1005e+06
6.10045e+06
6.10041e+06
6.10037e+06
6.10034e+06
6.10031e+06
6.10028e+06
6.10025e+06
6.10023e+06
6.1002e+06
6.10018e+06
6.10016e+06
6.10015e+06
6.10013e+06
6.10012e+06
6.10011e+06
6.1001e+06
6.10009e+06
6.10009e+06
6.10008e+06
6.10008e+06
6.10008e+06
6.10088e+06
6.10081e+06
6.10075e+06
6.10069e+06
6.10063e+06
6.10058e+06
6.10053e+06
6.10049e+06
6.10044e+06
6.1004e+06
6.10037e+06
6.10033e+06
6.1003e+06
6.10027e+06
6.10025e+06
6.10022e+06
6.1002e+06
6.10018e+06
6.10016e+06
6.10015e+06
6.10013e+06
6.10012e+06
6.10011e+06
6.1001e+06
6.10009e+06
6.10008e+06
6.10008e+06
6.10008e+06
6.10007e+06
6.10085e+06
6.10079e+06
6.10073e+06
6.10067e+06
6.10062e+06
6.10057e+06
6.10052e+06
6.10047e+06
6.10043e+06
6.10039e+06
6.10036e+06
6.10033e+06
6.10029e+06
6.10027e+06
6.10024e+06
6.10022e+06
6.1002e+06
6.10018e+06
6.10016e+06
6.10014e+06
6.10013e+06
6.10012e+06
6.10011e+06
6.1001e+06
6.10009e+06
6.10008e+06
6.10008e+06
6.10007e+06
6.10007e+06
6.10083e+06
6.10076e+06
6.10071e+06
6.10065e+06
6.1006e+06
6.10055e+06
6.1005e+06
6.10046e+06
6.10042e+06
6.10038e+06
6.10035e+06
6.10032e+06
6.10029e+06
6.10026e+06
6.10023e+06
6.10021e+06
6.10019e+06
6.10017e+06
6.10015e+06
6.10014e+06
6.10013e+06
6.10011e+06
6.1001e+06
6.10009e+06
6.10009e+06
6.10008e+06
6.10008e+06
6.10007e+06
6.10007e+06
6.1008e+06
6.10074e+06
6.10068e+06
6.10063e+06
6.10058e+06
6.10053e+06
6.10049e+06
6.10045e+06
6.10041e+06
6.10037e+06
6.10034e+06
6.10031e+06
6.10028e+06
6.10025e+06
6.10023e+06
6.10021e+06
6.10019e+06
6.10017e+06
6.10015e+06
6.10014e+06
6.10012e+06
6.10011e+06
6.1001e+06
6.10009e+06
6.10008e+06
6.10008e+06
6.10007e+06
6.10007e+06
6.10007e+06
6.10076e+06
6.10071e+06
6.10066e+06
6.10061e+06
6.10056e+06
6.10052e+06
6.10047e+06
6.10043e+06
6.1004e+06
6.10036e+06
6.10033e+06
6.1003e+06
6.10027e+06
6.10025e+06
6.10022e+06
6.1002e+06
6.10018e+06
6.10016e+06
6.10015e+06
6.10013e+06
6.10012e+06
6.10011e+06
6.1001e+06
6.10009e+06
6.10008e+06
6.10008e+06
6.10007e+06
6.10007e+06
6.10007e+06
6.10073e+06
6.10068e+06
6.10063e+06
6.10059e+06
6.10054e+06
6.1005e+06
6.10046e+06
6.10042e+06
6.10038e+06
6.10035e+06
6.10032e+06
6.10029e+06
6.10026e+06
6.10024e+06
6.10022e+06
6.10019e+06
6.10018e+06
6.10016e+06
6.10014e+06
6.10013e+06
6.10012e+06
6.1001e+06
6.1001e+06
6.10009e+06
6.10008e+06
6.10007e+06
6.10007e+06
6.10007e+06
6.10007e+06
6.1007e+06
6.10065e+06
6.10061e+06
6.10056e+06
6.10052e+06
6.10048e+06
6.10044e+06
6.10041e+06
6.10037e+06
6.10034e+06
6.10031e+06
6.10028e+06
6.10026e+06
6.10023e+06
6.10021e+06
6.10019e+06
6.10017e+06
6.10015e+06
6.10014e+06
6.10012e+06
6.10011e+06
6.1001e+06
6.10009e+06
6.10008e+06
6.10008e+06
6.10007e+06
6.10007e+06
6.10007e+06
6.10006e+06
6.10067e+06
6.10062e+06
6.10058e+06
6.10054e+06
6.1005e+06
6.10046e+06
6.10042e+06
6.10039e+06
6.10036e+06
6.10033e+06
6.1003e+06
6.10027e+06
6.10025e+06
6.10022e+06
6.1002e+06
6.10018e+06
6.10016e+06
6.10015e+06
6.10013e+06
6.10012e+06
6.10011e+06
6.1001e+06
6.10009e+06
6.10008e+06
6.10007e+06
6.10007e+06
6.10007e+06
6.10006e+06
6.10006e+06
6.10064e+06
6.10059e+06
6.10055e+06
6.10051e+06
6.10048e+06
6.10044e+06
6.10041e+06
6.10037e+06
6.10034e+06
6.10031e+06
6.10029e+06
6.10026e+06
6.10024e+06
6.10021e+06
6.10019e+06
6.10018e+06
6.10016e+06
6.10014e+06
6.10013e+06
6.10012e+06
6.1001e+06
6.10009e+06
6.10009e+06
6.10008e+06
6.10007e+06
6.10007e+06
6.10006e+06
6.10006e+06
6.10006e+06
6.1006e+06
6.10057e+06
6.10053e+06
6.10049e+06
6.10046e+06
6.10042e+06
6.10039e+06
6.10036e+06
6.10033e+06
6.1003e+06
6.10027e+06
6.10025e+06
6.10023e+06
6.10021e+06
6.10019e+06
6.10017e+06
6.10015e+06
6.10014e+06
6.10012e+06
6.10011e+06
6.1001e+06
6.10009e+06
6.10008e+06
6.10008e+06
6.10007e+06
6.10006e+06
6.10006e+06
6.10006e+06
6.10006e+06
6.10057e+06
6.10054e+06
6.1005e+06
6.10047e+06
6.10043e+06
6.1004e+06
6.10037e+06
6.10034e+06
6.10031e+06
6.10029e+06
6.10026e+06
6.10024e+06
6.10022e+06
6.1002e+06
6.10018e+06
6.10016e+06
6.10015e+06
6.10013e+06
6.10012e+06
6.10011e+06
6.1001e+06
6.10009e+06
6.10008e+06
6.10007e+06
6.10007e+06
6.10006e+06
6.10006e+06
6.10006e+06
6.10005e+06
6.10054e+06
6.10051e+06
6.10047e+06
6.10044e+06
6.10041e+06
6.10038e+06
6.10035e+06
6.10032e+06
6.1003e+06
6.10027e+06
6.10025e+06
6.10023e+06
6.10021e+06
6.10019e+06
6.10017e+06
6.10015e+06
6.10014e+06
6.10013e+06
6.10011e+06
6.1001e+06
6.10009e+06
6.10008e+06
6.10008e+06
6.10007e+06
6.10006e+06
6.10006e+06
6.10006e+06
6.10005e+06
6.10005e+06
6.10051e+06
6.10048e+06
6.10045e+06
6.10042e+06
6.10039e+06
6.10036e+06
6.10033e+06
6.10031e+06
6.10028e+06
6.10026e+06
6.10024e+06
6.10022e+06
6.1002e+06
6.10018e+06
6.10016e+06
6.10015e+06
6.10013e+06
6.10012e+06
6.10011e+06
6.1001e+06
6.10009e+06
6.10008e+06
6.10007e+06
6.10007e+06
6.10006e+06
6.10006e+06
6.10005e+06
6.10005e+06
6.10005e+06
6.10047e+06
6.10045e+06
6.10042e+06
6.10039e+06
6.10036e+06
6.10034e+06
6.10031e+06
6.10029e+06
6.10027e+06
6.10024e+06
6.10022e+06
6.1002e+06
6.10019e+06
6.10017e+06
6.10015e+06
6.10014e+06
6.10012e+06
6.10011e+06
6.1001e+06
6.10009e+06
6.10008e+06
6.10007e+06
6.10007e+06
6.10006e+06
6.10006e+06
6.10005e+06
6.10005e+06
6.10005e+06
6.10005e+06
6.10044e+06
6.10042e+06
6.10039e+06
6.10037e+06
6.10034e+06
6.10032e+06
6.10029e+06
6.10027e+06
6.10025e+06
6.10023e+06
6.10021e+06
6.10019e+06
6.10017e+06
6.10016e+06
6.10014e+06
6.10013e+06
6.10012e+06
6.10011e+06
6.1001e+06
6.10009e+06
6.10008e+06
6.10007e+06
6.10006e+06
6.10006e+06
6.10005e+06
6.10005e+06
6.10005e+06
6.10005e+06
6.10004e+06
6.10041e+06
6.10039e+06
6.10036e+06
6.10034e+06
6.10032e+06
6.1003e+06
6.10027e+06
6.10025e+06
6.10023e+06
6.10021e+06
6.1002e+06
6.10018e+06
6.10016e+06
6.10015e+06
6.10013e+06
6.10012e+06
6.10011e+06
6.1001e+06
6.10009e+06
6.10008e+06
6.10007e+06
6.10007e+06
6.10006e+06
6.10005e+06
6.10005e+06
6.10005e+06
6.10004e+06
6.10004e+06
6.10004e+06
6.10038e+06
6.10036e+06
6.10034e+06
6.10031e+06
6.10029e+06
6.10027e+06
6.10025e+06
6.10023e+06
6.10022e+06
6.1002e+06
6.10018e+06
6.10017e+06
6.10015e+06
6.10014e+06
6.10013e+06
6.10011e+06
6.1001e+06
6.10009e+06
6.10008e+06
6.10008e+06
6.10007e+06
6.10006e+06
6.10006e+06
6.10005e+06
6.10005e+06
6.10004e+06
6.10004e+06
6.10004e+06
6.10004e+06
6.10035e+06
6.10033e+06
6.10031e+06
6.10029e+06
6.10027e+06
6.10025e+06
6.10023e+06
6.10022e+06
6.1002e+06
6.10018e+06
6.10017e+06
6.10015e+06
6.10014e+06
6.10013e+06
6.10012e+06
6.1001e+06
6.10009e+06
6.10009e+06
6.10008e+06
6.10007e+06
6.10006e+06
6.10006e+06
6.10005e+06
6.10005e+06
6.10004e+06
6.10004e+06
6.10004e+06
6.10004e+06
6.10004e+06
6.10032e+06
6.1003e+06
6.10028e+06
6.10026e+06
6.10025e+06
6.10023e+06
6.10021e+06
6.1002e+06
6.10018e+06
6.10017e+06
6.10015e+06
6.10014e+06
6.10013e+06
6.10012e+06
6.10011e+06
6.1001e+06
6.10009e+06
6.10008e+06
6.10007e+06
6.10006e+06
6.10006e+06
6.10005e+06
6.10005e+06
6.10004e+06
6.10004e+06
6.10004e+06
6.10004e+06
6.10003e+06
6.10003e+06
6.10029e+06
6.10027e+06
6.10025e+06
6.10024e+06
6.10022e+06
6.10021e+06
6.10019e+06
6.10018e+06
6.10017e+06
6.10015e+06
6.10014e+06
6.10013e+06
6.10012e+06
6.10011e+06
6.1001e+06
6.10009e+06
6.10008e+06
6.10007e+06
6.10006e+06
6.10006e+06
6.10005e+06
6.10005e+06
6.10004e+06
6.10004e+06
6.10004e+06
6.10003e+06
6.10003e+06
6.10003e+06
6.10003e+06
6.10025e+06
6.10024e+06
6.10023e+06
6.10021e+06
6.1002e+06
6.10019e+06
6.10017e+06
6.10016e+06
6.10015e+06
6.10014e+06
6.10013e+06
6.10011e+06
6.1001e+06
6.1001e+06
6.10009e+06
6.10008e+06
6.10007e+06
6.10006e+06
6.10006e+06
6.10005e+06
6.10005e+06
6.10004e+06
6.10004e+06
6.10004e+06
6.10003e+06
6.10003e+06
6.10003e+06
6.10003e+06
6.10003e+06
6.10022e+06
6.10021e+06
6.1002e+06
6.10019e+06
6.10018e+06
6.10016e+06
6.10015e+06
6.10014e+06
6.10013e+06
6.10012e+06
6.10011e+06
6.1001e+06
6.10009e+06
6.10008e+06
6.10008e+06
6.10007e+06
6.10006e+06
6.10006e+06
6.10005e+06
6.10005e+06
6.10004e+06
6.10004e+06
6.10003e+06
6.10003e+06
6.10003e+06
6.10003e+06
6.10003e+06
6.10002e+06
6.10002e+06
6.10019e+06
6.10018e+06
6.10017e+06
6.10016e+06
6.10015e+06
6.10014e+06
6.10013e+06
6.10012e+06
6.10011e+06
6.1001e+06
6.1001e+06
6.10009e+06
6.10008e+06
6.10007e+06
6.10007e+06
6.10006e+06
6.10005e+06
6.10005e+06
6.10004e+06
6.10004e+06
6.10004e+06
6.10003e+06
6.10003e+06
6.10003e+06
6.10003e+06
6.10002e+06
6.10002e+06
6.10002e+06
6.10002e+06
6.10016e+06
6.10016e+06
6.10015e+06
6.10014e+06
6.10013e+06
6.10012e+06
6.10011e+06
6.1001e+06
6.1001e+06
6.10009e+06
6.10008e+06
6.10007e+06
6.10007e+06
6.10006e+06
6.10006e+06
6.10005e+06
6.10005e+06
6.10004e+06
6.10004e+06
6.10003e+06
6.10003e+06
6.10003e+06
6.10003e+06
6.10002e+06
6.10002e+06
6.10002e+06
6.10002e+06
6.10002e+06
6.10002e+06
6.10013e+06
6.10013e+06
6.10012e+06
6.10011e+06
6.10011e+06
6.1001e+06
6.10009e+06
6.10009e+06
6.10008e+06
6.10007e+06
6.10007e+06
6.10006e+06
6.10006e+06
6.10005e+06
6.10005e+06
6.10004e+06
6.10004e+06
6.10003e+06
6.10003e+06
6.10003e+06
6.10003e+06
6.10002e+06
6.10002e+06
6.10002e+06
6.10002e+06
6.10002e+06
6.10002e+06
6.10001e+06
6.10001e+06
6.1001e+06
6.1001e+06
6.10009e+06
6.10009e+06
6.10008e+06
6.10008e+06
6.10007e+06
6.10007e+06
6.10006e+06
6.10006e+06
6.10005e+06
6.10005e+06
6.10004e+06
6.10004e+06
6.10004e+06
6.10003e+06
6.10003e+06
6.10003e+06
6.10002e+06
6.10002e+06
6.10002e+06
6.10002e+06
6.10002e+06
6.10001e+06
6.10001e+06
6.10001e+06
6.10001e+06
6.10001e+06
6.10001e+06
6.10007e+06
6.10007e+06
6.10007e+06
6.10006e+06
6.10006e+06
6.10005e+06
6.10005e+06
6.10005e+06
6.10004e+06
6.10004e+06
6.10004e+06
6.10003e+06
6.10003e+06
6.10003e+06
6.10003e+06
6.10002e+06
6.10002e+06
6.10002e+06
6.10002e+06
6.10002e+06
6.10001e+06
6.10001e+06
6.10001e+06
6.10001e+06
6.10001e+06
6.10001e+06
6.10001e+06
6.10001e+06
6.10001e+06
6.10004e+06
6.10004e+06
6.10004e+06
6.10004e+06
6.10004e+06
6.10003e+06
6.10003e+06
6.10003e+06
6.10003e+06
6.10002e+06
6.10002e+06
6.10002e+06
6.10002e+06
6.10002e+06
6.10002e+06
6.10001e+06
6.10001e+06
6.10001e+06
6.10001e+06
6.10001e+06
6.10001e+06
6.10001e+06
6.10001e+06
6.10001e+06
6.10001e+06
6.10001e+06
6.1e+06
6.1e+06
6.1e+06
6.10002e+06
6.10001e+06
6.10001e+06
6.10001e+06
6.10001e+06
6.10001e+06
6.10001e+06
6.10001e+06
6.10001e+06
6.10001e+06
6.10001e+06
6.10001e+06
6.10001e+06
6.10001e+06
6.1e+06
6.1e+06
6.1e+06
6.1e+06
6.1e+06
6.1e+06
6.1e+06
6.1e+06
6.1e+06
6.1e+06
6.1e+06
6.1e+06
6.1e+06
6.1e+06
6.1e+06
)
;

boundaryField
{
    inlet
    {
        type            fixedValue;
        value           uniform 6.1e+06;
    }
    outlet
    {
        type            fixedValue;
        value           nonuniform List<scalar> 0();
    }
    walls
    {
        type            fixedFluxPressure;
        gradient        uniform 0;
        value           nonuniform List<scalar> 
206
(
4.00322e+06
4.00368e+06
3.9926e+06
3.99316e+06
3.99806e+06
4.00054e+06
4.00178e+06
4.00263e+06
4.00278e+06
4.00125e+06
4.0013e+06
4.00235e+06
4.00226e+06
4.0015e+06
4.00159e+06
4.00281e+06
4.00315e+06
4.00384e+06
4.00215e+06
3.9987e+06
3.99833e+06
4.00061e+06
4.00146e+06
4.00241e+06
4.00381e+06
4.00558e+06
4.0065e+06
4.0021e+06
4.00243e+06
4.00265e+06
4.00216e+06
4.00195e+06
4.00208e+06
4.00264e+06
4.00322e+06
4.00368e+06
3.9926e+06
3.99316e+06
3.99806e+06
4.00054e+06
4.00178e+06
4.00263e+06
4.00278e+06
4.00125e+06
4.0013e+06
4.00235e+06
4.00226e+06
4.0015e+06
4.00159e+06
4.00281e+06
4.00315e+06
4.00384e+06
4.00215e+06
3.9987e+06
3.99833e+06
4.00061e+06
4.00146e+06
4.00241e+06
4.00381e+06
4.00558e+06
4.0065e+06
4.0021e+06
4.00243e+06
4.00265e+06
4.00216e+06
4.00195e+06
4.00208e+06
4.00264e+06
6.10008e+06
6.10008e+06
6.10008e+06
6.10008e+06
6.10008e+06
6.10008e+06
6.10008e+06
6.10008e+06
6.10008e+06
6.10008e+06
6.10008e+06
6.10007e+06
6.10007e+06
6.10007e+06
6.10007e+06
6.10007e+06
6.10007e+06
6.10006e+06
6.10006e+06
6.10006e+06
6.10006e+06
6.10005e+06
6.10005e+06
6.10005e+06
6.10005e+06
6.10004e+06
6.10004e+06
6.10004e+06
6.10004e+06
6.10003e+06
6.10003e+06
6.10003e+06
6.10002e+06
6.10002e+06
6.10002e+06
6.10001e+06
6.10001e+06
6.10001e+06
6.1e+06
6.1e+06
6.10008e+06
6.10008e+06
6.10008e+06
6.10008e+06
6.10008e+06
6.10008e+06
6.10008e+06
6.10008e+06
6.10008e+06
6.10008e+06
6.10008e+06
6.10007e+06
6.10007e+06
6.10007e+06
6.10007e+06
6.10007e+06
6.10007e+06
6.10006e+06
6.10006e+06
6.10006e+06
6.10006e+06
6.10005e+06
6.10005e+06
6.10005e+06
6.10005e+06
6.10004e+06
6.10004e+06
6.10004e+06
6.10004e+06
6.10003e+06
6.10003e+06
6.10003e+06
6.10002e+06
6.10002e+06
6.10002e+06
6.10001e+06
6.10001e+06
6.10001e+06
6.1e+06
6.1e+06
6.10106e+06
6.10097e+06
6.10089e+06
6.10081e+06
6.10074e+06
6.10067e+06
6.10061e+06
6.10056e+06
6.10051e+06
6.10046e+06
6.10042e+06
6.10038e+06
6.10034e+06
6.10031e+06
6.10028e+06
6.10025e+06
6.10022e+06
6.1002e+06
6.10018e+06
6.10016e+06
6.10015e+06
6.10013e+06
6.10012e+06
6.10011e+06
6.1001e+06
6.10009e+06
6.10009e+06
6.10008e+06
6.10008e+06
6.10106e+06
6.10097e+06
6.10089e+06
6.10081e+06
6.10074e+06
6.10067e+06
6.10061e+06
6.10056e+06
6.10051e+06
6.10046e+06
6.10042e+06
6.10038e+06
6.10034e+06
6.10031e+06
6.10028e+06
6.10025e+06
6.10022e+06
6.1002e+06
6.10018e+06
6.10016e+06
6.10015e+06
6.10013e+06
6.10012e+06
6.10011e+06
6.1001e+06
6.10009e+06
6.10009e+06
6.10008e+06
6.10008e+06
)
;
    }
    side1
    {
        type            cyclic;
    }
    side2
    {
        type            cyclic;
    }
    procBoundary4to3
    {
        type            processor;
        value           nonuniform List<scalar> 10(3.99452e+06 4.0326e+06 4.01894e+06 4.02724e+06 4.02098e+06 3.99449e+06 4.03258e+06 4.01894e+06 4.02724e+06 4.02098e+06);
    }
    procBoundary4to5
    {
        type            processor;
        value           nonuniform List<scalar> 
90
(
4.01076e+06
4.00826e+06
4.00377e+06
4.00719e+06
4.00439e+06
6.10116e+06
6.10116e+06
6.10115e+06
6.10114e+06
6.10112e+06
6.10111e+06
6.10109e+06
6.10107e+06
6.10104e+06
6.10101e+06
6.10098e+06
6.10095e+06
6.10092e+06
6.10089e+06
6.10086e+06
6.10082e+06
6.10079e+06
6.10075e+06
6.10072e+06
6.10068e+06
6.10064e+06
6.10061e+06
6.10057e+06
6.10054e+06
6.1005e+06
6.10047e+06
6.10043e+06
6.1004e+06
6.10037e+06
6.10033e+06
6.1003e+06
6.10027e+06
6.10024e+06
6.1002e+06
6.10017e+06
6.10014e+06
6.10011e+06
6.10008e+06
6.10005e+06
6.10002e+06
4.01073e+06
4.00825e+06
4.00377e+06
4.00719e+06
4.00439e+06
6.10116e+06
6.10116e+06
6.10115e+06
6.10114e+06
6.10112e+06
6.10111e+06
6.10109e+06
6.10107e+06
6.10104e+06
6.10101e+06
6.10098e+06
6.10095e+06
6.10092e+06
6.10089e+06
6.10086e+06
6.10082e+06
6.10079e+06
6.10075e+06
6.10072e+06
6.10068e+06
6.10064e+06
6.10061e+06
6.10057e+06
6.10054e+06
6.1005e+06
6.10047e+06
6.10043e+06
6.1004e+06
6.10037e+06
6.10033e+06
6.1003e+06
6.10027e+06
6.10024e+06
6.1002e+06
6.10017e+06
6.10014e+06
6.10011e+06
6.10008e+06
6.10005e+06
6.10002e+06
)
;
    }
}


// ************************************************************************* //
