/*--------------------------------*- C++ -*----------------------------------*\
| =========                 |                                                 |
| \\      /  F ield         | OpenFOAM: The Open Source CFD Toolbox           |
|  \\    /   O peration     | Version:  v2006                                 |
|   \\  /    A nd           | Website:  www.openfoam.com                      |
|    \\/     M anipulation  |                                                 |
\*---------------------------------------------------------------------------*/
FoamFile
{
    version     2.0;
    format      ascii;
    class       surfaceScalarField;
    location    "0.01";
    object      phi;
}
// * * * * * * * * * * * * * * * * * * * * * * * * * * * * * * * * * * * * * //

dimensions      [0 3 -1 0 0 0 0];
oriented        oriented;


internalField   nonuniform List<scalar> 
5860
(
-1.00431e-08
3.89446e-09
6.14866e-09
6.47869e-10
-1.05124e-08
6.51241e-10
9.21349e-09
-1.37611e-08
1.7783e-09
1.19829e-08
-4.8301e-08
3.71419e-08
1.11184e-08
4.05368e-11
-1.8507e-09
-1.01323e-08
1.1983e-08
9.24034e-09
1.84349e-09
-6.93163e-09
-4.15223e-09
9.28891e-08
-2.90221e-08
-6.38671e-08
4.49277e-09
7.92178e-11
-2.03854e-09
-2.53361e-09
-2.62437e-09
-5.54745e-10
3.17903e-09
9.2527e-10
4.36642e-11
-1.07466e-09
1.05642e-10
1.00018e-07
1.10386e-07
-2.10404e-07
2.98996e-09
-2.06475e-09
-1.69181e-09
1.73542e-09
-1.32625e-09
-3.86974e-09
-1.14393e-08
5.4922e-09
9.81684e-09
-3.18695e-10
-3.55105e-09
-1.80677e-09
-2.09354e-09
3.90032e-09
9.87124e-09
-7.20381e-09
-2.66745e-09
4.17096e-09
-1.26202e-08
8.44922e-09
-2.15284e-08
1.51836e-08
6.3447e-09
-5.47635e-09
1.3461e-09
-1.67172e-09
5.80199e-09
8.76718e-10
-1.71419e-08
1.62652e-08
-1.56623e-08
-1.80289e-08
1.01221e-08
2.35687e-08
-1.91001e-08
2.24441e-07
-2.05342e-07
5.89807e-07
-5.59257e-07
-3.05507e-08
-7.86619e-08
1.61326e-08
6.85572e-08
-6.03437e-09
2.96435e-09
-2.40059e-09
-5.63739e-10
-4.58926e-07
-8.56424e-09
4.6749e-07
-2.74616e-08
1.17993e-08
8.50868e-09
-2.65376e-08
-6.63199e-09
-7.34048e-08
1.75585e-08
5.58454e-08
4.26484e-08
-2.46038e-07
2.03389e-07
1.58103e-07
-2.09183e-07
5.1079e-08
1.09325e-07
-1.20294e-07
1.09695e-08
-5.14819e-08
2.07147e-08
-1.65826e-08
-3.48994e-08
-2.40978e-09
2.40976e-09
-9.41368e-08
1.18142e-07
1.63582e-08
-4.03638e-08
2.19517e-09
-2.63933e-09
-1.17857e-09
1.62269e-09
-9.92843e-08
5.14748e-09
-4.40036e-07
5.40054e-07
-1.34957e-08
1.95414e-08
-6.04571e-09
1.54692e-09
-3.67653e-09
2.12963e-09
-4.02191e-09
6.16352e-09
-2.14158e-09
-1.0792e-07
2.82395e-09
1.05096e-07
-1.73265e-08
7.13651e-09
1.019e-08
2.32511e-08
-4.78377e-07
4.55125e-07
1.02217e-08
2.7862e-08
-1.94604e-07
1.66746e-07
7.04394e-09
-6.51409e-10
-6.39245e-09
7.21449e-08
4.76123e-09
-7.69066e-08
-4.78218e-08
-1.5572e-07
3.65675e-09
1.94454e-09
-5.60128e-09
2.1876e-07
-1.86114e-07
7.77404e-08
-6.04061e-07
1.8444e-09
-2.50196e-09
6.57525e-10
-1.26387e-08
1.55515e-08
-2.91282e-09
2.71953e-09
4.61023e-09
-4.94095e-09
-2.38892e-09
-1.11788e-09
1.11785e-09
-7.24823e-09
7.08622e-10
7.36223e-09
-8.22743e-10
-7.36968e-09
1.27066e-09
6.09899e-09
-4.10366e-09
6.98195e-09
-2.87833e-09
1.02001e-08
-5.69874e-09
-4.50137e-09
-1.29213e-08
1.19949e-08
-2.0602e-08
2.45836e-09
-4.93821e-09
3.6595e-09
-1.17974e-09
-6.16155e-10
-2.8795e-09
3.49561e-09
-5.22149e-10
3.24066e-09
-3.31845e-09
5.99842e-10
1.10263e-08
-1.513e-08
-4.8848e-09
3.31447e-09
1.57035e-09
-1.19284e-08
-4.4706e-09
1.23771e-08
-8.11504e-09
2.50064e-09
5.61442e-09
-2.78306e-09
2.50461e-09
2.7847e-10
-7.07332e-10
-1.3894e-09
2.09677e-09
-3.32857e-09
2.02048e-09
4.01203e-09
-2.70398e-09
-8.14953e-10
6.3968e-09
-5.58181e-09
6.76578e-09
-9.67519e-09
2.90936e-09
-7.98053e-09
-2.9965e-10
8.28014e-09
-2.22564e-09
2.22564e-09
6.05491e-09
2.03562e-10
1.30417e-09
-7.56261e-09
8.30277e-09
-6.65063e-09
-1.65218e-09
-1.03284e-08
2.2134e-09
-7.07947e-09
9.63844e-10
5.47337e-09
6.42272e-10
4.72607e-09
1.03523e-08
-1.50783e-08
-2.29334e-07
4.29912e-09
2.25034e-07
-2.1387e-09
-1.62705e-08
-2.06499e-08
3.90598e-08
-1.32262e-08
-8.26737e-10
6.9433e-09
7.10971e-09
5.36715e-09
3.00447e-09
-8.37161e-09
-3.2581e-08
1.79988e-08
1.45817e-08
-1.38949e-09
1.12209e-08
-9.83138e-09
-1.17566e-08
5.48243e-10
1.1208e-08
-2.82875e-09
-7.88389e-09
4.68351e-09
6.02919e-09
2.57328e-09
-1.09632e-08
8.38998e-09
-7.22862e-10
-6.64575e-10
1.38739e-09
-2.47924e-08
-6.53003e-09
3.13202e-08
-1.32243e-09
2.05789e-09
-3.63107e-09
2.89552e-09
-4.90181e-08
5.12425e-09
8.61947e-09
6.79825e-09
-1.54182e-08
6.56787e-09
2.54881e-09
-9.11675e-09
-5.55962e-10
-4.90113e-09
5.45668e-09
3.32817e-08
1.31279e-07
-1.64561e-07
5.06258e-09
-6.20119e-09
1.13855e-09
-2.05961e-08
7.36992e-09
-5.05109e-09
9.15313e-09
4.70283e-09
-8.80492e-09
3.67056e-09
-1.39627e-09
-2.27437e-09
4.58554e-09
-9.15336e-10
-3.67025e-09
3.11437e-09
-5.76218e-10
-2.53806e-09
6.16402e-11
1.61237e-10
-2.22889e-10
2.65424e-09
1.2498e-08
-1.51522e-08
1.66774e-08
-1.29242e-08
-3.75321e-09
3.71479e-09
-5.38741e-10
-4.2496e-09
1.07339e-09
1.33865e-09
-1.33864e-09
5.01717e-08
-7.80735e-08
2.79006e-08
-4.7885e-09
-5.94891e-09
-5.49152e-09
7.77682e-09
-7.93003e-09
5.64459e-09
7.6804e-09
-5.12698e-09
2.36605e-09
-4.91951e-09
-7.44778e-09
-9.96133e-10
8.44387e-09
2.12504e-09
-8.4081e-09
3.50003e-09
2.33856e-09
-4.22383e-09
1.88518e-09
4.40114e-09
-1.13054e-09
-3.27052e-09
7.80734e-09
-6.8921e-09
-9.15213e-10
6.07806e-10
-1.37247e-09
7.64602e-10
-1.99405e-09
3.42829e-09
-1.28543e-09
-1.48911e-10
-1.16415e-08
-7.55666e-09
1.17718e-08
3.04972e-09
-4.80639e-09
-2.37439e-10
2.70343e-10
4.68412e-09
-2.73287e-09
-2.22171e-09
3.70847e-09
-7.07602e-09
3.36749e-09
-1.52449e-09
1.52446e-09
2.19816e-09
-5.55039e-10
-1.64317e-09
3.92015e-09
-4.75034e-09
8.30134e-10
-2.06514e-09
5.56683e-10
4.5581e-09
-2.41891e-09
-1.96031e-09
4.37912e-09
7.24213e-11
-2.50107e-09
2.42863e-09
1.53269e-09
5.56468e-09
-7.09737e-09
7.89321e-10
-6.48845e-09
2.90987e-09
2.78915e-09
3.82168e-09
-1.83133e-09
-4.06843e-09
2.07798e-09
-4.3744e-09
-2.1547e-09
-1.99535e-10
6.72879e-09
-1.20991e-08
2.00756e-08
-7.97655e-09
-2.71135e-09
-4.44145e-10
2.03736e-09
1.11818e-09
-5.11259e-09
-8.37018e-09
7.66064e-10
7.60404e-09
-1.56579e-09
-2.0815e-09
3.64731e-09
1.81726e-07
-1.82212e-07
4.85213e-10
-4.16021e-09
2.10285e-07
-2.06125e-07
-5.02787e-10
-4.54832e-09
5.16485e-10
-1.16598e-08
1.2038e-08
6.42923e-10
-1.26809e-08
1.32404e-08
-9.70846e-09
-3.53201e-09
-5.94519e-10
-1.42749e-10
7.37268e-10
2.9057e-09
3.74367e-10
-3.28009e-09
3.7254e-09
-3.76009e-09
1.60791e-07
-1.40304e-07
-1.67211e-08
-1.94526e-07
1.90766e-07
1.73047e-08
-1.64279e-08
3.80252e-08
1.12912e-08
-8.28835e-08
3.35687e-08
1.0926e-08
-1.95592e-08
1.27172e-08
2.73193e-08
-4.00364e-08
-3.84256e-09
-2.01073e-07
2.04915e-07
2.17774e-08
9.79564e-11
-2.18751e-08
-7.56992e-09
4.30361e-09
-1.58235e-09
4.84858e-09
2.21304e-09
-4.62345e-08
4.40213e-08
4.58331e-07
-4.58331e-07
3.54993e-08
-2.17184e-08
-1.37812e-08
-1.73084e-08
1.98085e-08
3.29991e-08
1.47467e-08
-3.2055e-08
-1.38265e-07
1.58074e-07
5.19499e-09
-1.28714e-07
4.7403e-09
-5.90156e-09
1.16127e-09
2.6805e-08
-1.77538e-09
-2.50296e-08
8.03285e-08
1.9956e-08
-7.34794e-08
-1.93267e-09
1.3813e-09
-1.55933e-10
-6.99704e-10
5.88749e-09
-5.18776e-09
-2.60698e-09
3.27665e-09
-6.69733e-10
-1.0434e-08
3.68541e-09
-1.08239e-09
7.83098e-09
1.5289e-09
-4.35762e-09
-8.85073e-11
6.20183e-10
1.31706e-09
-1.84883e-09
-1.79212e-09
1.79208e-09
-3.34893e-10
3.74812e-09
-3.41331e-09
-1.66166e-08
1.49478e-08
1.66888e-09
2.55109e-09
3.49477e-09
-5.43608e-09
-6.09862e-10
5.46709e-09
-6.5418e-09
-4.40036e-07
1.28422e-08
-7.48851e-09
-5.35373e-09
-5.36589e-09
5.8907e-09
-5.24801e-10
6.36153e-10
-2.3888e-09
-3.05381e-09
-1.76441e-09
-1.85446e-09
3.61882e-09
1.61702e-09
-5.40603e-09
3.78896e-09
-9.98987e-10
2.34827e-09
2.67667e-10
-1.62047e-09
-1.83733e-09
-7.6226e-09
8.87311e-09
5.86717e-10
-4.57379e-09
-1.20783e-09
5.78161e-09
5.81994e-09
3.33317e-09
-1.62829e-09
-4.89974e-10
2.11827e-09
-6.02652e-10
3.6351e-09
-3.03253e-09
1.31153e-08
-2.44715e-09
-1.06682e-08
9.49172e-10
-4.15885e-09
-4.82243e-09
-3.16517e-09
7.98761e-09
4.64603e-09
3.52292e-09
-8.16892e-09
4.30971e-10
2.16967e-10
-1.31223e-09
3.67499e-09
-2.3628e-09
1.52517e-09
-1.31129e-09
2.94115e-09
-3.15494e-09
-2.512e-09
7.85273e-10
4.25591e-09
-5.04116e-09
-3.2604e-09
-6.53025e-09
9.79067e-09
-5.46695e-10
-4.21886e-09
6.48673e-09
-1.72116e-09
5.56855e-09
1.44e-09
-4.19944e-09
-2.80906e-09
2.59798e-10
-4.63187e-09
4.03198e-09
3.39986e-10
3.76268e-09
2.19651e-09
-5.95921e-09
-5.05182e-09
8.97194e-09
7.72751e-10
1.05593e-08
-5.18946e-09
-6.14268e-09
-6.59632e-09
9.55263e-09
-2.95628e-09
-5.45346e-09
4.53069e-09
9.22819e-10
-4.91908e-09
-3.83707e-09
8.75621e-09
9.81482e-09
1.26895e-08
-9.98417e-09
-1.25202e-08
-4.29398e-09
-1.65893e-09
-6.14615e-09
5.33056e-09
-9.62452e-09
7.11239e-09
-6.70087e-09
-1.81488e-07
1.8922e-07
1.5514e-08
5.10522e-08
-3.17384e-08
-2.05589e-08
1.2389e-09
5.05461e-09
-2.3439e-07
6.40073e-08
1.54752e-07
-2.11018e-08
-3.15505e-09
-8.32512e-09
-2.74177e-09
1.03413e-08
-2.30835e-10
-7.3688e-09
2.25034e-08
-2.17547e-08
2.32583e-08
-2.40041e-08
1.99053e-07
-2.09792e-07
1.07394e-08
-5.0817e-09
1.10921e-08
-6.01036e-09
4.94805e-10
7.50576e-09
-8.00056e-09
3.98772e-08
2.82154e-08
-4.43916e-08
-2.37019e-08
4.81047e-10
-5.15456e-09
9.75154e-10
3.69837e-09
7.73948e-09
3.99168e-09
-8.90758e-09
6.10356e-09
-3.17294e-09
-2.00889e-09
-9.21844e-10
9.75855e-10
2.3115e-09
2.29371e-08
-2.52486e-08
1.97797e-09
-1.97799e-09
-4.80554e-09
-8.5227e-10
5.65784e-09
-4.40103e-09
2.65596e-09
1.02215e-09
2.25052e-09
1.11025e-09
-3.36084e-09
-1.04783e-08
5.3237e-09
-8.00664e-10
-7.45944e-11
8.75207e-10
-9.88502e-10
4.41817e-10
-2.78611e-09
2.26842e-10
2.55924e-09
-8.94922e-10
6.57454e-10
-3.61095e-09
-4.80079e-09
3.99609e-09
4.41554e-09
6.87127e-09
-2.42995e-09
-3.57737e-10
-4.08361e-09
1.81912e-08
3.19734e-10
-1.85108e-08
-3.81588e-09
-8.37852e-09
2.6721e-09
9.52228e-09
-7.81102e-09
4.00185e-11
7.771e-09
-7.7555e-09
9.50871e-09
4.76092e-09
-6.51422e-09
2.8009e-10
-8.0911e-09
-1.11749e-08
1.03668e-08
4.57069e-09
1.02651e-09
3.76278e-09
-4.78921e-09
-3.80707e-09
-2.45605e-09
6.26316e-09
6.23446e-09
-8.02082e-09
1.78628e-09
1.25884e-08
-5.30093e-09
1.31089e-08
-2.03966e-08
1.71421e-07
-1.91186e-07
1.97658e-08
-4.87572e-09
4.87572e-09
6.03304e-09
7.04423e-11
-4.64456e-09
-5.92858e-09
8.80867e-09
-4.94653e-09
3.01928e-10
-4.08157e-09
-3.48839e-09
3.12694e-09
-7.32131e-09
4.19433e-09
-4.1839e-09
-4.75364e-09
8.93758e-09
9.8718e-09
8.94459e-09
-1.66199e-08
-4.23681e-09
3.11243e-09
3.58488e-09
-2.46053e-09
-4.46213e-09
-6.01614e-09
-5.04558e-09
-2.55963e-09
7.6052e-09
-5.65898e-07
5.65898e-07
1.81975e-09
-8.10436e-10
-5.25695e-09
4.24753e-09
2.39931e-08
-2.91453e-09
9.95082e-09
-3.10296e-08
3.58522e-08
-1.06643e-08
-2.5188e-08
-1.35724e-07
7.90301e-09
1.27821e-07
2.75904e-09
-1.95735e-08
3.08202e-09
1.37322e-08
-1.30233e-08
1.60359e-08
-1.43575e-08
1.13451e-08
7.19235e-09
1.36269e-08
-1.39363e-08
-7.3857e-09
1.42432e-08
7.07877e-09
-5.23951e-10
2.57878e-09
6.7501e-09
-4.78257e-09
-4.54645e-09
5.8973e-09
-2.47354e-09
-3.42385e-09
-3.25252e-09
9.14976e-09
-1.66698e-09
-3.08343e-09
-1.44523e-09
-1.26609e-09
-2.46243e-09
-1.75146e-09
2.7687e-09
2.01798e-10
-2.6642e-09
-1.98869e-10
-1.54362e-09
1.74248e-09
-3.14793e-08
4.66382e-08
-1.51588e-08
4.53335e-09
2.59561e-09
-7.12902e-09
-4.44492e-08
-1.13807e-08
2.43507e-08
-9.0644e-09
-3.53848e-08
-3.2164e-08
2.07852e-08
-1.33648e-08
-5.12669e-08
7.37703e-08
-8.61966e-12
-3.78411e-09
3.79262e-09
1.95939e-09
5.34261e-09
-7.30209e-09
-6.01152e-09
1.05758e-08
7.89493e-09
-1.24593e-08
4.77481e-09
-3.36898e-09
3.12745e-09
-3.5954e-09
-5.55477e-09
4.55493e-09
1.94958e-09
5.88461e-10
1.17036e-09
-4.09273e-09
-9.20283e-09
1.32955e-08
1.5117e-08
-3.76973e-09
-1.13472e-08
5.02077e-09
-4.05691e-09
-5.20175e-09
4.23792e-09
1.06943e-08
1.34375e-09
2.05777e-09
-6.17372e-09
4.11588e-09
1.01425e-08
2.52407e-10
2.99425e-10
1.50566e-09
-1.59422e-09
3.30687e-09
-2.43856e-09
-8.68339e-10
-1.08772e-09
2.15504e-09
4.42189e-09
-5.48931e-09
-1.28032e-09
1.14228e-08
8.08751e-09
-7.83507e-09
8.06586e-09
-4.24423e-09
8.4186e-09
-1.61137e-09
-5.90861e-09
3.89555e-09
2.01302e-09
-5.78619e-09
8.91311e-09
5.56587e-08
-5.37784e-08
-1.88038e-09
2.37481e-11
9.84803e-09
8.12336e-08
-4.24462e-08
-3.87876e-08
-3.88668e-09
7.46285e-09
-3.57615e-09
8.18467e-09
-4.3468e-09
1.12791e-08
-3.74372e-09
-1.29288e-08
2.13982e-08
-8.46943e-09
1.05037e-08
-1.15834e-08
1.07973e-09
1.14911e-08
-6.08781e-09
-9.17303e-09
1.20525e-08
-2.42864e-08
-7.67347e-09
1.99073e-08
1.12154e-08
-8.97708e-09
-4.48611e-10
-1.78961e-09
1.26391e-08
-1.42374e-09
1.12291e-08
1.67651e-08
6.97699e-08
-9.77639e-08
5.78769e-10
-3.83918e-09
-1.81459e-08
-1.21621e-08
3.03079e-08
7.74738e-09
4.13602e-08
-1.71897e-08
-2.41706e-08
-2.62228e-09
2.28584e-09
-1.16366e-09
1.50002e-09
-2.77362e-08
5.00265e-08
-2.22904e-08
-6.19574e-09
2.78382e-09
2.08245e-09
1.32942e-09
2.57255e-08
-2.35127e-08
9.09885e-10
4.6378e-09
-6.40198e-09
8.54304e-10
2.51836e-07
-2.35481e-07
-1.63546e-08
-2.18611e-09
-1.29922e-08
3.90746e-09
1.12708e-08
-1.47563e-08
1.25701e-08
-3.17742e-09
-2.06684e-09
1.93201e-09
-1.59754e-09
-3.34445e-10
3.65928e-08
-2.2831e-08
-2.93722e-08
1.56098e-08
4.29962e-09
-9.10514e-09
2.19815e-09
1.84438e-09
1.82288e-09
-7.83779e-09
1.01859e-08
-8.19413e-09
5.02867e-09
3.16546e-09
2.61349e-08
-7.21994e-10
-7.41446e-09
-4.16512e-09
1.41776e-09
2.74735e-09
-8.15155e-10
-3.02747e-10
5.41175e-10
-7.9037e-08
6.1413e-08
1.70816e-08
-1.29849e-07
1.3039e-07
1.67366e-08
-9.57738e-08
-1.27659e-07
1.45469e-08
-5.37556e-09
7.87848e-09
-2.50298e-09
-7.9578e-09
2.95518e-09
-3.72998e-10
5.87585e-09
-9.1111e-09
7.52796e-09
-4.29275e-09
1.42684e-08
-5.62247e-09
-8.64599e-09
-1.06099e-08
3.13244e-08
-2.55256e-08
3.80714e-09
1.26069e-08
1.48102e-08
-2.74174e-08
-6.6802e-08
5.70644e-08
9.7374e-09
2.17183e-09
3.50428e-09
-5.67607e-09
-1.25174e-09
-6.32592e-10
-4.60416e-09
-7.41678e-08
-1.81599e-08
6.02946e-09
4.20919e-09
-1.02387e-08
-9.35011e-10
-8.59126e-09
9.52631e-09
2.20154e-09
1.44696e-09
-3.64854e-09
1.21392e-08
6.34689e-09
-9.8859e-09
-8.60025e-09
6.69668e-09
1.64657e-09
-4.64832e-10
3.91874e-09
2.77787e-09
-1.44793e-08
4.34951e-09
1.01298e-08
6.44522e-08
-1.12698e-08
-5.31823e-08
-2.16986e-09
3.94017e-09
-1.77037e-09
1.04162e-08
-3.30181e-08
2.26022e-08
-1.93206e-08
5.47785e-08
-3.5458e-08
5.44794e-08
-9.34782e-09
8.30806e-09
-1.35793e-07
1.27485e-07
3.35639e-09
-2.61685e-09
-7.39584e-10
2.24642e-09
-1.23145e-08
1.0068e-08
2.47597e-09
-2.23383e-10
-2.25262e-09
-3.37838e-08
5.67684e-08
4.91595e-08
-1.55544e-10
-6.17092e-10
4.37669e-10
1.63398e-09
1.22917e-09
4.18083e-09
-7.35588e-10
-1.5964e-09
2.33204e-09
-8.5626e-09
1.00587e-09
-9.87377e-10
1.09283e-08
-1.24104e-08
2.4694e-09
1.07352e-09
1.71178e-08
-6.50122e-09
-3.58127e-10
6.85972e-09
-2.29975e-07
2.12274e-07
1.77018e-08
3.73593e-09
-2.94531e-09
-7.90705e-10
2.53418e-09
7.66592e-09
-2.54364e-09
5.26311e-09
-1.71178e-07
1.69183e-07
1.99484e-09
-1.02604e-08
1.24272e-08
-1.62456e-08
1.40786e-08
1.18147e-08
-2.20751e-08
2.74845e-08
-5.10962e-09
-2.2375e-08
-1.13124e-09
8.05117e-09
-6.91996e-09
5.16296e-09
-1.52792e-09
-1.29739e-08
7.04533e-09
6.49244e-09
-6.62688e-09
1.34392e-10
-1.1428e-08
9.16359e-10
1.19993e-08
-7.53318e-09
-5.38252e-09
-5.71053e-09
1.02478e-08
-7.49254e-09
-2.75532e-09
1.88213e-08
-1.60656e-09
-1.72147e-08
-4.65637e-09
1.05322e-08
-4.2708e-09
6.06204e-10
1.49467e-09
-1.14557e-09
-1.20961e-10
1.26649e-09
2.62718e-09
-8.63873e-09
-6.27314e-09
-4.16095e-09
2.49759e-09
-4.24796e-10
-5.09851e-09
3.02566e-09
4.21948e-10
2.0756e-09
1.2315e-08
-1.12082e-08
-1.10679e-09
1.83261e-10
1.69493e-09
-7.66524e-09
5.78704e-09
-1.0319e-08
5.27342e-09
9.07666e-09
-2.15245e-09
-2.27817e-09
-8.75091e-09
1.13314e-08
-2.58061e-09
1.29964e-09
-4.15844e-09
2.85888e-09
-1.44222e-09
-2.84332e-10
1.72658e-09
-3.50917e-09
1.32356e-08
7.78301e-09
-1.75093e-08
2.45452e-08
-2.46368e-09
-2.20816e-08
-8.72131e-10
4.59677e-09
-3.72458e-09
-9.05026e-09
-2.38904e-09
-8.74516e-09
5.40357e-08
-4.52906e-08
-1.28712e-08
1.27588e-07
-1.14717e-07
-4.57797e-09
8.81035e-08
-1.0972e-07
1.54507e-09
-4.64108e-09
7.12616e-09
-4.03015e-09
2.25063e-08
-1.6093e-09
-2.0897e-08
8.18162e-10
-2.44645e-09
-3.86818e-09
-3.20789e-09
-8.29922e-10
-7.3642e-09
2.79615e-09
-7.97369e-10
-1.99883e-09
2.22032e-09
1.39572e-09
-3.61613e-09
3.55914e-09
-4.07716e-10
-9.88337e-09
6.73189e-09
-4.2958e-09
7.20149e-09
-1.37086e-08
2.57611e-08
-1.04026e-08
5.47327e-09
4.92928e-09
5.89807e-07
-1.04022e-08
-1.0086e-09
3.58733e-09
-3.94264e-09
2.00218e-10
3.25471e-09
4.87718e-10
1.37185e-08
3.29201e-08
2.47209e-08
-1.35969e-09
-2.33612e-08
-3.81007e-08
3.38096e-08
4.29109e-09
-4.69985e-09
-2.71427e-08
3.18426e-08
1.26739e-07
3.13342e-08
-3.23839e-10
2.53065e-09
-2.20685e-09
5.17639e-09
-6.6984e-09
1.52193e-09
1.22854e-08
-1.07599e-08
-1.52558e-09
-2.87227e-09
-8.63516e-10
4.09004e-09
-3.54242e-10
-2.76718e-09
1.868e-10
-1.69109e-09
4.27149e-09
-1.11086e-09
2.06e-09
-2.28743e-08
1.0102e-08
1.27722e-08
2.33858e-08
-5.01763e-07
8.24674e-09
5.70494e-09
1.22182e-09
-6.92695e-09
-1.08605e-09
2.01766e-09
-1.27604e-09
3.44378e-10
1.3016e-09
-1.74248e-09
4.40863e-10
-2.07796e-10
-5.56176e-10
7.63958e-10
-2.16421e-09
2.50611e-09
-3.4188e-10
2.25766e-09
-2.25766e-09
-1.75626e-07
-3.47779e-08
-4.1279e-07
-1.0331e-08
4.23121e-07
3.30656e-08
-1.24458e-08
5.13243e-09
-2.57523e-08
4.39583e-09
-1.35391e-09
-3.56595e-09
4.1177e-07
-4.1177e-07
-4.50618e-07
2.26857e-08
-2.79779e-08
5.29187e-09
5.43399e-09
-1.49664e-09
-2.81702e-09
-1.12033e-09
-2.00886e-08
5.01808e-09
1.50704e-08
4.58366e-09
-5.00849e-09
9.72851e-09
-9.43408e-09
9.77439e-09
-1.00689e-08
3.33439e-09
-3.74185e-09
-1.61791e-09
2.02531e-09
-9.66405e-09
5.08379e-09
4.58025e-09
3.39207e-08
1.37573e-07
-1.71494e-07
3.65186e-09
5.34192e-09
-4.67576e-10
-4.94396e-09
-4.72011e-09
2.21131e-09
-4.53447e-10
-6.70185e-09
9.64287e-09
-8.00127e-09
3.99012e-10
-2.04061e-09
3.36948e-09
-1.5873e-09
-1.78216e-09
-8.81911e-10
1.21111e-08
3.24806e-08
-5.38066e-08
2.13261e-08
1.18085e-08
-8.1231e-09
-1.05494e-08
9.70482e-09
8.4456e-10
-3.88345e-08
6.28709e-09
3.2547e-08
-1.05792e-08
1.01709e-08
4.08033e-10
-5.94445e-09
-8.6918e-09
1.46361e-08
9.66079e-09
-1.16208e-08
5.98315e-08
3.11672e-08
-6.99466e-09
2.99926e-08
-2.29981e-08
5.83689e-10
3.16732e-09
-3.75096e-09
2.07318e-09
-1.82378e-10
9.03497e-10
-2.79439e-09
-1.02097e-09
-1.16587e-09
2.38441e-09
-1.97701e-10
-5.16323e-10
2.64397e-09
-2.57111e-09
4.43389e-10
7.5976e-09
-7.47807e-10
-6.26607e-09
-1.95382e-09
7.16962e-10
1.49143e-08
-1.56313e-08
7.87403e-09
-1.43016e-10
1.91966e-09
-2.71062e-10
2.009e-09
8.08278e-10
-2.81728e-09
1.39335e-09
-7.88347e-09
6.49007e-09
-1.89212e-08
6.92095e-09
1.20002e-08
9.75464e-09
-9.65833e-09
-9.62888e-11
-1.80136e-08
-1.49022e-08
3.29158e-08
1.28095e-09
1.12155e-09
-2.40252e-09
2.48268e-09
2.7738e-09
1.7752e-10
-6.25124e-10
1.0268e-08
3.37554e-09
-3.15246e-09
-3.66183e-10
-3.44366e-08
-1.66403e-11
1.2849e-09
-2.20403e-10
-1.0479e-09
2.7464e-08
-4.36973e-08
1.6232e-08
-1.1308e-09
1.13081e-09
-3.16996e-08
2.47258e-08
1.15557e-08
-1.86238e-08
-3.66294e-08
-2.01439e-08
-4.16852e-09
1.83681e-09
3.97886e-09
-1.64712e-09
-2.15369e-10
-3.23405e-09
-9.34447e-10
4.47336e-08
-6.59425e-07
6.14695e-07
-2.00397e-07
2.47727e-07
-4.73279e-08
-1.09379e-08
-1.73224e-07
1.84161e-07
4.44787e-07
-4.44787e-07
-7.94492e-10
-1.2707e-09
3.27273e-09
-1.39066e-07
7.01451e-10
-7.01463e-10
-4.67249e-09
2.47762e-09
2.37813e-09
4.16404e-09
-6.93121e-09
1.65674e-09
-9.55297e-10
-2.22857e-09
2.29021e-09
-3.35046e-09
4.65565e-09
-4.9534e-09
3.64827e-09
-4.18121e-09
8.27071e-09
-4.08941e-09
-8.19012e-09
2.97255e-09
5.21755e-09
1.58977e-08
2.78119e-08
-4.37097e-08
9.35603e-09
-7.53314e-09
-4.66291e-09
-2.2764e-09
6.93906e-09
3.64614e-09
-7.1979e-09
3.55176e-09
2.30029e-09
1.07519e-09
-3.33871e-09
6.67126e-09
-3.3325e-09
1.51928e-07
1.93583e-07
-1.87972e-07
-1.5754e-07
-1.01694e-09
1.52944e-07
2.10687e-08
2.9278e-08
-5.03468e-08
-2.16899e-08
-2.85859e-09
2.45482e-08
-2.17538e-07
2.44926e-07
-5.95542e-09
-2.14346e-08
2.14005e-07
-2.04219e-08
-3.05051e-08
-3.20296e-08
6.25346e-08
-8.252e-09
1.34005e-08
-3.28851e-08
-7.22957e-10
-1.37279e-08
-1.60544e-08
-1.74692e-09
6.0505e-09
5.67363e-07
-5.67363e-07
-2.33676e-08
2.52338e-08
-1.86628e-09
2.8544e-09
2.03564e-09
-4.89009e-09
1.09064e-07
2.60645e-10
1.62087e-07
-8.668e-09
-1.53419e-07
-8.91054e-09
4.55515e-10
8.45502e-09
9.08947e-09
-1.06719e-08
2.47595e-09
-3.09572e-09
4.25418e-09
-1.15851e-09
-3.46861e-09
2.41041e-09
1.05809e-09
9.37469e-09
-1.4698e-10
-9.22774e-09
-6.80852e-09
1.8235e-10
6.62619e-09
-3.62552e-09
5.83364e-09
-4.9512e-09
2.74299e-09
2.75226e-10
-3.90077e-09
-4.27278e-09
1.70487e-09
5.42226e-09
1.87373e-09
1.43857e-09
-3.31226e-09
2.54775e-09
-2.25907e-09
-7.67033e-09
-1.72505e-09
2.69999e-09
1.40051e-08
-2.77871e-11
-1.53204e-08
5.12338e-09
1.01969e-08
-1.87226e-08
2.64621e-08
4.52247e-10
4.24433e-08
-4.28944e-08
1.40137e-09
-1.53627e-09
4.31051e-08
-4.29681e-08
1.47962e-08
-1.33943e-08
-2.6506e-08
2.49701e-08
6.15867e-09
5.52848e-09
3.10956e-09
2.60411e-08
-4.62147e-08
2.65984e-08
-6.42348e-09
2.35406e-09
1.1961e-09
-3.55019e-09
-8.66923e-08
6.77818e-08
1.89104e-08
2.11232e-09
5.49799e-09
-3.87447e-09
-1.98987e-09
-7.60625e-10
2.2828e-09
-3.36973e-09
8.34457e-09
-4.97482e-09
2.63624e-09
-2.63624e-09
-4.41837e-10
1.96705e-09
1.08654e-09
7.45631e-09
-8.54289e-09
1.12394e-08
-8.97519e-09
7.11047e-09
5.50447e-09
4.10144e-09
-9.60587e-09
-5.10287e-09
-5.15199e-09
1.60853e-09
-2.66018e-09
1.05161e-09
-7.38691e-10
1.00416e-08
-9.30293e-09
3.82133e-09
8.1701e-10
-8.56804e-09
7.75063e-09
2.71923e-09
2.26116e-09
-4.98076e-09
1.32848e-08
-7.4471e-09
-5.838e-09
-3.87889e-10
-1.68325e-10
2.96721e-10
2.6018e-09
-2.89856e-09
2.88056e-09
1.36834e-09
-4.05333e-09
2.68503e-09
-2.44675e-08
-5.3479e-07
-3.22853e-09
-5.80917e-09
-8.4219e-09
7.76463e-09
2.37397e-08
-2.30826e-08
-3.35028e-09
7.11427e-10
2.63884e-09
-2.13603e-09
2.9005e-09
-7.64541e-10
-3.23152e-09
1.24718e-08
3.05456e-09
2.52292e-10
1.79523e-10
8.37494e-09
-8.55451e-09
-7.98344e-09
6.85226e-09
1.13114e-09
-3.52659e-09
2.44417e-09
1.73393e-09
-6.62883e-09
4.89482e-09
1.39638e-08
-1.77798e-08
3.52981e-09
-4.7358e-09
1.20596e-09
-6.05757e-09
-1.02534e-08
1.63109e-08
-1.28674e-08
1.23008e-08
1.68317e-08
9.69061e-09
-6.07471e-09
-3.61586e-09
-4.96287e-09
8.49267e-09
-8.98767e-09
-4.88574e-09
-1.36934e-09
3.70286e-10
-7.00931e-09
1.08146e-08
1.45124e-08
-1.47466e-08
2.3424e-10
-6.30281e-09
1.70519e-09
5.70437e-09
-1.10676e-09
6.98864e-09
-2.06282e-07
1.99291e-07
-6.76255e-07
7.00627e-07
-2.4371e-08
1.46469e-09
3.17866e-09
4.44607e-09
-1.03832e-09
-3.42648e-09
1.52445e-08
-1.18182e-08
2.76317e-09
-1.15051e-09
-1.20929e-09
-4.03355e-10
3.12536e-09
-3.64171e-09
-5.64939e-10
-4.42012e-09
2.29446e-09
2.69052e-09
1.28812e-09
-1.28815e-09
-1.65245e-09
4.32937e-09
-1.02515e-09
-1.65181e-09
-6.87868e-10
6.87829e-10
-8.94939e-10
-1.5595e-09
-1.64389e-09
3.20337e-09
1.25959e-07
-1.29908e-07
3.94919e-09
7.33404e-09
-3.10137e-11
-7.09289e-09
-2.10161e-10
-1.28095e-09
-6.40244e-10
1.92118e-09
7.69086e-09
-2.19961e-10
-7.47094e-09
-9.06633e-09
4.75112e-10
-7.4269e-10
-1.5241e-09
-1.10291e-09
-4.01204e-09
4.01204e-09
2.87063e-08
2.445e-08
-5.31565e-08
4.26213e-09
-7.21065e-10
-3.54112e-09
3.09172e-09
-1.18709e-08
8.77918e-09
-5.07591e-09
9.77868e-09
-5.33057e-09
-2.50721e-09
1.35394e-08
7.87748e-09
-1.03906e-08
-4.30751e-09
4.16049e-09
-1.69749e-07
-2.48505e-08
-1.88499e-08
6.46038e-09
1.23896e-08
-1.11717e-09
2.00309e-10
9.16889e-10
-4.98037e-09
3.51339e-11
-3.50318e-10
5.2956e-09
4.97508e-09
-6.37481e-09
2.82606e-10
2.26489e-09
-1.12419e-08
-1.36862e-10
-1.64184e-09
1.77875e-09
-6.68914e-09
3.24983e-08
-9.3373e-08
2.68872e-08
-2.02068e-08
5.49296e-09
-6.21597e-09
1.0817e-09
-1.05732e-08
3.54526e-09
7.02786e-09
-5.95652e-09
8.65561e-09
-2.69917e-09
-8.01967e-09
1.0084e-08
-2.0644e-09
-3.07579e-10
1.27636e-09
-9.68785e-10
-2.63619e-09
-1.52047e-09
4.15658e-09
-1.36936e-09
9.66228e-09
-7.50763e-09
1.90956e-08
2.51669e-09
-2.16125e-08
6.76958e-09
-8.60697e-09
-4.19913e-09
-6.20303e-09
2.1999e-08
-2.67509e-08
4.75181e-09
5.78467e-09
-1.44182e-09
-9.07867e-09
-1.48756e-07
1.36847e-07
1.19077e-08
7.67144e-09
-8.00028e-09
-1.10798e-09
4.26117e-09
-3.15324e-09
-1.58444e-09
3.29674e-09
2.74763e-09
-4.46e-09
-6.17304e-09
-3.38667e-08
9.71879e-09
2.41477e-08
-6.03968e-09
-3.95238e-09
9.99205e-09
-6.55363e-09
-9.58494e-09
6.24902e-09
9.88952e-09
-4.25462e-09
-3.22765e-09
1.42571e-08
-2.48191e-08
2.09785e-08
-1.02157e-08
2.23227e-09
-7.29226e-09
-3.95239e-09
4.84032e-09
6.40423e-09
3.90542e-10
-2.15097e-09
4.11446e-09
-2.69032e-08
-2.26927e-09
2.91728e-08
-1.20133e-09
3.92814e-09
-2.72686e-09
1.42269e-08
-3.30092e-08
1.87827e-08
1.02297e-08
-7.52977e-09
-4.56944e-08
2.71787e-09
3.877e-10
1.94107e-08
-2.3767e-08
-5.88793e-09
1.02441e-08
-6.70754e-09
-1.55815e-07
1.62523e-07
2.1516e-09
1.72591e-08
9.43609e-09
1.91072e-09
-2.60603e-09
-8.74085e-09
-3.63988e-09
4.10815e-10
3.22904e-09
-4.72539e-09
7.05258e-10
4.02009e-09
2.57828e-09
-5.77739e-09
3.19909e-09
9.30118e-10
3.25045e-09
-1.53121e-09
-2.64939e-09
8.01305e-09
-6.76118e-09
-1.2519e-09
7.3691e-09
-6.01733e-09
-1.35182e-09
8.94124e-09
-5.22401e-09
3.7453e-10
1.13685e-08
1.0882e-10
-1.18517e-08
1.56202e-08
-1.58948e-08
2.74585e-10
2.04885e-09
1.35714e-08
1.99209e-08
1.0705e-08
-1.75904e-08
-1.30356e-08
-3.04064e-10
3.33696e-08
9.42454e-09
-8.88032e-09
-5.44472e-10
1.76827e-08
-7.55798e-09
-1.01248e-08
-6.6249e-09
5.38636e-09
7.01499e-08
-7.11667e-08
-6.89936e-08
8.30686e-08
3.03241e-08
-4.43995e-08
2.6967e-08
6.59219e-08
-8.99438e-10
8.1228e-08
1.02678e-09
8.39563e-10
-5.59813e-09
5.76391e-09
-1.72918e-09
-4.03478e-09
-1.58023e-09
-9.2928e-09
1.08729e-08
1.2137e-08
-3.36145e-09
4.33962e-09
2.97522e-08
2.32079e-09
-9.68094e-09
-1.72134e-09
1.14023e-08
1.29203e-08
-6.35259e-09
2.99508e-08
-2.95589e-08
8.70839e-09
-9.10043e-09
8.24601e-09
7.05633e-09
-2.38221e-09
1.23313e-08
6.03146e-09
-3.85035e-09
2.68741e-09
9.64393e-09
-1.54206e-08
8.42713e-09
-9.38917e-09
1.58759e-09
-1.89948e-08
1.74072e-08
1.51735e-08
2.3117e-09
3.20128e-08
-2.89308e-08
-1.2545e-08
1.39925e-08
-1.76123e-08
1.61646e-08
-3.66559e-09
-8.87953e-09
-5.44903e-09
6.26589e-09
4.81948e-09
-1.09754e-09
-3.15705e-09
-5.76045e-09
4.17648e-09
9.7329e-10
6.1055e-10
-1.99838e-09
4.36744e-10
-5.79622e-10
2.14116e-09
1.43241e-09
-3.54763e-09
4.6971e-09
-2.58197e-09
-3.35028e-09
-5.87734e-09
-2.28372e-09
4.92951e-09
-5.44959e-09
7.06277e-09
-9.01776e-10
-5.20199e-11
9.61904e-10
-8.93649e-09
-1.01269e-08
2.21778e-08
-4.55044e-09
4.55043e-09
-5.41845e-09
-4.5891e-10
7.00398e-09
-6.80149e-09
-2.02522e-10
-1.68171e-10
4.73356e-09
-2.0988e-09
1.70053e-08
-1.49066e-08
-2.71822e-09
1.30595e-08
-2.0587e-09
-1.80613e-08
-2.76634e-09
4.24702e-09
1.65805e-08
2.07853e-09
-2.01398e-08
-1.06627e-09
3.15621e-09
-2.08992e-09
2.79163e-09
4.2454e-09
-7.03708e-09
-1.56952e-08
6.53229e-09
8.32311e-09
-4.30254e-09
-1.05529e-08
-2.50865e-09
6.3433e-09
-3.24706e-09
-5.87663e-10
-7.54809e-09
4.83653e-09
2.7115e-09
8.14775e-10
-1.12758e-08
1.0461e-08
-1.57155e-08
1.69852e-09
-2.62817e-09
1.48804e-09
-5.58312e-10
2.24605e-09
-6.59283e-09
3.25125e-09
-4.11085e-09
-5.03337e-09
5.89292e-09
6.3244e-09
3.34102e-09
-1.39063e-10
1.17024e-08
-6.03208e-09
-4.62868e-09
6.32726e-09
-3.15129e-09
5.32633e-09
-2.17501e-09
-1.33381e-09
3.32364e-09
-1.9898e-09
-9.13218e-09
-1.05166e-08
5.99173e-09
1.23989e-08
-9.61263e-09
-4.37587e-09
1.39884e-08
7.42255e-10
-8.70011e-09
1.15342e-08
-8.57333e-09
-1.00931e-08
5.16272e-09
1.35036e-08
3.99129e-09
-4.12326e-09
1.32055e-10
1.15193e-08
4.29171e-08
-3.16254e-08
2.33153e-08
-1.93237e-08
1.9291e-09
-2.36833e-08
4.30228e-10
-6.45212e-09
6.02184e-09
-1.3596e-11
-2.02842e-10
2.97961e-09
3.35638e-09
-5.24229e-09
9.7144e-10
8.40509e-09
-9.54709e-09
-1.14968e-08
-2.725e-10
1.20259e-09
-5.79656e-10
-3.60521e-09
1.00518e-08
4.82632e-09
-6.09829e-10
9.97342e-10
-2.64503e-08
2.54529e-08
7.42135e-09
-4.08697e-09
-3.26552e-09
-4.05454e-09
1.05788e-09
2.99665e-09
-4.55125e-07
4.51053e-07
4.0728e-09
9.44779e-09
-4.32089e-09
-5.12694e-09
2.70038e-09
-3.90891e-09
1.20849e-09
-1.86213e-08
-4.34777e-10
1.54935e-08
3.56273e-09
2.98496e-08
-7.56979e-09
-2.47327e-09
-4.75685e-09
1.65527e-09
-1.86802e-09
3.39459e-09
6.68557e-10
-4.60808e-08
8.48915e-08
-3.88117e-08
4.5253e-09
-3.68893e-08
2.28878e-08
-2.66868e-09
-2.02189e-08
9.86456e-09
-3.60489e-09
6.89681e-10
3.97851e-09
6.77173e-10
-3.52696e-09
2.99332e-10
-7.85575e-09
9.64774e-09
-3.55862e-09
1.76665e-09
-1.68301e-08
-1.12059e-09
8.39315e-09
-4.9391e-09
-4.84389e-09
1.38989e-09
-1.13907e-08
8.19105e-09
3.19964e-09
2.77019e-09
-4.6033e-09
3.15811e-09
-9.07645e-10
-5.11234e-09
2.26925e-09
8.1472e-09
2.35386e-09
-8.44337e-09
1.16422e-09
1.74244e-09
-2.90672e-09
2.25964e-09
6.18959e-09
-1.03327e-09
9.4417e-10
-2.18714e-09
1.24293e-09
-4.64241e-09
-5.6839e-09
-4.07887e-09
7.7412e-10
-1.33118e-08
-3.95038e-08
1.78137e-08
3.95631e-08
-3.32937e-08
-6.26958e-09
2.1986e-09
3.73643e-08
-7.26801e-07
7.26801e-07
-8.86633e-09
1.08189e-08
-1.95271e-09
-3.49449e-08
4.89374e-08
6.55085e-08
3.32475e-08
-9.87562e-08
-8.36128e-08
1.01299e-07
-4.75862e-10
-3.26602e-09
7.7541e-09
-9.33859e-09
4.00813e-09
-7.59512e-09
1.68917e-08
-1.33048e-08
-1.21496e-08
1.4254e-07
4.38006e-07
-4.44157e-07
6.15148e-09
1.04119e-08
-1.48373e-07
1.37961e-07
-8.39517e-09
-1.08548e-08
1.92497e-08
5.22151e-09
-6.92689e-09
3.75193e-08
-1.64346e-08
-2.10848e-08
2.32113e-09
3.44275e-09
5.63203e-07
1.77167e-09
3.07265e-08
-1.43561e-07
1.38119e-08
-1.99571e-08
6.14511e-09
-1.88662e-08
-5.85747e-09
3.65914e-10
-7.57207e-09
3.38819e-09
-2.95352e-09
-4.14616e-09
2.72372e-09
-3.74567e-09
-8.99632e-09
7.63914e-09
-8.99376e-09
8.09973e-09
-2.82527e-09
6.42382e-08
6.30076e-09
-5.90731e-09
-4.44801e-09
7.30058e-09
2.4828e-08
-3.21282e-08
-7.32413e-09
5.23809e-09
-3.7002e-09
-1.15598e-09
-2.62563e-09
-3.11338e-09
5.73898e-09
-1.17993e-08
-1.35514e-08
2.53507e-08
-1.9022e-09
7.83012e-09
-1.0591e-08
8.54361e-09
-3.19339e-09
1.44757e-09
-2.87293e-09
-5.97706e-09
4.27196e-09
3.01331e-09
-1.06501e-08
7.63679e-09
4.9972e-09
3.18664e-09
-3.6942e-09
3.01985e-09
3.68763e-09
3.00603e-09
-8.60756e-09
5.60153e-09
-1.89921e-09
1.15653e-09
-6.21563e-09
1.21019e-08
-1.94127e-09
-3.94483e-09
-4.07248e-09
5.89608e-09
-1.82362e-09
-1.01238e-08
6.79525e-09
6.07328e-09
8.56915e-10
8.81969e-09
-9.67665e-09
5.61238e-09
-1.79548e-09
1.79544e-09
-1.21723e-08
1.7985e-08
-9.00967e-09
3.1969e-09
4.06186e-09
-1.62343e-08
8.78266e-09
-6.55428e-09
-1.10948e-08
6.46605e-10
-1.41422e-09
3.28147e-10
2.07796e-10
1.80985e-09
2.37152e-08
5.52343e-09
-2.92387e-08
9.1053e-09
-5.19791e-09
-4.3128e-09
2.89856e-09
3.28139e-10
4.67264e-09
-2.58894e-09
-4.04771e-09
1.96398e-09
-9.23637e-11
-5.23821e-10
3.22637e-09
-4.69865e-09
9.91717e-09
-5.21856e-09
6.9216e-10
-1.60405e-09
-2.33754e-10
-6.39325e-11
3.2144e-09
-2.19697e-09
2.75359e-09
3.257e-09
-3.1481e-09
-1.08893e-10
-1.19997e-08
7.72191e-09
4.27781e-09
1.37199e-09
-2.05989e-09
6.14508e-10
-9.1822e-09
8.56769e-09
-5.8914e-09
1.0157e-09
-9.08031e-09
7.82039e-09
1.25978e-09
-3.87879e-09
-8.84159e-10
4.76292e-09
-1.52712e-08
5.93285e-10
8.73324e-09
7.62736e-09
-7.88496e-09
-2.62793e-09
1.16952e-09
-6.64075e-09
8.09916e-09
-4.37229e-09
-5.26726e-09
-1.20259e-08
3.58926e-10
3.897e-09
4.18225e-09
-6.0293e-10
-3.22037e-09
-1.08028e-08
2.87877e-08
1.66706e-08
-6.34632e-10
6.74999e-09
1.19561e-08
-1.92822e-08
-4.15405e-09
1.09041e-08
-2.84269e-12
-2.68425e-08
2.68457e-08
-5.28284e-09
5.92072e-09
7.56772e-10
-1.85104e-09
-5.02092e-10
-2.24257e-09
2.1915e-10
8.00443e-10
1.22288e-09
-5.39261e-09
-1.27364e-09
-5.69121e-10
7.23531e-09
2.79777e-09
-2.95337e-09
-5.55772e-09
-1.58773e-10
-3.28113e-09
-1.26931e-09
-6.04298e-09
-4.17266e-10
1.57452e-10
1.69681e-09
1.95994e-09
-9.59194e-09
7.22247e-09
2.36962e-09
2.74156e-09
-8.14226e-09
5.40073e-09
-3.31313e-09
1.7448e-09
4.66003e-09
-5.11974e-09
3.42919e-09
-2.19612e-09
-1.74063e-09
2.96724e-09
-1.2266e-09
2.03519e-09
6.65684e-09
-1.814e-08
2.15244e-08
-3.07582e-10
6.20083e-08
1.43076e-08
-7.63155e-08
-1.51358e-09
1.39901e-09
-5.33503e-09
2.52034e-09
-1.4752e-09
-1.0452e-09
-5.35688e-08
-4.78681e-10
2.99896e-09
-2.52034e-09
8.20164e-10
7.74284e-10
-1.47447e-09
-2.12552e-09
-1.47825e-07
3.59641e-08
1.11861e-07
8.1994e-08
-1.99857e-08
1.16335e-08
-4.51121e-08
4.04488e-08
-4.14831e-08
-1.8727e-07
2.24694e-08
-2.10107e-09
-4.18469e-10
4.38817e-09
-1.86868e-09
-2.62808e-07
-8.57002e-09
2.71379e-07
6.22957e-09
-6.50533e-10
5.88349e-09
-1.57976e-08
-8.10228e-10
1.67996e-07
1.48077e-08
-1.49522e-07
-7.17745e-11
2.56588e-09
1.56942e-09
-1.63068e-09
3.11064e-09
-3.76119e-09
4.00723e-09
2.65511e-10
-4.6464e-09
3.73733e-10
6.88747e-10
1.185e-09
-5.00803e-10
1.93319e-09
6.88756e-10
9.24664e-09
-1.23151e-08
1.49263e-08
-1.1858e-08
-2.91597e-09
7.28162e-09
5.08205e-09
1.60014e-09
2.2889e-09
-3.97503e-09
-1.4509e-09
-1.71398e-09
6.8097e-09
-5.0957e-09
-1.66048e-08
1.8883e-08
2.18584e-09
2.27304e-08
-2.06684e-08
2.57386e-08
-6.87121e-09
-6.15013e-09
-6.97401e-09
9.44681e-10
6.02938e-09
6.52827e-10
-1.09155e-09
4.38681e-10
-3.60516e-09
4.55464e-09
4.20169e-10
-3.2063e-09
1.63386e-09
-7.21208e-10
-4.92538e-10
-2.95776e-09
3.21438e-09
-2.56643e-10
6.26292e-10
-2.99957e-09
7.2081e-10
-4.14436e-11
-5.39593e-10
5.81011e-10
-2.12019e-09
1.44326e-09
8.39889e-09
-1.35161e-09
2.72319e-09
-1.75015e-10
-1.36313e-09
-7.03518e-09
8.5735e-09
-5.63943e-10
5.43973e-09
-4.87581e-09
-9.19802e-09
3.18003e-08
-1.35497e-08
1.97088e-08
3.65567e-09
-3.53934e-08
-1.53783e-08
-5.36153e-08
-5.56498e-09
-3.70624e-10
2.70913e-09
2.15141e-09
5.21568e-10
-3.04368e-09
1.72039e-09
1.9922e-10
3.87176e-09
-3.21714e-08
1.97916e-08
6.81447e-09
3.47206e-09
-5.92368e-09
4.09228e-09
4.32416e-09
2.59473e-10
-4.75497e-08
1.47667e-08
8.89917e-09
8.81483e-09
-7.54229e-10
1.12136e-08
-2.72764e-09
-1.07943e-08
2.30829e-09
1.43022e-10
-3.6804e-10
2.25009e-10
-1.50892e-09
1.27225e-08
-5.67183e-09
7.37269e-09
-1.70092e-09
9.10689e-09
7.04705e-09
-6.28273e-09
6.72948e-09
1.56396e-09
-9.80241e-09
1.02419e-09
4.91758e-09
-6.07582e-09
1.34071e-10
-2.39678e-10
1.87658e-10
6.31187e-07
-4.13813e-08
2.28003e-09
-7.28773e-09
5.00774e-09
6.90944e-09
-6.83704e-09
-3.87113e-09
9.00256e-09
-5.13141e-09
-5.92929e-09
3.62545e-09
2.30378e-09
-1.31508e-09
-3.28818e-09
2.36197e-10
2.09001e-09
1.67792e-09
-4.00413e-09
3.37735e-09
-6.72658e-09
-1.32329e-09
1.64115e-09
-6.80363e-09
5.16253e-09
-1.21731e-08
-5.74195e-09
-5.16344e-09
4.2362e-08
-3.71986e-08
-1.22788e-08
-1.28083e-08
1.80994e-08
6.98709e-09
8.47259e-09
-2.29286e-09
4.1399e-09
-2.1761e-09
-1.96373e-09
-1.30972e-08
4.00075e-09
-3.21806e-08
2.818e-08
6.32791e-08
-7.52766e-09
-4.62016e-08
-9.54993e-09
2.24753e-08
3.26323e-09
-1.42144e-08
-1.05677e-08
1.16853e-08
-2.87102e-08
1.44959e-08
2.13303e-08
-7.596e-09
6.08039e-09
6.35675e-09
-1.24371e-08
-4.03191e-10
4.2162e-08
6.61149e-09
-4.87738e-08
-1.74526e-07
3.52112e-08
1.39315e-07
-1.98066e-08
2.38073e-08
-5.06867e-08
2.31307e-08
7.74927e-09
-6.29655e-08
-3.13645e-10
-5.5284e-08
2.34171e-08
-1.95136e-07
1.88265e-07
1.45313e-09
-7.03867e-09
-4.88708e-09
1.19258e-08
8.18998e-10
-4.69031e-09
-3.78225e-09
3.90028e-09
-1.17981e-10
5.40043e-09
-5.65974e-09
1.79908e-07
-1.82046e-07
6.20489e-09
-1.37332e-09
1.29265e-08
-4.63228e-09
6.76265e-10
-5.30333e-09
-1.63016e-08
1.49283e-08
-1.73259e-07
-1.86136e-08
2.24497e-08
3.41388e-09
-2.58637e-08
6.64918e-09
-2.58223e-08
-1.3896e-08
2.2017e-08
1.77011e-08
3.73296e-09
3.21192e-08
-1.07036e-08
3.68863e-08
-1.0906e-08
-1.49163e-08
-1.57454e-08
1.84934e-09
-2.3796e-08
-2.85547e-09
-6.67561e-10
6.57693e-10
9.75813e-12
9.68621e-09
4.35239e-09
1.19669e-08
-6.58123e-09
-3.65058e-09
1.02319e-08
-5.98938e-09
-4.42883e-09
9.31474e-10
-3.56907e-10
-1.5956e-09
9.14788e-09
-9.07338e-09
-3.72503e-09
4.8014e-09
-6.27918e-09
1.4212e-09
7.76925e-10
-6.27987e-10
-1.6629e-09
-3.56109e-09
5.22399e-09
-1.57359e-08
1.14562e-08
4.27975e-09
1.13242e-09
-3.35806e-09
-8.96044e-09
4.16679e-09
-2.36775e-08
4.47626e-08
-2.10852e-08
1.69071e-08
2.06122e-08
2.7352e-08
-2.29745e-08
1.25296e-08
1.34642e-08
-1.65295e-08
4.08162e-08
-8.54427e-09
7.23587e-09
1.30835e-09
-1.58867e-09
-2.15824e-09
3.74686e-09
1.42272e-10
1.68132e-08
-1.69554e-08
3.87278e-09
-5.58303e-10
-6.47191e-09
6.98842e-09
-3.98494e-09
2.40737e-10
1.64213e-09
9.78074e-09
6.4444e-09
-1.17272e-08
-7.97838e-09
2.05075e-09
1.733e-07
-1.25098e-08
1.28394e-09
-5.05618e-09
-3.17211e-09
2.3151e-09
-7.37131e-09
3.78845e-09
2.52383e-09
5.2874e-09
-3.90325e-09
-1.38423e-09
-9.64033e-10
-2.23222e-09
1.82682e-09
1.88712e-09
-3.954e-09
7.06321e-09
-2.88094e-09
-2.28426e-09
-1.59456e-09
5.12762e-09
-9.2001e-09
-1.35568e-09
-2.85011e-09
-7.98484e-10
-9.06528e-09
3.17466e-09
-6.59109e-09
-1.9532e-09
-1.15161e-08
1.07177e-08
-1.66483e-09
-1.37529e-09
3.04015e-09
-1.09717e-09
-6.44845e-09
9.79199e-09
4.93598e-09
-4.98162e-09
4.55697e-11
-3.04883e-09
1.93794e-09
1.11093e-09
-5.24749e-09
4.13651e-09
-8.30067e-09
2.5941e-09
1.08085e-09
1.17557e-09
5.69567e-09
2.77064e-09
-9.09976e-10
3.33093e-09
-5.65511e-09
2.3241e-09
-2.44038e-09
-4.26603e-10
2.867e-09
4.23184e-09
2.57787e-09
-8.61659e-09
-2.63847e-10
-9.47851e-09
-7.32018e-09
-5.86294e-09
1.0943e-08
-1.18863e-08
6.80634e-09
-7.56126e-09
-7.71e-09
4.05363e-08
-1.38284e-08
-2.67078e-08
-1.30449e-07
4.75662e-08
-7.23881e-08
8.91532e-08
1.83296e-08
-1.64007e-08
1.36562e-08
-1.18069e-08
-1.63148e-08
1.57521e-09
8.68183e-09
-4.62284e-09
5.71273e-09
-1.15465e-08
1.0456e-08
-3.42548e-09
3.3068e-09
3.99987e-09
-6.94869e-09
8.38213e-09
-5.43339e-09
-6.07806e-10
-5.6801e-11
-2.87413e-08
-1.9375e-09
1.25328e-08
1.90868e-08
-1.48995e-07
-1.19428e-09
3.2063e-09
-2.01205e-09
2.98414e-09
-1.95994e-09
5.64101e-10
-2.37878e-11
1.74904e-09
-1.83754e-09
1.05922e-08
-2.56225e-09
-9.4826e-09
5.28764e-10
-1.06805e-08
6.2018e-08
-5.01158e-08
6.63931e-10
1.69368e-09
-3.56688e-09
-1.56259e-08
1.22444e-08
3.38158e-09
-1.73379e-08
4.36629e-09
4.21779e-08
-1.65396e-08
2.3299e-08
6.47818e-09
8.40732e-09
-8.26754e-09
6.00741e-09
2.20342e-08
4.16478e-09
7.80208e-09
-1.7534e-09
-4.62943e-10
3.32653e-09
-7.26517e-10
-4.39386e-10
4.15332e-12
-3.12536e-09
3.12116e-09
3.04081e-09
1.73546e-10
-3.21438e-09
-1.83847e-09
1.27291e-09
5.65487e-10
4.34143e-09
-1.95025e-09
3.75402e-09
-2.31941e-10
-2.21451e-09
2.44645e-09
-2.23207e-07
1.91132e-07
-1.6832e-07
-2.23549e-09
3.21863e-08
3.08471e-09
-3.26436e-08
1.44438e-08
-1.83538e-08
-8.65055e-09
-4.91764e-07
5.04764e-07
-1.30005e-08
1.71525e-09
-2.84433e-09
1.129e-09
-2.88243e-09
-7.31558e-11
2.15719e-09
-5.99296e-09
4.63399e-09
-1.91617e-09
4.69881e-09
-7.48627e-10
2.31522e-08
2.13134e-10
6.83215e-09
-3.05073e-09
-4.13214e-09
7.1828e-09
1.66135e-08
-1.75359e-08
2.63405e-09
-1.71164e-09
-1.54868e-07
4.81348e-10
1.61322e-08
6.54851e-09
1.69368e-09
-3.71144e-09
9.38106e-09
-4.94663e-09
3.8123e-09
-2.42974e-09
3.16165e-09
-1.61222e-08
-1.25372e-08
1.22247e-08
7.03003e-09
-2.10199e-09
2.12527e-09
-2.32686e-11
4.36105e-09
-1.37502e-08
-7.59932e-09
1.50332e-09
4.53021e-09
7.63235e-09
9.92775e-10
-3.21309e-09
-5.41209e-09
1.03463e-09
-8.06843e-10
4.60173e-09
-1.15074e-09
-2.43806e-09
-2.31984e-09
6.45915e-09
7.54591e-09
-4.32779e-09
-1.65137e-09
-2.51143e-10
5.00195e-09
8.12583e-09
-2.0709e-09
-4.28227e-09
2.06808e-09
2.21416e-09
8.60437e-09
7.41552e-10
-1.72489e-07
3.21859e-08
-5.37233e-08
6.02245e-08
-6.50142e-09
-1.85879e-09
1.85878e-09
1.6956e-08
-7.18357e-09
-9.77229e-09
-1.27606e-08
9.01819e-09
-4.38735e-10
-8.28467e-10
1.42202e-09
-1.98294e-09
-4.28791e-09
-1.10295e-08
-1.26752e-09
1.2297e-08
-1.74359e-09
1.54757e-08
1.42602e-09
3.19313e-08
-1.84893e-08
-1.34421e-08
1.32196e-08
-5.98384e-09
-1.32277e-08
8.21514e-09
3.02978e-09
-2.09199e-08
1.789e-08
-1.07921e-08
6.1311e-09
-6.37198e-09
1.10329e-08
1.12345e-09
-4.42464e-09
3.30123e-09
9.9508e-10
-4.73574e-10
4.25612e-09
-1.25961e-08
8.33998e-09
-1.03842e-08
7.19098e-09
3.19321e-09
-8.05578e-09
1.3633e-08
3.55933e-09
-9.13661e-09
-1.11402e-08
3.08437e-09
7.35695e-09
2.69031e-09
-6.40114e-09
-1.71447e-08
1.54023e-08
1.74245e-09
5.22424e-09
4.92026e-09
-3.4732e-09
-7.06951e-09
-8.51448e-10
1.4491e-09
1.04635e-08
-7.02786e-09
-1.38199e-08
1.50451e-09
8.95895e-09
-3.07585e-09
2.00375e-08
-2.84451e-08
1.07191e-08
-6.28114e-08
6.05774e-09
-1.03909e-10
1.52146e-09
-5.32092e-09
2.21118e-08
-3.89641e-08
1.25004e-08
1.30859e-08
6.39064e-09
7.84341e-09
-1.51116e-08
8.77714e-10
-3.42585e-09
-1.1905e-10
3.07247e-10
3.23763e-09
-1.38872e-08
1.36761e-08
1.28476e-09
3.4782e-10
-3.57655e-09
4.38813e-09
-6.57237e-09
5.54456e-10
1.62979e-09
-6.29748e-08
2.63452e-08
4.19507e-09
-5.22831e-09
1.7921e-08
1.97982e-08
-3.77192e-08
-8.10566e-09
5.54991e-09
2.55568e-09
9.89117e-09
-5.59919e-09
-5.7123e-10
-1.39759e-09
1.05746e-08
-8.60591e-09
-6.34067e-09
4.38006e-07
-1.06885e-08
1.58658e-09
2.40366e-08
-2.96591e-08
9.08403e-11
-7.59038e-09
7.49949e-09
-7.62192e-10
1.70634e-09
-4.72218e-09
-6.61906e-09
1.13413e-08
2.35868e-09
2.95515e-10
-2.65425e-09
-2.11697e-09
-1.07625e-08
-1.18248e-09
5.39751e-09
1.12372e-09
-6.52117e-09
7.58281e-09
-4.17983e-09
7.11659e-09
-1.05198e-08
7.88071e-10
-9.68754e-09
9.34311e-09
1.45527e-09
-2.65198e-09
-1.63429e-08
-1.86929e-08
7.16741e-11
-5.69909e-09
7.50079e-10
-1.58009e-09
6.52899e-09
1.06411e-09
3.55285e-08
2.38689e-08
-3.22909e-08
3.23168e-08
-6.21695e-09
2.99631e-09
3.22062e-09
3.17376e-10
-1.67961e-08
3.29284e-08
-1.22706e-08
1.88115e-08
-8.50982e-09
-1.03018e-08
-1.01576e-09
-7.15313e-09
8.08358e-09
-2.58341e-08
1.77504e-08
1.74783e-09
-1.79434e-08
1.25311e-08
-5.31202e-10
-7.80046e-10
2.06686e-09
-2.06684e-09
-2.18259e-09
-1.42232e-09
8.68126e-10
-1.43761e-09
7.90163e-09
-6.46403e-09
4.29693e-10
2.97078e-09
-8.83555e-10
-2.08718e-09
-1.40567e-11
-1.90778e-08
3.8506e-10
-1.03741e-07
7.91568e-08
2.45839e-08
-2.36281e-09
-1.34069e-08
6.1254e-09
-4.96e-09
-1.3739e-08
7.48626e-09
6.2527e-09
-2.80098e-10
-4.0592e-10
-1.26783e-09
-4.23267e-09
3.58333e-09
6.49276e-10
3.29239e-09
-3.43765e-09
-9.56225e-09
4.12613e-09
-2.23904e-09
1.18898e-08
1.68277e-09
-3.53134e-10
-1.26709e-09
7.71996e-09
-8.72498e-10
-8.06395e-09
4.09033e-09
5.55741e-09
3.79421e-08
2.97816e-08
1.82311e-09
-3.18669e-09
7.99615e-10
3.79055e-09
1.68598e-08
6.19468e-09
1.46441e-08
-2.08389e-08
-5.15778e-09
-9.72681e-10
-3.15931e-08
-9.32388e-09
6.68764e-09
2.21245e-08
8.12488e-10
-2.69174e-08
1.81691e-08
-1.14543e-08
9.41966e-10
1.52987e-08
-2.11615e-08
3.95356e-09
6.8039e-10
-1.85056e-08
1.92625e-08
2.29583e-08
5.82327e-09
8.43402e-09
4.91764e-07
-1.23664e-08
-4.79398e-07
-8.72682e-10
-1.47393e-09
4.77946e-10
9.95933e-10
1.48403e-08
-1.07835e-09
-2.75991e-09
-9.76035e-09
-3.64922e-09
-6.50168e-09
4.20201e-09
1.08952e-09
-1.04707e-09
-2.6818e-09
-9.86884e-09
5.24583e-09
1.0922e-09
-1.10484e-09
-3.87265e-08
2.81591e-08
2.63956e-08
2.83826e-08
-9.45431e-09
1.571e-08
1.11515e-08
3.22258e-08
-6.09138e-09
-2.8244e-08
5.94609e-09
1.53574e-07
-5.01383e-09
2.21444e-07
-2.16431e-07
2.51961e-08
-1.85484e-08
-6.64785e-09
-4.50618e-07
7.89673e-08
2.56681e-08
-7.76683e-08
5.56656e-09
9.1352e-09
-1.39849e-08
-9.30006e-10
-9.83249e-09
-4.93304e-09
-5.15813e-09
5.04012e-09
4.03667e-09
-6.31707e-09
4.41979e-09
-5.57056e-09
-1.20655e-08
-1.31929e-09
3.22107e-09
1.01637e-08
-6.16995e-09
-5.89561e-09
5.93754e-09
1.84991e-08
-1.70944e-08
-7.34087e-09
4.41846e-09
4.57275e-10
-4.12338e-10
1.28032e-10
3.53081e-08
-1.04234e-08
-2.48847e-08
-1.00293e-08
-1.3614e-09
-3.9055e-09
7.06389e-09
4.16677e-09
3.06695e-10
-8.61141e-10
-3.61244e-09
6.79672e-10
8.44765e-10
3.17008e-09
-1.77808e-09
8.81344e-09
-1.02055e-08
1.1857e-08
-1.37592e-08
1.25018e-09
1.42458e-09
-2.96724e-09
-5.71142e-11
3.02436e-09
2.28205e-09
2.10609e-09
-2.10609e-09
-3.78531e-09
-1.2643e-08
-1.73681e-08
1.76285e-08
1.01911e-08
-2.75592e-08
3.29824e-08
-4.30622e-08
-1.49821e-08
3.26105e-08
-1.9649e-08
1.48579e-08
-2.18369e-07
-1.00261e-08
2.35044e-07
-9.26626e-09
-1.36558e-09
1.06319e-08
7.88055e-09
-7.02366e-09
3.91662e-09
-4.37199e-09
7.33997e-10
4.27928e-09
-6.41384e-10
-1.58486e-09
1.40564e-10
2.29229e-09
-8.48096e-10
3.61881e-09
3.14694e-09
-3.2417e-09
3.01283e-09
2.28868e-10
2.39206e-10
-1.69148e-09
1.45228e-09
-6.37423e-10
-9.97531e-10
-1.89311e-09
1.87725e-09
-3.26199e-09
-2.92814e-09
-3.65008e-09
1.58713e-12
5.59305e-09
-2.35983e-09
2.18487e-09
-4.21168e-10
5.96058e-10
-7.77496e-10
-3.47901e-10
6.13641e-09
3.51563e-09
1.08721e-08
-4.93334e-10
-1.38945e-08
1.95772e-07
-1.17978e-08
1.53134e-08
3.02391e-09
-6.86156e-10
6.81153e-09
3.52804e-09
1.77995e-09
5.95702e-09
-1.96823e-09
-8.40801e-09
4.31464e-10
-6.88096e-09
6.6501e-09
3.98392e-09
1.60536e-08
-1.35781e-08
-1.4867e-08
-6.8533e-09
-4.70847e-10
2.19919e-09
-2.32123e-09
9.27076e-09
-6.20691e-09
1.34715e-09
-1.36665e-08
1.26791e-08
1.38137e-09
1.13226e-10
3.52179e-09
5.60128e-09
-4.42832e-09
1.51232e-09
-2.85788e-08
4.55462e-08
1.52516e-09
-6.12059e-09
1.71028e-09
1.56931e-08
-1.74035e-08
-8.75207e-10
-1.41212e-09
-1.21019e-09
-8.87313e-10
-5.24832e-10
4.51548e-09
4.58976e-09
5.80981e-09
2.26781e-09
-4.21797e-11
2.28209e-09
-2.28212e-09
3.98772e-09
-4.35143e-09
-1.69615e-09
1.30225e-09
3.93901e-10
-1.44021e-09
-3.67951e-09
-4.07492e-09
2.60054e-09
6.67163e-10
2.62597e-09
-8.87325e-10
-1.90246e-10
-8.12273e-09
2.88394e-09
-3.70074e-09
2.23265e-09
-5.02026e-09
2.78766e-09
3.56516e-09
5.19479e-10
1.47203e-10
9.28515e-10
-9.28519e-10
3.07532e-08
3.55225e-09
-3.20123e-10
-3.23213e-09
-4.59786e-10
1.78473e-07
-2.78322e-07
2.66598e-07
5.67367e-07
-5.67367e-07
5.40116e-08
2.81917e-09
-3.75112e-10
-1.76205e-08
1.49314e-08
3.46724e-08
-3.19834e-08
1.95723e-09
-2.57242e-08
4.86744e-07
9.81178e-09
-4.96556e-07
9.61903e-10
-2.51611e-09
2.51608e-09
4.64151e-10
-4.64167e-10
3.04085e-10
2.49521e-09
5.77373e-09
-8.3673e-09
2.5936e-09
3.257e-09
-7.58553e-10
-5.80085e-10
-1.06596e-08
1.29089e-08
8.56956e-09
1.73692e-08
-1.91733e-08
-2.08242e-08
-8.34135e-09
1.25113e-08
-4.16985e-09
6.92058e-09
-1.48086e-09
-6.81784e-10
6.81788e-10
-1.0202e-09
-1.11144e-09
-1.00873e-09
2.41257e-09
1.50475e-08
-1.746e-08
-7.94048e-09
8.81591e-09
-6.06197e-09
-6.84907e-11
1.07669e-09
5.42615e-09
-2.33659e-09
-1.87699e-09
-1.18271e-07
1.25608e-07
-7.33669e-09
-4.51142e-09
-1.74387e-09
6.13535e-09
-6.92479e-10
1.72705e-09
-6.96381e-10
4.19324e-09
1.64996e-09
1.17144e-09
-2.91388e-09
1.28888e-08
2.0311e-09
-1.31565e-08
-1.76333e-09
-4.80383e-09
-2.3512e-09
7.15503e-09
-9.29699e-09
3.14647e-09
6.15137e-09
2.15462e-09
-1.06511e-09
1.99373e-09
-1.02048e-10
-1.21182e-09
3.40387e-09
2.07116e-10
1.02445e-08
-1.04517e-08
3.21889e-08
-2.6969e-09
-1.6109e-08
-2.19917e-08
4.26284e-09
3.43018e-10
8.46562e-09
-9.37145e-09
1.43289e-08
-1.52872e-08
-1.44933e-09
1.67366e-08
8.6525e-09
2.61821e-09
9.4096e-10
-1.06593e-09
-4.94574e-09
-2.25522e-09
-9.86478e-10
-4.0905e-09
-3.92361e-09
8.01408e-09
-1.22232e-08
1.88881e-10
-2.12153e-09
-2.35971e-09
9.04266e-11
-1.30225e-09
-2.18926e-08
-5.92707e-08
8.11633e-08
-2.61119e-08
3.49798e-08
2.47194e-08
1.3105e-07
-1.22522e-07
-8.47897e-08
-1.39665e-08
1.73942e-07
2.06123e-08
1.15763e-08
-4.84064e-08
-1.52878e-07
5.995e-08
-9.68179e-08
1.55947e-08
8.12233e-08
-3.00412e-09
1.30431e-08
3.69679e-08
-5.00109e-08
2.43864e-08
1.48914e-07
3.31888e-09
2.18562e-09
-6.96242e-09
-9.81638e-10
7.94415e-09
-2.66332e-09
-3.97838e-09
-2.28309e-08
2.14078e-08
5.65294e-09
-3.24991e-09
-5.1584e-09
1.73316e-09
7.42751e-10
-2.55726e-10
-1.65744e-08
-4.69092e-09
-2.93173e-09
2.61338e-11
-2.25009e-10
9.21535e-09
4.89453e-10
8.7465e-08
-2.40265e-08
-6.34365e-08
7.05576e-08
6.40799e-08
-4.71711e-08
-5.68168e-09
9.59827e-09
1.97701e-09
-7.86195e-09
-1.64628e-07
-5.64943e-08
1.27052e-07
-5.15029e-08
-2.22067e-09
9.75713e-09
-1.58647e-08
1.09268e-08
-5.89004e-09
-2.2475e-09
-1.65076e-08
1.9075e-08
-1.50954e-08
7.04591e-11
-2.11962e-09
5.54885e-09
-5.27859e-09
-4.28212e-09
-8.78369e-10
1.09695e-07
-5.03457e-09
1.62212e-09
-6.56038e-09
-3.31838e-09
-5.53834e-09
5.50237e-09
2.54811e-09
-4.95805e-09
-3.0924e-09
5.65048e-09
1.07758e-08
-4.61789e-09
5.32007e-08
1.17418e-09
2.61161e-09
-6.22616e-09
-2.11993e-09
-7.17339e-09
1.70563e-09
2.98445e-08
4.63387e-10
4.06794e-09
-2.97343e-10
2.60737e-08
3.4544e-09
-1.89368e-09
-1.5346e-09
3.59951e-09
1.11152e-08
-5.62302e-09
-9.99921e-09
-7.46546e-09
1.74645e-08
-8.92365e-11
-2.12527e-09
3.66805e-09
-3.73806e-10
-2.47607e-09
3.53366e-10
-4.35226e-09
2.93264e-09
-4.19064e-09
-3.72294e-09
-1.52175e-08
3.75684e-08
1.83615e-07
-2.3197e-07
-4.3063e-07
4.32625e-07
-4.3063e-07
-2.08552e-08
2.0447e-07
4.78143e-08
-4.15864e-08
-2.84201e-07
2.35795e-07
-2.99601e-08
1.2836e-07
1.32127e-07
6.29706e-10
-1.00883e-08
1.42844e-07
-3.5942e-08
3.72256e-08
5.7209e-10
4.0341e-09
1.61575e-09
-6.22205e-09
-4.90193e-09
-4.05849e-09
9.95821e-09
-2.16838e-09
3.47565e-09
1.05732e-09
1.48992e-09
2.05694e-09
-4.60426e-09
-4.61453e-09
-8.50511e-10
-1.19035e-09
6.35926e-10
-8.03256e-09
9.03292e-10
-1.75382e-09
-8.77539e-10
2.57572e-11
-1.83128e-09
6.23674e-09
3.94638e-09
-5.77761e-09
1.45405e-08
-1.63259e-08
1.7857e-09
1.05396e-08
4.03467e-10
-4.12946e-08
3.52363e-08
4.28284e-09
-2.88622e-10
-6.08171e-09
6.3704e-09
-8.46279e-10
-7.76183e-10
1.69311e-09
-9.16889e-10
-4.26455e-09
-5.43508e-09
2.00382e-10
2.29913e-09
9.48791e-10
7.01146e-10
-6.8768e-09
2.56133e-08
1.10719e-08
-1.14796e-08
1.06609e-09
1.69354e-09
-4.27324e-09
2.54327e-09
1.1447e-08
3.29664e-09
6.55707e-10
-9.58867e-10
5.76026e-09
-1.08896e-08
7.89783e-09
-3.40677e-10
-1.28797e-09
1.28798e-09
5.42605e-09
-6.81796e-09
1.24621e-08
-3.93392e-09
-1.56872e-09
8.73752e-09
1.16178e-08
-1.23185e-09
6.9442e-09
2.62263e-09
5.86042e-09
-3.96807e-09
6.09316e-09
-2.32776e-10
-1.23325e-09
-6.30199e-11
-2.91007e-10
1.73404e-09
-4.77489e-09
3.04089e-09
2.18455e-09
5.7982e-09
-9.46397e-09
-1.47846e-08
-2.61886e-07
7.57712e-08
1.3574e-08
-2.98515e-09
-1.8712e-08
-2.94465e-07
3.70047e-08
3.67808e-09
-4.0683e-08
1.40644e-07
9.46312e-09
-1.89993e-08
1.94617e-09
-3.40013e-08
-1.45766e-07
-7.58845e-09
1.53354e-07
-8.0105e-09
5.80397e-09
2.2064e-09
1.19842e-07
-1.33248e-08
2.78825e-09
1.05366e-08
9.94015e-10
2.95804e-10
3.71698e-08
5.82871e-09
-2.46395e-08
3.87552e-08
-1.41159e-08
1.55629e-08
-2.58134e-10
-2.48178e-09
7.5383e-10
2.39172e-08
6.35845e-09
-7.61319e-09
-6.34664e-10
-1.26456e-08
-1.66413e-09
-9.79448e-09
1.17102e-08
-1.91575e-09
4.37946e-09
3.40492e-09
1.09155e-09
5.35668e-09
2.98791e-09
1.26812e-09
-4.01057e-09
-4.17527e-09
2.37574e-09
-8.23319e-09
6.26823e-09
-6.49877e-10
-8.91612e-09
6.77454e-09
-4.44267e-09
-8.27832e-09
7.38566e-09
4.02092e-09
-2.56778e-09
-3.41841e-09
1.3369e-09
1.36017e-07
-1.99397e-07
6.33756e-08
5.32895e-09
4.53573e-09
2.185e-09
6.19328e-09
-3.02158e-09
-1.86719e-08
-3.468e-09
2.15341e-08
6.05745e-10
-2.70826e-08
1.0553e-08
2.05383e-08
2.65439e-09
7.91194e-09
1.8413e-08
-2.6325e-08
1.28205e-08
-1.24758e-08
2.94072e-08
1.35745e-08
-7.54095e-10
1.57396e-08
-5.85865e-10
-1.00841e-09
-3.43036e-09
2.58989e-09
5.86925e-10
-2.14172e-09
-1.17826e-09
3.31991e-09
-5.60441e-10
5.2201e-10
-2.10333e-09
3.68757e-09
-4.24804e-09
6.55494e-10
-1.60156e-10
2.16111e-09
4.72646e-09
5.11074e-09
4.0529e-09
1.60323e-08
-1.31873e-09
3.4438e-09
3.24557e-09
1.80056e-09
-1.28332e-09
1.73908e-07
-6.1404e-09
-1.67767e-07
-1.75411e-07
-6.72721e-10
1.76084e-07
-1.55352e-07
-4.67699e-09
-1.53811e-08
1.8556e-08
3.97356e-08
-2.61005e-08
3.50586e-08
-4.76044e-09
1.32873e-09
-2.08469e-09
5.51629e-09
-6.4194e-09
1.50519e-09
-1.9682e-09
1.26647e-09
-6.23897e-10
-2.71073e-10
-9.22472e-09
1.46247e-08
-1.35587e-10
4.77147e-09
-6.45844e-09
6.04418e-09
-5.49613e-09
-1.06917e-09
-2.25935e-09
4.74379e-09
-1.41538e-09
5.19664e-09
6.23283e-10
2.46222e-09
7.40048e-09
-9.86274e-09
9.67228e-09
4.78261e-09
-2.21671e-09
-8.59207e-08
3.97191e-08
5.26401e-07
-5.26401e-07
6.28703e-09
-4.12007e-09
2.76844e-09
7.5259e-10
-3.64279e-09
3.48279e-09
2.5749e-09
-1.02473e-08
3.32412e-09
-4.56178e-09
3.36449e-09
-5.02866e-09
-4.09488e-09
1.94388e-09
4.06665e-09
-1.57842e-09
-4.32676e-09
-3.47771e-09
5.72587e-09
6.40114e-09
-1.48051e-09
-1.06464e-08
9.18005e-09
5.78024e-09
3.14555e-09
-8.92577e-09
-7.83153e-08
-1.17231e-08
9.00382e-08
-2.60411e-08
7.95017e-09
-2.10761e-08
-2.33156e-08
4.02458e-08
3.68432e-08
-2.11812e-08
-3.16507e-08
9.14343e-09
-6.11109e-09
1.44503e-08
-8.33936e-09
1.11423e-08
-1.2677e-09
1.70632e-09
8.61297e-09
1.29644e-09
-1.29648e-09
-1.31465e-08
3.07759e-09
-1.77776e-08
1.73429e-08
-1.06507e-08
2.64948e-09
-5.29817e-10
5.29824e-10
8.50318e-09
3.85507e-09
-2.43421e-09
-8.84348e-09
1.11255e-08
4.09749e-09
4.10441e-09
-8.20182e-09
-1.1858e-08
4.82286e-09
-2.31923e-09
-6.27104e-09
-1.16275e-08
-8.09956e-09
-3.52794e-09
2.61754e-08
-3.10384e-07
-7.53153e-09
-5.30734e-09
1.28387e-08
1.87467e-09
-1.75902e-08
-4.39423e-08
-9.50406e-09
7.55591e-08
-3.7913e-08
2.73666e-08
-1.00682e-07
-2.67173e-08
4.14811e-08
-1.20272e-08
2.55517e-08
2.61935e-08
5.9046e-09
3.79899e-09
2.10556e-09
4.0398e-09
-1.35454e-10
3.15842e-09
-4.14529e-09
-8.00038e-09
1.37755e-09
3.04093e-09
-1.35001e-09
-9.32192e-09
-2.47278e-09
-6.77454e-10
2.16625e-09
2.75655e-09
-3.72821e-09
-2.06792e-10
-1.14321e-08
1.95944e-09
1.27411e-09
1.13564e-09
5.00107e-09
8.5933e-09
-9.13796e-09
8.18294e-09
-8.38361e-09
-4.14431e-09
-4.9937e-09
2.05401e-09
-1.52412e-09
4.12721e-10
8.81959e-09
1.2534e-09
-5.75034e-09
-4.32257e-09
-1.89491e-09
7.67517e-09
-4.37964e-08
-2.8971e-10
8.41231e-09
-8.12252e-09
-4.03931e-08
-5.37503e-08
-2.09404e-09
-7.49804e-10
-1.95966e-08
1.5129e-08
-5.3719e-09
-2.20351e-09
1.11876e-08
-8.98388e-09
-9.14287e-10
-1.0669e-08
-1.16179e-08
2.63734e-09
-1.97985e-08
2.15908e-09
3.42349e-09
-1.50414e-08
-1.87396e-08
-5.54688e-09
-5.18973e-10
1.04721e-09
1.18691e-09
-1.24254e-08
1.50628e-08
5.58463e-09
-1.45865e-08
-9.8284e-10
1.50268e-09
-6.23042e-09
6.85429e-09
-4.82902e-09
-1.85581e-09
-4.06792e-09
5.94286e-09
-6.71921e-09
-1.04581e-09
1.70975e-09
3.26944e-09
-1.57297e-08
-5.09783e-09
1.44843e-08
6.34304e-09
-7.73047e-10
9.83509e-08
1.66853e-09
3.06475e-09
-3.48581e-08
3.20731e-09
-1.13259e-08
-4.35374e-09
1.34765e-08
-6.21645e-09
-3.26613e-09
-1.10665e-09
2.65172e-09
3.60004e-10
1.05249e-09
-9.50698e-09
4.89448e-10
-1.10636e-09
3.3454e-09
2.73124e-09
-8.7028e-09
3.10594e-09
5.59679e-09
9.86034e-09
-1.29086e-09
3.46331e-11
6.34792e-09
-1.53984e-10
-6.22864e-09
1.12796e-08
-5.85351e-09
9.41282e-09
4.08899e-09
-4.39586e-09
-9.0505e-09
4.19899e-09
1.07943e-08
8.20445e-09
3.16469e-09
9.24295e-10
1.09316e-08
2.55311e-09
7.44092e-09
6.4289e-09
4.37519e-09
-3.36324e-09
-4.0145e-09
-4.79709e-09
6.07785e-09
-1.28069e-09
1.12076e-08
-1.88811e-08
-1.61693e-09
4.24411e-10
1.19245e-09
2.39469e-09
6.59838e-10
-3.98306e-09
-2.58528e-09
6.56827e-09
-5.11016e-10
-5.21925e-09
7.79404e-09
-2.57486e-09
-1.55738e-07
2.39517e-07
1.63974e-07
-1.4033e-08
8.73202e-09
4.75806e-07
4.80562e-08
9.0082e-09
1.25937e-08
1.25523e-09
8.4195e-09
-9.67474e-09
-1.40773e-09
7.2413e-09
1.63921e-09
-3.38422e-09
9.51649e-09
-9.08699e-09
-4.22699e-09
-8.99996e-10
-7.58758e-10
2.28545e-08
-1.08082e-08
1.16854e-08
2.91675e-08
4.82078e-09
-9.46184e-09
7.86788e-10
-3.27184e-08
-6.79631e-08
-3.22997e-08
-2.92643e-08
6.15625e-08
-9.28255e-09
3.37324e-08
7.28925e-08
4.10899e-09
1.62403e-08
-2.03495e-08
8.47655e-09
2.31169e-08
-1.65638e-08
1.72214e-08
1.75678e-08
4.86708e-09
-2.16846e-08
1.87701e-08
6.0975e-09
-4.60763e-09
-7.13437e-09
5.4433e-09
3.97763e-09
3.48542e-09
-7.46299e-09
-4.11405e-10
2.07994e-09
2.27027e-08
7.13875e-10
-4.53455e-07
-1.46008e-09
1.46004e-09
-4.75908e-10
7.10761e-10
-1.46564e-08
1.54958e-08
-7.20264e-11
-3.28659e-09
2.21053e-09
-6.41093e-10
-1.98503e-09
9.29254e-09
1.28891e-08
1.63195e-07
-6.80116e-09
-1.20135e-09
-4.83663e-10
4.83635e-10
-1.31954e-09
-9.22728e-10
9.22691e-10
-8.31399e-09
-5.3234e-09
6.87619e-09
1.03066e-09
5.90859e-09
-2.282e-09
-4.65729e-09
2.59367e-09
5.63502e-09
-8.22872e-09
-8.82331e-09
-4.23755e-09
3.07719e-09
2.63522e-09
1.9235e-09
3.06236e-09
-5.49234e-09
1.79241e-09
-1.45382e-09
8.02571e-09
4.36214e-09
2.98627e-09
-1.8221e-09
7.27994e-09
-1.71125e-08
-5.90746e-09
-2.84172e-09
6.93176e-09
-2.54972e-09
-1.49265e-09
-2.4142e-09
-1.20828e-08
-1.18366e-07
2.63859e-08
-8.49147e-08
6.21974e-08
1.90882e-09
-3.2841e-09
-2.72723e-09
-2.00223e-07
2.21506e-07
-1.94133e-09
-1.85642e-08
5.19572e-07
-1.24072e-08
1.1126e-09
7.80996e-10
2.44607e-09
4.68503e-09
5.92293e-08
-2.72166e-08
5.42495e-08
4.97981e-09
-2.21935e-08
-1.9576e-09
8.32064e-09
-1.14012e-08
3.08053e-09
-3.61088e-09
7.57163e-09
-3.96084e-09
-1.95179e-10
-8.55411e-10
1.03293e-09
8.51495e-09
-9.97807e-09
7.21675e-09
9.091e-10
2.5328e-09
1.7387e-09
6.55068e-09
7.10289e-09
-1.21044e-09
3.74323e-09
-3.30858e-09
1.04115e-08
-3.07817e-09
6.15276e-09
5.54506e-09
-5.29512e-09
-6.4026e-09
-3.47173e-09
2.13891e-09
-5.25777e-08
-1.18099e-08
1.33451e-10
-6.46381e-08
-3.79104e-08
6.33095e-09
9.94933e-09
5.94195e-10
-1.05436e-08
-6.13963e-09
-1.239e-08
1.15633e-08
-2.46402e-08
2.0431e-09
-2.04312e-09
5.11764e-09
2.50484e-09
5.37817e-10
-1.70975e-09
-9.25746e-10
-5.35342e-09
6.76255e-07
-4.50691e-08
4.1128e-09
-4.6516e-09
7.78526e-09
8.49499e-09
-2.46042e-09
-1.07673e-08
9.95864e-08
-1.39167e-09
-3.88688e-09
1.64169e-09
3.27862e-09
-1.71942e-10
-1.45228e-09
4.06476e-10
4.97901e-10
-4.85257e-10
-1.26884e-11
4.99092e-09
1.26474e-08
-9.92972e-09
-2.70091e-08
-1.19364e-08
-6.53679e-08
2.78398e-08
-2.91994e-08
-2.30782e-08
2.3909e-08
3.93798e-08
-3.47698e-08
4.89415e-09
-8.04868e-09
2.6719e-09
-1.07108e-08
-4.7406e-09
4.75445e-09
-5.73733e-09
-1.52047e-08
1.92725e-08
-3.21568e-09
-5.40213e-09
1.56295e-09
7.94139e-09
1.1154e-08
-7.38818e-09
-9.38583e-10
-2.20156e-09
3.13992e-09
5.74654e-09
-1.96933e-07
9.35135e-09
2.97937e-09
1.24485e-09
-6.59115e-10
4.62093e-09
-1.66735e-09
1.64341e-08
-4.59683e-09
-3.96077e-10
-8.7882e-09
1.19583e-08
1.01751e-08
1.67995e-08
1.42282e-08
-7.10205e-09
2.76127e-09
-5.38832e-09
-4.89798e-09
2.77579e-08
-8.56446e-09
1.11297e-08
2.29139e-09
8.06307e-09
-7.03242e-09
1.0433e-08
-2.36997e-09
7.24453e-10
-7.58763e-10
5.46513e-07
-1.49659e-08
-5.31547e-07
-6.095e-09
-8.72939e-09
4.5073e-09
9.83139e-09
1.04075e-08
-1.7664e-09
9.0267e-09
3.70604e-09
-2.0659e-09
-1.64021e-09
8.42691e-09
-3.61123e-09
1.22242e-08
-1.58061e-09
-4.87909e-09
9.40305e-09
-9.398e-09
-2.16421e-09
5.23945e-09
-2.37513e-10
-7.10805e-09
4.11849e-09
1.88455e-08
-1.64797e-08
4.87597e-09
-7.24145e-09
1.1662e-08
-1.08826e-08
-3.00369e-08
1.53191e-09
2.27366e-07
-1.11507e-08
-4.64609e-10
2.54704e-09
-1.10491e-08
7.23788e-09
-5.39167e-09
1.29094e-08
-5.34146e-09
1.11468e-08
-6.27071e-09
2.08831e-09
-1.11388e-08
2.66026e-08
-1.09095e-08
-1.93559e-09
-1.98816e-08
4.97893e-10
7.54301e-09
-8.41547e-09
1.33333e-08
-6.25447e-09
7.36051e-09
-2.89561e-09
1.29503e-08
-6.46308e-10
1.0585e-08
7.83546e-10
-4.55924e-10
1.23532e-08
5.48175e-09
-1.05992e-09
-2.40507e-09
-6.06632e-09
7.56696e-10
7.7146e-09
-1.00402e-08
7.79036e-09
4.99038e-10
1.03441e-08
-5.06149e-09
5.41526e-09
-5.87092e-09
-1.26577e-09
2.21454e-09
-4.86869e-09
-1.71704e-09
-2.8196e-09
-3.55627e-09
6.8088e-09
7.9906e-09
-1.12416e-09
1.14844e-08
-4.41643e-09
3.46423e-09
9.04631e-09
-8.57893e-10
-2.29021e-09
3.11152e-09
-1.02859e-08
2.98697e-09
-9.5346e-09
6.5476e-09
-1.27801e-10
9.37771e-09
-1.83413e-09
7.55673e-09
1.69015e-08
-9.83154e-09
-7.06995e-09
-6.48357e-09
1.36532e-09
-1.54428e-08
-5.90559e-09
2.71889e-09
-1.34086e-08
1.40658e-08
-6.57168e-10
-3.93358e-09
-1.71827e-09
6.33155e-09
1.48418e-09
-7.86581e-09
5.78494e-09
-2.46749e-09
4.33495e-09
-6.47413e-10
-5.07249e-10
1.0292e-09
5.0619e-09
1.70302e-08
-1.70555e-08
-2.88757e-09
2.03501e-09
5.77573e-09
4.05558e-10
4.27653e-09
5.92596e-09
2.81171e-09
-8.73773e-09
1.6811e-08
-1.4107e-08
-2.85226e-08
2.58184e-08
-8.07119e-09
2.48822e-08
-6.70154e-09
-5.46948e-09
3.67489e-09
1.76957e-09
1.18749e-08
4.83193e-09
6.55145e-09
-1.5809e-09
-1.23062e-08
2.15708e-10
9.64194e-09
-3.5615e-09
7.28849e-09
-1.00417e-08
-1.9672e-08
3.64367e-09
7.8727e-09
-4.61799e-09
-1.52529e-09
1.00792e-08
3.49471e-09
1.21185e-09
2.21668e-09
1.60389e-09
8.86604e-09
-7.28925e-09
-1.57675e-09
-6.87763e-09
4.89063e-10
6.38858e-09
-1.47364e-08
1.31623e-08
5.99173e-09
1.81769e-13
-2.01422e-09
-4.87848e-09
-1.2239e-10
5.00082e-09
-3.49357e-09
1.25118e-08
3.46114e-09
8.26257e-09
1.37426e-09
2.85634e-09
2.31671e-08
-9.75138e-09
-8.80942e-10
2.09277e-09
-4.44828e-09
-1.58975e-09
1.52557e-08
-1.3666e-08
1.56161e-09
-6.33096e-10
-2.03044e-09
2.3492e-10
-5.78024e-10
-1.05161e-09
1.62959e-09
1.11656e-09
5.93259e-09
-1.99373e-09
-1.4603e-08
1.61074e-08
4.87602e-09
-8.0927e-09
-1.28837e-09
-6.28007e-10
3.51746e-09
1.03296e-09
5.9056e-09
8.80838e-09
1.31163e-09
1.08253e-08
-1.02656e-08
-1.61237e-10
-1.46798e-09
2.55923e-09
-2.87223e-09
-8.55409e-10
-3.72253e-10
-5.08024e-09
-1.6213e-08
3.80582e-09
-4.6749e-07
-8.09515e-09
5.65349e-10
-1.08591e-07
9.65624e-08
-4.27823e-08
2.3888e-09
-6.88577e-08
4.03005e-10
1.76937e-10
7.26517e-10
-1.09553e-08
9.85699e-09
1.7168e-11
2.06115e-08
-4.91598e-08
2.85482e-08
6.19215e-10
-3.50557e-09
2.03499e-09
-2.1845e-08
1.85968e-08
6.30582e-09
-1.29444e-07
6.8735e-09
-1.40012e-09
-6.48287e-08
-1.24197e-09
1.24195e-09
1.22755e-08
1.60017e-08
3.20065e-10
-1.02154e-09
3.0155e-09
3.92342e-09
-2.40579e-09
3.30736e-09
-7.25697e-10
-1.79328e-09
-2.37502e-09
4.03794e-09
-8.03714e-09
-2.13428e-08
1.89361e-08
7.53004e-09
-9.51208e-10
9.51208e-10
7.01904e-09
7.71334e-10
8.76682e-09
-1.7036e-09
-7.06702e-08
-5.80237e-10
3.63382e-09
1.65207e-09
-3.75695e-09
7.09755e-10
-5.0943e-10
-2.03122e-09
-9.36917e-08
-1.0742e-07
9.28077e-08
1.06481e-07
-5.65367e-08
-2.96495e-08
3.07877e-07
-2.56456e-07
-1.59045e-09
-2.48529e-10
1.10289e-08
-2.70828e-09
-3.23455e-09
2.81728e-09
-1.57223e-09
2.81704e-09
2.59369e-09
1.62973e-09
-4.76213e-09
3.18987e-09
7.25246e-10
1.21814e-09
1.55578e-09
-4.82188e-09
4.56582e-09
-4.73774e-09
-9.17353e-09
-1.3332e-07
4.75806e-07
1.54906e-08
-1.98394e-09
-8.49828e-09
-1.65759e-09
7.52245e-09
-3.86406e-09
-5.67684e-09
-4.91081e-09
1.02781e-09
9.74472e-09
-1.44246e-09
7.72225e-09
-5.47521e-09
8.13025e-09
-3.45087e-09
2.10336e-09
1.34743e-09
4.96932e-09
-1.12058e-08
-5.71081e-11
-4.44592e-09
-1.39283e-09
-8.44082e-10
4.48799e-10
-4.94885e-09
-2.97223e-09
1.75039e-07
5.57463e-09
-1.01506e-09
-6.94857e-09
1.25579e-07
7.03028e-09
-2.82529e-10
-2.63454e-10
-2.66173e-08
-1.49742e-08
2.59408e-09
1.57901e-09
6.33451e-08
-5.65448e-08
6.56847e-10
-1.17166e-09
2.11584e-09
-1.28127e-09
-2.13282e-09
1.03272e-10
-9.46327e-10
-2.15756e-10
-2.99073e-09
3.41957e-09
7.98228e-09
-9.78828e-09
-7.86927e-09
-6.03052e-09
2.07958e-09
1.89929e-09
2.50376e-09
-1.2564e-10
2.50376e-09
2.27063e-09
-6.81623e-10
4.90588e-10
-7.2335e-09
9.50413e-09
-5.42255e-10
-6.40277e-10
2.5826e-09
6.67718e-09
6.02708e-10
9.26756e-10
5.20811e-09
3.40945e-10
-7.252e-09
5.19572e-07
-1.05021e-08
-8.92196e-09
7.62623e-09
-7.27306e-09
-7.09986e-09
5.2228e-09
7.15745e-11
3.5068e-09
1.0736e-10
-1.21124e-08
5.7126e-07
-1.70347e-09
-5.69556e-07
-1.8565e-09
2.11308e-08
-1.48018e-08
-9.50245e-10
5.6103e-09
-3.13306e-10
5.56402e-07
-5.56402e-07
5.30699e-07
3.73078e-09
-2.6658e-09
-1.78027e-09
5.62995e-10
-5.4825e-09
-6.15348e-09
2.48948e-09
1.06445e-09
4.04633e-09
7.54563e-10
-5.86532e-09
-1.37789e-09
2.1601e-09
5.02854e-09
2.90263e-09
8.83069e-09
-9.23214e-09
2.17044e-08
-7.71111e-09
-1.39934e-08
-1.17348e-08
2.27696e-08
-6.19314e-09
-4.2001e-09
-9.38082e-09
1.35808e-08
4.91293e-09
-4.8085e-09
6.13525e-09
-1.32643e-09
-1.45695e-09
2.52142e-09
-1.93859e-09
8.20947e-11
6.45021e-09
-4.08954e-09
3.07681e-09
-2.38165e-09
3.73097e-09
8.52676e-09
-1.60069e-09
6.367e-09
-1.93858e-09
3.76119e-09
4.06833e-08
2.20368e-09
-5.81011e-10
-2.6097e-09
1.54003e-08
5.51998e-09
5.14792e-10
-2.9186e-10
7.02066e-09
8.68617e-10
-8.72351e-09
6.28299e-10
-2.96562e-09
2.52075e-08
-2.52055e-08
-2.18275e-12
1.97573e-09
-3.06565e-08
-2.24438e-07
2.60841e-07
2.49688e-07
8.36002e-09
-5.6603e-10
1.83036e-07
2.53064e-09
-5.35267e-07
8.86602e-09
-5.40281e-07
-1.18338e-08
-1.84185e-07
-7.74258e-09
6.0107e-09
4.34137e-10
-6.96973e-09
8.62714e-09
-8.14502e-09
-1.33435e-09
-6.13322e-09
-7.52786e-09
4.11023e-09
9.55084e-09
-7.61407e-09
5.62857e-09
-9.15231e-09
-4.55899e-09
-3.54788e-09
3.10989e-09
6.4734e-10
2.91351e-09
-1.44139e-11
-2.09473e-09
7.79746e-09
-5.54347e-09
-2.51243e-09
-1.4631e-09
9.33217e-10
-8.95204e-09
-3.85814e-09
7.15502e-09
-5.96508e-09
8.60138e-09
-7.40255e-09
-1.10304e-08
5.47507e-09
9.05454e-09
-5.54577e-10
1.52763e-09
3.40727e-09
3.68444e-09
-1.29656e-08
-3.16804e-09
9.15771e-09
-1.23068e-08
-1.04131e-08
1.11267e-08
-1.51156e-07
1.52581e-07
-2.78191e-08
2.02517e-08
1.35131e-09
-4.38735e-08
1.38222e-09
1.88695e-08
-7.71279e-08
-4.4194e-10
-2.11827e-09
4.26791e-10
-3.20337e-09
8.00831e-10
1.62073e-09
6.21431e-09
6.37852e-10
-6.66122e-11
1.27847e-09
-2.28208e-09
-1.14416e-09
-4.28933e-10
-5.83019e-09
-1.68155e-08
2.89267e-08
1.63002e-09
-1.21717e-08
-5.59569e-09
-3.11409e-08
3.67366e-08
-2.09519e-08
2.25013e-08
-8.17223e-09
-5.7009e-07
8.99201e-09
-3.02127e-09
-5.97093e-09
-1.39794e-08
9.5871e-09
9.16575e-09
1.04956e-08
-8.69405e-09
-2.2081e-08
1.8613e-08
-1.38697e-08
-1.72939e-08
1.57754e-08
1.53884e-08
-1.75943e-08
-1.72966e-08
-2.02795e-08
-5.97108e-09
2.50338e-09
-2.50339e-09
-1.3916e-09
1.74632e-08
3.02964e-09
-1.37755e-09
2.78788e-09
-3.85676e-10
-2.02358e-09
-2.95821e-07
2.33155e-08
-1.17383e-08
1.51601e-08
2.86808e-08
-5.82636e-09
-1.07516e-09
8.0713e-09
-2.44429e-08
2.50385e-08
-2.09857e-08
-5.40281e-07
5.50307e-07
4.07672e-12
-1.16939e-09
1.7721e-09
-4.73482e-10
2.91794e-09
7.96735e-10
-6.09459e-09
5.7126e-07
-8.57201e-09
-4.16215e-10
5.19702e-10
1.95265e-08
3.01103e-10
1.25877e-08
-7.33665e-11
-6.23144e-10
7.08971e-09
9.52431e-11
-7.18508e-09
-1.42774e-09
-1.07997e-09
3.17194e-08
-9.97578e-09
1.04099e-08
-2.56917e-08
5.68952e-10
8.18392e-10
-1.38739e-09
-9.67308e-09
-2.35489e-09
-5.55098e-10
3.23213e-09
9.81593e-09
-2.93204e-09
6.99042e-09
-1.91944e-08
2.05111e-08
-1.81199e-08
2.50657e-09
-1.90078e-09
-2.61068e-09
4.10437e-09
-2.3605e-09
1.55361e-09
1.10541e-08
3.2133e-09
-5.98445e-09
4.11408e-09
3.35318e-09
-9.96321e-09
7.64198e-09
-7.79222e-09
5.49493e-09
-1.46345e-09
-3.2149e-09
2.3996e-08
-1.61011e-08
-2.28979e-09
-3.20933e-10
1.95057e-08
2.55751e-10
1.20254e-09
-6.19815e-10
-3.15695e-10
2.57297e-09
-7.52729e-09
-2.58117e-08
6.78742e-09
-8.84623e-10
2.49032e-09
-3.69476e-09
6.66024e-09
2.52778e-08
5.00974e-09
-1.75046e-08
-1.88942e-09
1.62829e-09
6.80865e-09
1.38267e-09
-4.61228e-08
4.07292e-08
-6.1379e-08
-3.18278e-08
2.3715e-08
8.11321e-09
1.83001e-09
-8.00377e-09
4.49165e-08
-2.586e-11
-9.21016e-08
9.21278e-08
-3.79941e-08
2.93553e-09
8.09436e-09
-1.90105e-09
-7.94187e-09
1.6703e-08
-5.5278e-09
-7.99193e-09
4.55637e-09
-3.2175e-08
3.15257e-10
-1.66121e-08
4.9247e-09
-4.42567e-09
3.65261e-09
4.90252e-09
4.78012e-09
-1.12458e-09
5.63335e-10
-1.59006e-08
-6.59425e-07
-9.02152e-10
1.20905e-08
9.54494e-09
-1.87109e-07
-4.72915e-09
-1.14953e-09
1.21249e-10
1.53723e-08
-7.66714e-09
2.83692e-09
8.95117e-09
-3.96776e-09
1.65373e-08
-1.28162e-09
-1.6173e-09
1.26956e-10
1.14046e-08
-3.45921e-09
-3.43413e-09
2.85615e-09
1.1423e-09
-5.61573e-09
-2.54601e-08
-3.92924e-09
3.42438e-09
8.39026e-10
-8.45477e-09
-1.61381e-09
-1.65061e-08
1.21019e-09
6.60371e-09
9.17518e-10
-3.00721e-09
-9.58411e-09
-3.02001e-09
-2.11302e-09
-2.87224e-09
-2.04354e-08
-2.58363e-10
-4.0906e-09
5.3479e-07
4.42601e-07
-4.41955e-07
-5.52079e-09
4.73154e-10
-6.71541e-09
-1.48015e-08
-9.37888e-08
-6.22593e-08
-3.79086e-08
2.61718e-08
-1.20506e-07
1.19964e-08
4.93397e-09
-1.14654e-07
1.38072e-08
2.51942e-08
-2.01801e-08
5.43165e-09
8.37554e-09
1.04351e-07
-3.54095e-10
2.69645e-09
-3.26559e-09
3.33624e-10
1.28435e-09
-1.16746e-08
9.92004e-10
1.87654e-10
2.0061e-08
-2.45534e-08
-1.31918e-09
-5.64836e-09
1.11823e-08
-4.62245e-09
-1.00315e-08
3.31226e-09
2.68145e-08
-1.56322e-08
1.53467e-07
3.57528e-08
5.04478e-09
7.84054e-09
3.38041e-09
3.57182e-09
1.38614e-08
-5.04178e-09
1.05656e-08
-4.76809e-09
-2.51852e-09
1.30576e-09
4.06641e-09
-5.23865e-09
1.49667e-09
-2.95976e-09
5.40832e-09
1.39807e-09
2.54947e-09
9.21732e-09
-3.16285e-08
3.98173e-09
1.82015e-07
-1.14941e-09
-1.72648e-10
1.22567e-08
-4.26616e-09
2.3612e-08
3.14555e-08
-2.19428e-07
4.07946e-09
-1.45381e-08
-8.40146e-09
-1.88449e-09
1.74084e-09
1.58225e-08
7.60472e-09
8.49941e-09
-3.56994e-09
-9.55164e-09
-6.84063e-09
-6.03584e-09
2.66199e-09
-2.83503e-09
-4.25739e-09
6.56123e-09
-3.42121e-09
-8.26275e-09
-4.02843e-09
-1.17014e-09
1.2429e-09
-1.1049e-10
3.98041e-09
1.07552e-09
-2.30745e-09
-3.01613e-09
-2.81369e-08
7.30534e-08
1.17006e-07
-1.45143e-07
-1.50245e-09
-3.69927e-09
-5.17953e-09
-1.3173e-10
1.36962e-07
2.86435e-08
1.24917e-07
-9.10731e-08
-4.30416e-08
7.46282e-09
-2.48212e-09
4.42601e-07
-9.46161e-09
-2.33279e-10
-3.19421e-09
-1.23696e-09
2.26229e-08
-3.61984e-08
-2.1674e-09
-5.43908e-10
-1.00158e-09
7.21482e-10
-7.16123e-09
1.18865e-09
5.25101e-09
-1.49451e-09
-1.02163e-09
-4.89101e-09
-8.54971e-09
-1.39522e-08
1.65053e-08
-1.01174e-08
-9.8e-09
2.51521e-09
5.99971e-09
4.33645e-09
5.98403e-09
3.45008e-10
-6.30609e-10
3.5684e-09
-1.9112e-08
2.80112e-08
1.69258e-08
-1.72859e-07
1.05189e-08
-1.19311e-08
-4.91041e-09
-1.19213e-08
8.867e-09
5.46513e-07
-4.65598e-09
5.01763e-07
3.32437e-08
-5.35007e-07
8.29688e-09
-1.7536e-10
1.29075e-09
-4.72116e-09
1.22604e-09
-7.66158e-09
-7.1861e-09
7.34357e-09
-5.78988e-09
4.34807e-09
-3.30954e-09
-5.5538e-07
1.6827e-08
1.43798e-07
-3.65741e-09
1.49801e-09
-5.30261e-11
-9.19515e-09
6.02964e-09
7.32047e-09
-1.05798e-08
-8.60177e-10
-2.51744e-09
4.99906e-09
-2.63131e-09
-2.11798e-10
3.8154e-08
4.75601e-09
9.54035e-09
-9.69437e-09
-3.39012e-09
6.71178e-09
1.1686e-08
8.68878e-09
3.0404e-09
8.14155e-09
-5.80053e-09
-7.25186e-09
-1.32946e-07
1.42163e-07
-6.55763e-09
-1.5981e-09
1.13029e-08
-5.39434e-09
9.70481e-09
-1.07754e-08
-2.72936e-10
-4.32974e-09
6.00002e-09
7.24367e-10
-2.91628e-08
-9.53494e-09
-1.08216e-08
-9.09062e-09
4.54847e-09
-2.24051e-08
8.92545e-09
-7.98864e-10
1.72281e-08
3.64905e-08
-1.31141e-08
-1.30301e-08
3.26559e-09
-9.07934e-09
-3.45145e-08
-9.97877e-09
2.33888e-08
2.04077e-08
1.60827e-08
3.0336e-08
1.01326e-08
5.65992e-09
-9.07559e-09
2.60335e-08
-1.10632e-09
7.14498e-09
-3.6461e-09
6.36136e-09
-6.75827e-09
-8.38693e-10
-3.4485e-09
6.55441e-09
2.3057e-09
-1.67173e-08
8.29585e-09
-1.123e-08
1.96516e-08
-6.44532e-09
-2.09214e-09
-8.10018e-09
1.18313e-08
3.76942e-09
-3.61753e-09
-1.14802e-09
-5.82593e-09
-5.32433e-10
-3.43542e-09
-8.5995e-09
1.57444e-08
5.31693e-09
-2.88571e-08
2.66665e-08
-1.96947e-08
2.9584e-08
3.36131e-09
-9.22171e-10
-1.94885e-08
5.38147e-09
9.42668e-08
1.50163e-08
-5.42936e-09
5.82891e-09
9.01133e-09
7.63242e-09
1.32255e-08
-1.50291e-08
1.27542e-08
-9.28732e-09
1.57668e-09
-2.39021e-09
3.48124e-09
-4.697e-12
-1.23014e-08
-3.26185e-09
-1.32457e-08
4.9943e-10
-1.49863e-09
-1.74778e-09
2.0948e-07
-1.42198e-08
2.038e-08
-1.96334e-07
2.29859e-07
5.77333e-10
-4.56376e-10
-4.77165e-09
-2.20282e-08
-1.89433e-08
-5.41735e-09
-9.18563e-09
5.18547e-09
-4.47997e-09
9.08453e-09
4.33353e-10
-5.09423e-10
1.07416e-08
-5.62443e-10
2.888e-08
5.33462e-08
-3.44146e-08
5.12419e-09
5.21058e-09
3.63675e-11
-3.76987e-09
-3.95161e-09
8.79422e-09
-1.94225e-09
-9.18857e-09
-6.34888e-09
-2.52494e-08
4.23121e-07
-1.06761e-07
-8.10934e-08
5.77118e-09
-4.38853e-09
-1.61439e-08
8.90274e-09
-3.49506e-09
4.64701e-09
-9.09863e-09
-6.04958e-09
-2.41715e-08
3.47129e-08
8.91733e-08
4.42886e-07
1.1343e-07
-9.91816e-08
1.03351e-08
2.83971e-09
1.92614e-08
1.22775e-07
5.0457e-09
-7.191e-09
2.97081e-09
1.90324e-09
3.8637e-09
7.49411e-09
4.47647e-07
-6.53378e-11
-6.19823e-09
2.96792e-09
3.68215e-09
7.5062e-10
-1.02856e-08
2.20655e-09
6.58764e-09
1.73951e-09
-4.16498e-09
2.36773e-09
6.94214e-09
2.02147e-09
-2.7984e-08
4.45094e-09
2.92297e-08
-4.00741e-09
-8.94518e-10
1.32523e-08
-9.82793e-08
6.85166e-09
-5.08256e-09
-3.26378e-09
-8.10414e-09
1.3193e-08
-4.25257e-08
6.13016e-09
-3.6608e-09
2.6816e-08
1.47519e-09
8.82333e-09
4.12687e-09
1.3761e-08
-2.46732e-08
-1.17118e-09
-9.62878e-09
-4.49281e-08
4.12582e-09
9.71179e-10
3.49922e-09
-1.01096e-08
1.77419e-09
-4.48173e-09
8.98568e-09
1.95469e-08
7.81158e-09
-3.30618e-08
-2.33986e-07
-5.16363e-09
1.12635e-08
-1.61967e-07
9.02889e-08
7.15313e-09
2.20118e-09
-1.6791e-09
-9.51001e-10
-5.27798e-09
5.09102e-09
7.29755e-09
-4.31112e-09
1.03111e-08
2.8576e-09
-2.13617e-09
-1.89349e-09
-9.37036e-09
4.4606e-09
-1.35355e-09
3.05985e-09
1.258e-08
8.96613e-10
-1.39954e-08
4.53726e-09
-3.23601e-08
1.67828e-08
9.85542e-09
-9.37101e-09
-2.36215e-09
6.49623e-09
-6.65023e-10
4.87768e-09
-4.55159e-09
5.23674e-09
1.52944e-09
-5.61737e-09
-7.82503e-09
-2.2873e-08
9.39939e-09
-1.31563e-08
3.35382e-09
-3.3179e-09
-3.56796e-09
-1.03122e-08
4.95994e-08
6.62458e-09
2.8676e-11
-1.18796e-09
-7.30956e-09
9.02216e-09
1.22724e-08
3.74934e-10
1.90376e-07
-8.20642e-09
1.33739e-08
1.93317e-09
4.52338e-09
3.99799e-09
-2.08992e-09
-2.46373e-09
-2.59852e-09
5.46061e-09
8.14313e-09
-7.31638e-09
-3.74026e-09
-2.44147e-09
-4.6832e-09
2.82979e-09
7.08973e-10
-8.47814e-10
1.00462e-08
-1.2938e-09
8.21962e-08
-6.47262e-09
-1.91847e-08
2.51465e-08
-1.02203e-08
1.15669e-08
-1.17913e-08
-1.04601e-08
1.33292e-09
-2.50824e-10
4.95725e-09
5.32057e-10
-1.37306e-09
-7.72532e-09
-2.33538e-09
-3.07725e-09
-9.60221e-09
5.33307e-09
-2.95074e-09
2.47354e-08
9.97736e-09
1.05943e-08
1.41389e-08
2.83868e-08
4.64624e-09
-1.22369e-09
-1.69728e-08
7.0076e-07
2.60412e-08
4.13348e-08
-3.52276e-08
2.18903e-07
5.01467e-08
2.36987e-07
-4.68614e-07
1.02828e-08
7.19194e-09
1.61211e-07
-1.19753e-08
-1.35996e-08
2.07525e-08
8.84229e-09
-2.27341e-09
1.48315e-08
9.2531e-08
3.28371e-08
-7.8128e-08
-8.09595e-11
1.89491e-08
1.31791e-08
)
;

boundaryField
{
    Inlet
    {
        type            calculated;
        value           nonuniform List<scalar> 0();
    }
    Outlet
    {
        type            calculated;
        value           nonuniform List<scalar> 
26
(
4.03194e-10
5.42594e-09
9.20087e-09
1.07374e-08
1.02549e-08
1.11255e-08
4.18488e-09
9.91693e-09
1.13863e-08
1.18411e-08
9.69964e-09
-8.70043e-09
-2.13726e-10
7.63038e-09
-4.73327e-09
7.38233e-10
-8.76113e-09
3.67488e-09
-1.03746e-08
-2.08296e-08
-9.20854e-08
-3.60257e-08
1.539e-07
-6.45178e-08
2.03542e-07
6.04061e-07
)
;
    }
    Symmetric
    {
        type            symmetry;
        value           nonuniform List<scalar> 
2343
(
0
0
0
0
0
0
0
0
0
0
0
0
0
0
0
0
0
0
0
0
0
0
0
0
0
0
0
0
0
0
0
0
0
0
0
0
0
0
0
0
0
0
0
0
0
0
0
0
0
0
0
0
0
0
0
0
0
0
0
0
0
0
0
0
0
0
0
0
0
0
0
0
0
0
0
0
0
0
0
0
0
0
0
0
0
0
0
0
0
0
0
0
0
0
0
0
0
0
0
0
0
0
0
0
0
0
0
0
0
0
0
0
0
0
0
0
0
0
0
0
0
0
0
0
0
0
0
0
0
0
0
0
0
0
0
0
0
0
0
0
0
0
0
0
0
0
0
0
0
0
0
0
0
0
0
0
0
0
0
0
0
0
0
0
0
0
0
0
0
0
0
0
0
0
0
0
0
0
0
0
0
0
0
0
0
0
0
0
0
0
0
0
0
0
0
0
0
0
0
0
0
0
0
0
0
0
0
0
0
0
0
0
0
0
0
0
0
0
0
0
0
0
0
0
0
0
0
0
0
0
0
0
0
0
0
0
0
0
0
0
0
0
0
0
0
0
0
0
0
0
0
0
0
0
0
0
0
0
0
0
0
0
0
0
0
0
0
0
0
0
0
0
0
0
0
0
0
0
0
0
0
0
0
0
0
0
0
0
0
0
0
0
0
0
0
0
0
0
0
0
0
0
0
0
0
0
0
0
0
0
0
0
0
0
0
0
0
0
0
0
0
0
0
0
0
0
0
0
0
0
0
0
0
0
0
0
0
0
0
0
0
0
0
0
0
0
0
0
0
0
0
0
0
0
0
0
0
0
0
0
0
0
0
0
0
0
0
0
0
0
0
0
0
0
0
0
0
0
0
0
0
0
0
0
0
0
0
0
0
0
0
0
0
0
0
0
0
0
0
0
0
0
0
0
0
0
0
0
0
0
0
0
0
0
0
0
0
0
0
0
0
0
0
0
0
0
0
0
0
0
0
0
0
0
0
0
0
0
0
0
0
0
0
0
0
0
0
0
0
0
0
0
0
0
0
0
0
0
0
0
0
0
0
0
0
0
0
0
0
0
0
0
0
0
0
0
0
0
0
0
0
0
0
0
0
0
0
0
0
0
0
0
0
0
0
0
0
0
0
0
0
0
0
0
0
0
0
0
0
0
0
0
0
0
0
0
0
0
0
0
0
0
0
0
0
0
0
0
0
0
0
0
0
0
0
0
0
0
0
0
0
0
0
0
0
0
0
0
0
0
0
0
0
0
0
0
0
0
0
0
0
0
0
0
0
0
0
0
0
0
0
0
0
0
0
0
0
0
0
0
0
0
0
0
0
0
0
0
0
0
0
0
0
0
0
0
0
0
0
0
0
0
0
0
0
0
0
0
0
0
0
0
0
0
0
0
0
0
0
0
0
0
0
0
0
0
0
0
0
0
0
0
0
0
0
0
0
0
0
0
0
0
0
0
0
0
0
0
0
0
0
0
0
0
0
0
0
0
0
0
0
0
0
0
0
0
0
0
0
0
0
0
0
0
0
0
0
0
0
0
0
0
0
0
0
0
0
0
0
0
0
0
0
0
0
0
0
0
0
0
0
0
0
0
0
0
0
0
0
0
0
0
0
0
0
0
0
0
0
0
0
0
0
0
0
0
0
0
0
0
0
0
0
0
0
0
0
0
0
0
0
0
0
0
0
0
0
0
0
0
0
0
0
0
0
0
0
0
0
0
0
0
0
0
0
0
0
0
0
0
0
0
0
0
0
0
0
0
0
0
0
0
0
0
0
0
0
0
0
0
0
0
0
0
0
0
0
0
0
0
0
0
0
0
0
0
0
0
0
0
0
0
0
0
0
0
0
0
0
0
0
0
0
0
0
0
0
0
0
0
0
0
0
0
0
0
0
0
0
0
0
0
0
0
0
0
0
0
0
0
0
0
0
0
0
0
0
0
0
0
0
0
0
0
0
0
0
0
0
0
0
0
0
0
0
0
0
0
0
0
0
0
0
0
0
0
0
0
0
0
0
0
0
0
0
0
0
0
0
0
0
0
0
0
0
0
0
0
0
0
0
0
0
0
0
0
0
0
0
0
0
0
0
0
0
0
0
0
0
0
0
0
0
0
0
0
0
0
0
0
0
0
0
0
0
0
0
0
0
0
0
0
0
0
0
0
0
0
0
0
0
0
0
0
0
0
0
0
0
0
0
0
0
0
0
0
0
0
0
0
0
0
0
0
0
0
0
0
0
0
0
0
0
0
0
0
0
0
0
0
0
0
0
0
0
0
0
0
0
0
0
0
0
0
0
0
0
0
0
0
0
0
0
0
0
0
0
0
0
0
0
0
0
0
0
0
0
0
0
0
0
0
0
0
0
0
0
0
0
0
0
0
0
0
0
0
0
0
0
0
0
0
0
0
0
0
0
0
0
0
0
0
0
0
0
0
0
0
0
0
0
0
0
0
0
0
0
0
0
0
0
0
0
0
0
0
0
0
0
0
0
0
0
0
0
0
0
0
0
0
0
0
0
0
0
0
0
0
0
0
0
0
0
0
0
0
0
0
0
0
0
0
0
0
0
0
0
0
0
0
0
0
0
0
0
0
0
0
0
0
0
0
0
0
0
0
0
0
0
0
0
0
0
0
0
0
0
0
0
0
0
0
0
0
0
0
0
0
0
0
0
0
0
0
0
0
0
0
0
0
0
0
0
0
0
0
0
0
0
0
0
0
0
0
0
0
0
0
0
0
0
0
0
0
0
0
0
0
0
0
0
0
0
0
0
0
0
0
0
0
0
0
0
0
0
0
0
0
0
0
0
0
0
0
0
0
0
0
0
0
0
0
0
0
0
0
0
0
0
0
0
0
0
0
0
0
0
0
0
0
0
0
0
0
0
0
0
0
-1.26273e-24
1.33824e-24
-1.49054e-24
1.18024e-24
-5.91323e-25
2.14361e-25
-1.51775e-25
-9.02085e-25
-7.13802e-25
-3.08727e-27
-9.91015e-25
1.08188e-24
-4.33128e-24
-4.85126e-25
-1.91209e-24
1.68725e-26
-1.67577e-27
2.87346e-24
2.19408e-24
1.58327e-24
-4.35774e-25
5.00501e-25
-8.69101e-25
3.44325e-25
9.22299e-25
1.10555e-24
-2.89454e-25
4.73685e-25
-5.2617e-24
-7.60169e-25
1.1908e-25
-3.36927e-24
-3.06015e-24
1.80163e-23
8.7795e-24
1.40695e-23
-2.61805e-24
-4.80797e-24
-2.86416e-24
7.22905e-25
-1.01035e-23
-9.70269e-24
-8.87812e-24
7.62518e-24
-5.87671e-24
6.58163e-24
4.94097e-24
1.58962e-24
4.37443e-25
3.32826e-25
-1.06332e-23
1.38347e-25
2.51288e-25
2.09161e-24
-2.1472e-24
3.07062e-24
-3.31136e-24
-1.0206e-24
-8.63365e-25
2.25593e-25
1.61156e-24
-5.87712e-25
-4.74959e-24
-1.50466e-24
-2.19659e-25
7.03097e-25
1.50968e-24
-3.78698e-24
3.65122e-24
5.58725e-24
-1.29629e-24
1.66438e-24
-9.48227e-25
-1.45072e-24
4.98754e-25
4.54934e-25
1.41916e-24
-5.27214e-25
3.61405e-24
-2.68414e-24
-8.3767e-26
5.42897e-25
-3.76343e-25
-8.21934e-25
1.8191e-23
-1.32854e-24
5.13785e-24
1.32798e-24
-5.20342e-24
1.22914e-23
-1.22134e-23
6.65644e-24
2.84476e-24
-9.34226e-25
1.74978e-23
1.28274e-24
-1.02134e-23
5.36221e-24
5.3091e-24
-1.20187e-24
-6.85616e-25
6.77554e-25
2.23032e-24
-3.06285e-24
-3.10109e-24
3.9523e-25
-8.78025e-25
-6.90214e-25
-2.26417e-24
9.01335e-25
2.48831e-24
4.03088e-24
2.385e-25
8.87925e-25
7.97899e-25
-1.92788e-24
-6.92622e-25
-9.0278e-25
1.98606e-24
-4.53389e-24
-7.07262e-25
-2.80131e-24
1.0949e-24
7.64637e-25
-2.1117e-24
-1.43451e-24
2.20583e-24
-7.38054e-24
1.56552e-23
-7.00579e-23
-3.2935e-24
1.30952e-23
-4.70589e-24
9.47141e-25
-2.13939e-23
1.35579e-24
2.29962e-25
4.53606e-24
-3.24197e-24
2.00628e-23
1.26767e-23
8.31862e-24
-2.68965e-24
5.03147e-25
-2.20208e-24
1.00988e-24
-1.55769e-24
3.54113e-24
-1.75697e-24
8.79339e-25
-2.47477e-25
-6.51273e-26
4.77213e-24
3.43574e-25
-2.35279e-25
-1.50687e-24
1.18186e-24
-7.26922e-25
1.9799e-24
-1.0852e-24
-3.81523e-24
-5.13886e-27
-4.85186e-24
-1.0732e-24
8.05228e-26
-1.04832e-24
6.59129e-26
2.43335e-25
-1.04584e-24
2.20877e-25
2.27491e-24
3.01299e-23
1.22586e-24
5.60346e-24
3.09054e-24
6.20564e-24
4.04919e-23
1.48769e-24
-4.75172e-26
-4.91713e-24
-1.97288e-23
6.43736e-24
-7.72102e-25
6.74426e-25
4.82067e-24
-1.13277e-24
-6.28647e-25
1.93868e-24
-6.7382e-24
3.17827e-23
3.96104e-25
1.31736e-24
9.41838e-25
-1.0212e-24
4.55822e-25
-2.20303e-25
-3.31214e-24
-1.14688e-25
2.91178e-24
-1.59214e-25
-2.51359e-24
-1.73124e-25
-6.92723e-25
-2.3252e-24
-3.31753e-25
2.47568e-24
1.09848e-24
2.24587e-24
-3.85809e-25
-6.77995e-25
1.22107e-24
-5.34982e-25
-4.87844e-24
-7.66351e-25
-1.01876e-23
-1.035e-25
3.92638e-24
4.80314e-25
-1.48929e-24
-4.53266e-24
-1.29233e-26
4.55032e-23
1.05296e-23
-1.80096e-24
3.09159e-23
1.16165e-23
-2.25169e-23
6.86048e-24
7.63292e-24
-1.4758e-23
-1.98977e-23
-4.95481e-23
1.40142e-23
2.91086e-23
1.08827e-23
2.26345e-23
-2.19363e-23
4.21698e-23
-9.89328e-24
1.76356e-23
-6.18256e-24
-1.21152e-23
-4.02754e-23
-3.43279e-24
9.23292e-25
5.11999e-24
-6.96014e-25
1.61687e-25
-1.51533e-24
-2.3676e-24
-1.9954e-24
-7.04162e-25
3.18867e-26
8.17099e-25
1.43151e-24
-2.38496e-25
-2.00118e-24
7.70449e-25
2.22695e-24
-2.6253e-25
2.09947e-25
-4.1302e-24
-1.61216e-24
-3.00834e-24
1.9099e-24
2.53241e-24
3.04422e-24
-4.68073e-24
1.59113e-24
7.03598e-24
2.91072e-24
1.43671e-24
4.77296e-25
-4.11451e-24
2.24949e-24
-1.21615e-24
7.55357e-25
5.54225e-25
6.24753e-24
-2.14437e-24
-6.49363e-25
-2.93496e-24
2.95256e-26
6.21307e-24
1.61779e-24
-7.34978e-24
2.46731e-24
-1.01186e-24
2.2913e-24
6.5245e-25
1.63761e-23
2.7952e-24
-2.00973e-24
-1.61662e-26
-1.1605e-23
-9.99162e-24
5.42912e-24
-2.81988e-23
-2.71775e-23
-7.62168e-23
5.9492e-23
4.24002e-24
2.23532e-23
1.2033e-23
-3.25524e-23
-3.18538e-23
1.40017e-23
1.11201e-23
4.11048e-24
9.49299e-24
-4.10651e-23
-1.53422e-23
8.56595e-24
1.4207e-23
1.99514e-24
-4.81065e-24
3.32121e-23
-1.62637e-23
3.41726e-24
2.21837e-23
4.98329e-23
1.93987e-23
4.20039e-25
-3.43473e-24
2.4672e-25
1.09865e-24
5.64372e-24
8.66464e-25
2.14912e-24
3.91866e-25
-1.89445e-24
-5.61646e-25
6.01257e-25
-1.45927e-24
-1.08889e-24
-5.35668e-25
4.06416e-24
-2.33822e-24
7.63434e-25
-9.89904e-24
2.80612e-24
-1.82492e-24
2.82729e-24
4.56485e-25
5.74098e-24
7.37769e-25
-1.74801e-23
1.40602e-23
-9.58467e-24
-3.05797e-23
-9.47637e-24
2.72187e-23
1.96275e-23
-3.63443e-23
2.87532e-23
-1.17842e-24
-1.20302e-24
4.65047e-24
8.50464e-25
4.28214e-25
6.24855e-25
6.95719e-25
-8.04176e-24
-2.37376e-24
-8.17399e-24
-3.64852e-23
-1.42717e-23
3.18468e-23
-5.25181e-23
-2.45137e-23
-1.06274e-23
3.61854e-24
5.51596e-24
2.87429e-24
-1.90137e-24
-2.57844e-24
8.32707e-25
-3.58981e-24
-2.3189e-24
-7.1748e-25
4.10429e-25
-6.88202e-25
4.09553e-24
-2.9709e-24
6.53886e-24
6.25602e-25
-1.31745e-24
3.29043e-24
-8.86252e-25
7.10359e-25
1.11855e-24
2.76529e-24
1.43317e-24
1.33687e-25
-2.21127e-24
8.74972e-25
-1.41229e-26
-4.9435e-27
-3.29331e-25
1.04924e-24
5.1318e-24
5.11449e-25
3.67447e-25
-4.15472e-24
7.36735e-24
-6.31973e-24
1.20555e-24
1.51162e-24
-1.5356e-24
3.24933e-24
-2.27944e-24
-4.11991e-24
1.62419e-24
8.45609e-24
-4.78324e-23
-7.0818e-23
-4.24212e-24
-5.30705e-24
-4.6613e-23
-5.71317e-23
-2.14369e-23
-7.86751e-24
-2.7416e-25
1.08671e-23
-1.44925e-23
4.99074e-23
2.6341e-23
3.70738e-23
3.29241e-23
1.06399e-24
-8.94042e-25
2.94765e-23
1.52817e-23
2.41804e-23
5.02921e-27
3.36635e-23
-1.08133e-23
6.58425e-24
-1.01969e-24
-7.4982e-23
7.4515e-24
-1.39004e-23
-1.28008e-23
7.81959e-24
1.80893e-23
-3.36573e-23
-3.75361e-24
8.54251e-24
7.78925e-24
-1.46708e-24
3.71593e-25
1.08833e-23
-4.65132e-24
6.92356e-24
-2.8622e-25
3.32755e-24
1.06453e-24
-1.46639e-25
-1.11952e-24
1.13841e-23
-3.2067e-25
-3.40753e-24
-8.91716e-24
-2.21636e-24
-4.70268e-24
-3.26481e-24
-1.12194e-23
1.7976e-24
2.29888e-24
-7.54271e-24
-2.63175e-24
-1.83252e-25
-1.09592e-23
5.78377e-25
-3.00515e-24
4.59706e-24
1.20203e-24
4.03019e-24
1.85318e-24
4.43351e-24
-2.97004e-25
7.08471e-24
-1.04848e-24
1.39966e-24
-1.59076e-24
3.47195e-25
-1.4548e-24
1.18289e-25
-2.2179e-24
-3.15347e-25
3.06012e-24
9.87851e-25
-2.03149e-25
1.99031e-24
9.39489e-24
-7.82556e-24
-1.74513e-24
2.73394e-24
-9.01345e-25
1.54614e-23
-1.25972e-24
1.34406e-23
3.68639e-24
-4.14572e-24
6.77836e-23
2.46126e-23
8.86107e-25
1.59202e-23
-6.82448e-23
1.91783e-23
-9.54777e-24
-1.00701e-23
7.46238e-24
1.03757e-23
1.65726e-24
-4.92892e-23
7.69147e-23
-2.99433e-23
6.02901e-24
7.54596e-24
1.19028e-23
3.08953e-23
-1.12944e-22
2.39806e-24
4.53533e-24
3.81506e-24
-1.35358e-24
-2.42749e-24
-2.34032e-23
-8.50382e-25
-1.05374e-24
4.27785e-24
8.13458e-24
-6.54332e-24
-1.53723e-24
-6.25088e-24
6.96992e-24
-4.43001e-24
2.37433e-23
-2.41617e-24
2.87062e-24
4.94904e-26
7.23032e-24
1.34565e-25
1.74575e-24
3.37555e-24
1.32865e-23
-6.15248e-24
5.08742e-24
-3.65958e-24
-2.147e-25
-2.15778e-23
-5.3069e-24
-1.7878e-23
-7.17988e-24
-1.16207e-23
2.24888e-23
-3.97993e-23
6.0615e-23
1.45609e-23
-3.54623e-23
8.01349e-24
-1.25332e-23
-3.42686e-23
-1.1615e-23
1.05757e-24
7.28144e-24
1.80741e-23
1.19944e-23
8.54006e-24
-1.16369e-24
-1.06403e-24
1.89307e-23
-3.13251e-23
6.76445e-24
4.79562e-24
-9.62437e-24
7.10027e-24
3.211e-24
1.74658e-23
-6.94172e-23
-1.48498e-23
-6.71617e-24
2.94611e-23
-1.48331e-23
-2.36187e-23
2.21565e-23
2.08113e-23
2.44822e-23
1.44416e-23
5.75148e-24
-1.66768e-23
-1.71609e-23
3.80768e-25
1.52275e-24
3.69317e-24
-7.90813e-24
6.47734e-24
3.3052e-24
-6.66078e-24
-4.99904e-24
1.97842e-24
-4.05749e-25
-1.28375e-23
-5.22351e-23
-9.93995e-24
-3.31199e-24
-2.82123e-25
6.25798e-25
-8.22118e-24
8.18828e-25
-9.578e-24
2.0089e-23
1.63143e-24
3.60961e-24
-5.04971e-24
-8.54698e-25
-5.79675e-24
-1.0292e-24
-3.26326e-24
1.21568e-23
1.34042e-24
3.82824e-24
1.79099e-24
-4.554e-24
6.62508e-24
8.0909e-24
8.7307e-24
4.28601e-26
2.798e-24
6.24379e-24
-1.41667e-23
-1.39444e-23
4.98755e-24
2.37223e-23
-5.46712e-26
7.33933e-24
9.15568e-25
1.75164e-24
2.36371e-24
2.56242e-23
-6.52096e-24
5.35134e-24
1.09994e-23
-2.32549e-23
-3.07349e-23
5.38022e-24
3.08435e-24
3.27162e-25
-1.09563e-24
-3.24305e-24
-6.09616e-24
3.87008e-24
1.33365e-24
1.14766e-23
4.5457e-24
3.22875e-23
-4.33804e-24
1.11798e-24
8.94661e-25
1.47623e-23
-4.49586e-24
-2.07173e-24
1.61603e-23
-5.90061e-24
1.55816e-25
-1.36336e-23
1.89877e-24
1.00333e-24
-2.96427e-24
-1.77229e-23
2.44845e-23
-9.45405e-25
-3.65812e-24
2.40079e-24
-1.07397e-24
-3.77353e-24
1.03078e-25
-1.02714e-23
2.45231e-24
1.43264e-24
3.43933e-24
-7.361e-24
5.40559e-25
8.84229e-24
-7.26947e-24
-1.438e-24
5.10867e-24
-3.5336e-24
-7.18602e-24
3.49355e-24
-1.1519e-23
-1.63995e-23
3.79049e-23
2.72457e-23
7.30438e-24
3.48485e-24
-1.91998e-23
-1.23018e-23
-6.92333e-24
-2.68659e-23
1.32314e-23
-9.09047e-24
-2.21186e-23
1.213e-23
-3.47648e-23
1.56688e-23
-3.9139e-23
-2.82507e-23
2.77055e-24
4.4132e-24
-9.46778e-24
-1.84202e-24
-1.62666e-24
-1.81175e-23
6.05989e-25
7.38529e-24
4.60155e-23
9.7288e-25
-2.71476e-23
1.26236e-23
-4.00274e-23
6.94257e-24
1.48524e-24
-1.81125e-24
8.59546e-24
-8.19196e-24
2.00568e-24
1.43085e-25
1.75589e-23
6.6147e-24
-1.40091e-25
-3.52512e-24
-3.364e-23
2.5376e-23
4.42159e-24
1.31724e-23
-1.14471e-24
1.1442e-24
4.02399e-25
4.09601e-24
7.99509e-24
-6.81607e-25
-5.38558e-24
-5.05504e-26
8.66461e-24
-4.99488e-24
8.36156e-24
-6.39578e-24
8.99113e-24
-2.95397e-24
3.07192e-24
-4.27122e-24
-4.67777e-24
2.96831e-24
5.42129e-24
-5.75116e-24
5.77208e-24
1.06454e-23
5.82025e-24
1.32183e-23
-4.77842e-24
8.15944e-24
1.11715e-23
2.07247e-24
5.83578e-24
-2.2657e-24
-4.05038e-24
-1.73264e-23
-6.68013e-24
6.26101e-24
2.10831e-23
1.81663e-25
-1.11316e-23
-6.67677e-24
-3.36819e-24
-2.32506e-24
-1.74237e-23
2.38463e-24
8.31417e-24
-4.48975e-24
8.62991e-24
-6.61714e-24
6.47643e-24
1.86707e-24
-1.53181e-24
1.88035e-23
-7.77693e-24
-1.33998e-23
-4.65998e-24
1.27281e-23
1.4321e-23
9.53268e-25
-2.85935e-24
-1.2458e-23
2.47272e-23
-1.57998e-23
-4.27557e-23
-7.73941e-24
1.20095e-23
-1.09606e-24
-6.11127e-24
-7.52239e-24
6.96528e-24
-3.10076e-23
2.8507e-23
-1.57483e-23
-3.19578e-24
2.61772e-24
5.31913e-24
1.13668e-23
-3.03274e-23
-3.48817e-23
-3.71453e-23
1.82931e-23
-2.08714e-23
-3.44342e-23
-1.52588e-23
1.15521e-23
-1.79653e-23
1.0952e-23
2.14412e-23
1.28716e-23
1.32757e-23
4.34216e-23
-2.48051e-23
1.48771e-23
1.71157e-23
-3.77455e-24
2.75033e-23
3.38166e-24
-7.98028e-25
-3.12661e-23
1.02702e-23
-1.23877e-23
5.09492e-24
-1.33905e-23
-2.27019e-24
-6.09859e-24
-1.24694e-24
5.23619e-24
-1.31728e-23
-1.35451e-23
-7.64811e-26
-4.39239e-23
-5.67611e-24
1.94985e-23
-1.15004e-23
3.20556e-24
9.1593e-23
-4.34195e-23
-1.07422e-24
6.52483e-24
-1.626e-24
2.45786e-24
3.60523e-25
-1.73054e-23
1.02421e-23
-6.15223e-24
3.95648e-24
4.61204e-23
1.33182e-23
-3.74343e-23
4.72785e-24
1.03383e-23
1.03685e-23
3.43627e-24
4.28336e-24
1.03244e-24
-4.43839e-24
2.48976e-24
-1.51526e-25
-7.76039e-24
-2.62765e-23
-4.90951e-23
7.49397e-24
8.00327e-24
5.62941e-24
-3.48698e-24
1.14619e-24
-2.47006e-24
-1.54318e-23
-2.25089e-24
-3.60117e-24
2.67982e-24
9.77209e-24
-1.79123e-23
2.67341e-23
2.12849e-23
-5.00602e-24
-1.67157e-23
6.81703e-24
9.08209e-24
-8.50506e-24
3.90491e-23
-7.15916e-24
1.9579e-24
1.84948e-23
1.47919e-23
4.10145e-24
1.08905e-24
2.35062e-24
1.42842e-24
-8.20799e-24
-6.10022e-24
4.77631e-24
4.04095e-24
-1.28589e-23
8.86147e-24
-2.13559e-24
5.06835e-25
-1.3701e-23
8.2399e-24
-2.94328e-23
6.30155e-24
-4.97287e-24
-1.46182e-23
7.17064e-24
-3.96762e-24
-2.74884e-23
-1.47361e-23
-4.52206e-24
6.68757e-24
-1.42919e-23
4.61224e-24
7.91154e-24
1.25109e-23
-5.83616e-24
-1.13683e-23
9.33913e-24
7.93879e-24
-1.64378e-23
-1.6578e-23
-1.06413e-23
-4.20836e-25
-4.75855e-24
2.04502e-23
-9.14869e-24
1.49357e-24
-3.13008e-24
-4.24644e-24
9.52728e-24
1.16924e-23
7.6746e-24
5.43343e-24
-1.01812e-23
-7.12193e-24
4.46155e-24
-4.83312e-24
7.60507e-24
-1.9763e-23
-8.61351e-25
3.91953e-25
-2.68862e-23
3.25209e-23
1.13653e-24
8.60168e-24
7.79338e-24
-1.79502e-23
-4.5641e-24
1.08375e-23
-4.43699e-24
1.15975e-23
3.13588e-24
-1.88009e-23
-6.89207e-24
-4.42525e-24
-1.27308e-23
-2.0354e-25
-8.41463e-24
3.67554e-24
4.50106e-24
-6.02247e-24
1.8397e-23
-3.59097e-23
-2.24137e-23
-4.3947e-24
-1.29715e-23
-8.8679e-24
-1.09522e-23
2.49907e-24
-1.98658e-23
-1.05466e-23
-3.94327e-23
8.28649e-24
3.49794e-24
-4.65883e-24
1.2953e-23
-1.20527e-23
-8.12101e-25
-8.7513e-24
1.48497e-23
-1.09481e-23
1.00401e-23
-1.70991e-24
-8.39814e-25
-9.71261e-25
-6.73548e-24
-1.42956e-23
-2.96129e-23
3.46584e-23
1.37822e-23
-4.11739e-24
3.19169e-24
-9.07469e-24
6.2375e-24
1.23151e-23
5.36768e-24
-1.78043e-23
5.06939e-24
1.85731e-24
-8.87321e-24
2.40874e-23
1.46751e-23
-1.27625e-23
6.7569e-24
-1.06254e-23
1.63308e-23
2.54846e-23
1.35946e-23
-1.36655e-23
-8.60699e-24
8.16987e-24
1.37664e-23
1.72882e-23
-1.16869e-23
-7.33712e-24
1.55554e-23
3.0689e-23
-5.15382e-24
-4.39394e-23
-6.96388e-24
8.05748e-24
-9.65323e-24
1.69903e-23
1.80961e-23
-1.04049e-23
5.04723e-24
-9.91105e-24
-1.51889e-23
2.15429e-24
-1.35039e-23
-1.4965e-24
-2.95989e-23
1.66984e-23
-5.99975e-24
7.46863e-24
-6.98436e-24
-1.97134e-23
-5.18636e-24
-1.74882e-23
8.48476e-24
1.33618e-23
-1.81014e-23
-2.69238e-23
-3.34524e-24
-5.02588e-24
6.05056e-24
6.60124e-24
-2.47822e-23
-3.64969e-24
-8.8702e-24
8.76448e-24
1.01529e-23
-2.0021e-23
)
;
    }
    Wall
    {
        type            calculated;
        value           uniform 0;
    }
    procBoundary2to3
    {
        type            processor;
        value           nonuniform List<scalar> 
34
(
7.4262e-09
-1.11176e-08
-1.57602e-07
-2.08194e-08
-8.77615e-09
-3.81747e-09
-6.1473e-09
-1.05094e-07
-1.47063e-08
-2.28084e-09
4.77927e-10
1.65515e-09
-4.09205e-09
-1.58907e-08
-1.23977e-08
4.66389e-09
-2.96536e-10
-1.30236e-08
5.07338e-09
-4.46066e-09
1.74037e-08
9.23014e-10
1.25441e-09
2.33116e-08
-1.25177e-08
-4.91065e-09
-4.96556e-07
-9.75611e-09
-1.74705e-08
1.46663e-08
-2.7575e-10
6.45028e-10
2.11203e-08
1.86062e-09
)
;
    }
}


// ************************************************************************* //
