/*--------------------------------*- C++ -*----------------------------------*\
| =========                 |                                                 |
| \\      /  F ield         | OpenFOAM: The Open Source CFD Toolbox           |
|  \\    /   O peration     | Version:  v2012                                 |
|   \\  /    A nd           | Website:  www.openfoam.com                      |
|    \\/     M anipulation  |                                                 |
\*---------------------------------------------------------------------------*/
FoamFile
{
    version     2.0;
    format      ascii;
    class       volScalarField;
    location    "1";
    object      p;
}
// * * * * * * * * * * * * * * * * * * * * * * * * * * * * * * * * * * * * * //

dimensions      [1 -1 -2 0 0 0 0];


internalField   nonuniform List<scalar> 
2619
(
3.1e+06
3.10001e+06
3.1e+06
3.10001e+06
3.1e+06
3.1e+06
3.1e+06
3.1e+06
3.1e+06
3.1e+06
3.1e+06
3.1e+06
3.1e+06
3.1e+06
3.1e+06
3.1e+06
3.10001e+06
3.1e+06
3.10001e+06
3.1e+06
3.1e+06
3.1e+06
3.1e+06
3.1e+06
3.1e+06
3.1e+06
3.1e+06
3.1e+06
3.1e+06
3.1e+06
3.1e+06
3.1e+06
3.1e+06
3.1e+06
3.10001e+06
3.1e+06
3.10001e+06
3.1e+06
3.1e+06
3.1e+06
3.1e+06
3.1e+06
3.1e+06
3.1e+06
3.1e+06
3.1e+06
3.1e+06
3.1e+06
3.1e+06
3.1e+06
3.1e+06
3.1e+06
3.1e+06
3.10001e+06
3.1e+06
3.10001e+06
3.1e+06
3.1e+06
3.1e+06
3.1e+06
3.1e+06
3.1e+06
3.1e+06
3.1e+06
3.1e+06
3.1e+06
3.1e+06
3.1e+06
3.1e+06
3.1e+06
3.1e+06
3.1e+06
3.10002e+06
3.1e+06
3.10001e+06
3.10001e+06
3.1e+06
3.1e+06
3.1e+06
3.1e+06
3.1e+06
3.1e+06
3.1e+06
3.1e+06
3.1e+06
3.1e+06
3.1e+06
3.1e+06
3.1e+06
3.1e+06
3.1e+06
3.10002e+06
3.1e+06
3.10001e+06
3.10001e+06
3.10001e+06
3.10001e+06
3.1e+06
3.1e+06
3.1e+06
3.1e+06
3.1e+06
3.1e+06
3.1e+06
3.1e+06
3.1e+06
3.1e+06
3.1e+06
3.1e+06
3.1e+06
3.10002e+06
3.10001e+06
3.10001e+06
3.10001e+06
3.10001e+06
3.10001e+06
3.1e+06
3.1e+06
3.1e+06
3.1e+06
3.1e+06
3.1e+06
3.1e+06
3.1e+06
3.1e+06
3.1e+06
3.1e+06
3.1e+06
3.1e+06
3.10002e+06
3.10001e+06
3.10001e+06
3.10001e+06
3.10001e+06
3.10001e+06
3.10001e+06
3.10001e+06
3.1e+06
3.1e+06
3.1e+06
3.1e+06
3.1e+06
3.1e+06
3.1e+06
3.1e+06
3.1e+06
3.1e+06
3.1e+06
3.10002e+06
3.1e+06
3.10001e+06
3.10001e+06
3.10001e+06
3.10001e+06
3.10001e+06
3.10001e+06
3.1e+06
3.1e+06
3.1e+06
3.1e+06
3.1e+06
3.1e+06
3.1e+06
3.1e+06
3.1e+06
3.1e+06
3.1e+06
3.10002e+06
3.1e+06
3.10001e+06
3.10001e+06
3.10001e+06
3.10001e+06
3.10001e+06
3.10001e+06
3.10001e+06
3.1e+06
3.1e+06
3.1e+06
3.1e+06
3.1e+06
3.1e+06
3.1e+06
3.1e+06
3.1e+06
3.1e+06
3.10002e+06
3.1e+06
3.10001e+06
3.10001e+06
3.10002e+06
3.10001e+06
3.10001e+06
3.10001e+06
3.10001e+06
3.10001e+06
3.1e+06
3.1e+06
3.1e+06
3.1e+06
3.1e+06
3.1e+06
3.1e+06
3.1e+06
3.1e+06
3.10002e+06
3.10001e+06
3.10002e+06
3.10001e+06
3.10002e+06
3.10001e+06
3.10001e+06
3.10001e+06
3.10001e+06
3.10001e+06
3.10001e+06
3.10001e+06
3.10001e+06
3.1e+06
3.1e+06
3.1e+06
3.1e+06
3.1e+06
3.1e+06
3.1e+06
3.1e+06
3.1e+06
3.1e+06
3.10002e+06
3.10001e+06
3.10002e+06
3.10001e+06
3.10002e+06
3.10001e+06
3.10002e+06
3.10001e+06
3.10001e+06
3.10001e+06
3.10001e+06
3.10001e+06
3.10001e+06
3.10001e+06
3.1e+06
3.1e+06
3.1e+06
3.1e+06
3.1e+06
3.1e+06
3.1e+06
3.1e+06
3.1e+06
3.10003e+06
3.10001e+06
3.10002e+06
3.10001e+06
3.10002e+06
3.10001e+06
3.10002e+06
3.10001e+06
3.10001e+06
3.10001e+06
3.10001e+06
3.10001e+06
3.10001e+06
3.10001e+06
3.10001e+06
3.1e+06
3.1e+06
3.1e+06
3.1e+06
3.1e+06
3.1e+06
3.1e+06
3.1e+06
3.10003e+06
3.10001e+06
3.10002e+06
3.10001e+06
3.10002e+06
3.10001e+06
3.10002e+06
3.10002e+06
3.10001e+06
3.10001e+06
3.10001e+06
3.10001e+06
3.10001e+06
3.10001e+06
3.10001e+06
3.10001e+06
3.1e+06
3.1e+06
3.1e+06
3.1e+06
3.1e+06
3.1e+06
3.1e+06
3.10004e+06
3.10001e+06
3.10002e+06
3.10001e+06
3.10002e+06
3.10001e+06
3.10002e+06
3.10001e+06
3.10001e+06
3.10001e+06
3.10001e+06
3.10001e+06
3.10001e+06
3.10001e+06
3.10001e+06
3.10001e+06
3.10001e+06
3.1e+06
3.1e+06
3.1e+06
3.1e+06
3.1e+06
3.1e+06
3.10004e+06
3.10001e+06
3.10002e+06
3.10001e+06
3.10002e+06
3.10002e+06
3.10002e+06
3.10002e+06
3.10002e+06
3.10001e+06
3.10001e+06
3.10001e+06
3.10001e+06
3.10001e+06
3.10001e+06
3.10001e+06
3.10001e+06
3.10001e+06
3.1e+06
3.1e+06
3.1e+06
3.1e+06
3.1e+06
3.10004e+06
3.10001e+06
3.10003e+06
3.10001e+06
3.10002e+06
3.10002e+06
3.10002e+06
3.10002e+06
3.10002e+06
3.10002e+06
3.10002e+06
3.10001e+06
3.10001e+06
3.10001e+06
3.10001e+06
3.10001e+06
3.10001e+06
3.10001e+06
3.1e+06
3.1e+06
3.1e+06
3.1e+06
3.1e+06
3.10005e+06
3.10001e+06
3.10003e+06
3.10002e+06
3.10003e+06
3.10002e+06
3.10002e+06
3.10002e+06
3.10002e+06
3.10002e+06
3.10002e+06
3.10002e+06
3.10001e+06
3.10001e+06
3.10001e+06
3.10001e+06
3.10001e+06
3.10001e+06
3.10001e+06
3.1e+06
3.1e+06
3.1e+06
3.1e+06
3.10005e+06
3.10001e+06
3.10003e+06
3.10002e+06
3.10003e+06
3.10002e+06
3.10003e+06
3.10002e+06
3.10002e+06
3.10002e+06
3.10002e+06
3.10002e+06
3.10002e+06
3.10001e+06
3.10001e+06
3.10001e+06
3.10001e+06
3.10001e+06
3.10001e+06
3.1e+06
3.1e+06
3.1e+06
3.1e+06
3.10006e+06
3.10002e+06
3.10004e+06
3.10002e+06
3.10003e+06
3.10003e+06
3.10003e+06
3.10003e+06
3.10003e+06
3.10002e+06
3.10002e+06
3.10002e+06
3.10002e+06
3.10002e+06
3.10001e+06
3.10001e+06
3.10001e+06
3.10001e+06
3.10001e+06
3.10001e+06
3.1e+06
3.1e+06
3.1e+06
3.10006e+06
3.10002e+06
3.10004e+06
3.10002e+06
3.10003e+06
3.10003e+06
3.10003e+06
3.10003e+06
3.10003e+06
3.10003e+06
3.10002e+06
3.10002e+06
3.10002e+06
3.10002e+06
3.10002e+06
3.10001e+06
3.10001e+06
3.10001e+06
3.10001e+06
3.10001e+06
3.1e+06
3.1e+06
3.1e+06
3.10007e+06
3.10003e+06
3.10005e+06
3.10003e+06
3.10004e+06
3.10003e+06
3.10004e+06
3.10003e+06
3.10003e+06
3.10003e+06
3.10003e+06
3.10003e+06
3.10002e+06
3.10002e+06
3.10002e+06
3.10002e+06
3.10001e+06
3.10001e+06
3.10001e+06
3.10001e+06
3.10001e+06
3.1e+06
3.1e+06
3.10008e+06
3.10003e+06
3.10005e+06
3.10003e+06
3.10004e+06
3.10003e+06
3.10004e+06
3.10003e+06
3.10004e+06
3.10003e+06
3.10003e+06
3.10003e+06
3.10003e+06
3.10002e+06
3.10002e+06
3.10002e+06
3.10002e+06
3.10001e+06
3.10001e+06
3.10001e+06
3.10001e+06
3.1e+06
3.1e+06
3.10009e+06
3.10003e+06
3.10006e+06
3.10004e+06
3.10006e+06
3.10004e+06
3.10005e+06
3.10004e+06
3.10004e+06
3.10004e+06
3.10004e+06
3.10003e+06
3.10003e+06
3.10003e+06
3.10002e+06
3.10002e+06
3.10002e+06
3.10001e+06
3.10001e+06
3.10001e+06
3.10001e+06
3.1e+06
3.1e+06
3.10009e+06
3.10003e+06
3.10007e+06
3.10004e+06
3.10006e+06
3.10004e+06
3.10005e+06
3.10004e+06
3.10004e+06
3.10004e+06
3.10004e+06
3.10003e+06
3.10003e+06
3.10003e+06
3.10003e+06
3.10002e+06
3.10002e+06
3.10002e+06
3.10001e+06
3.10001e+06
3.10001e+06
3.1e+06
3.1e+06
3.10011e+06
3.10005e+06
3.10008e+06
3.10006e+06
3.10007e+06
3.10006e+06
3.10006e+06
3.10005e+06
3.10006e+06
3.10005e+06
3.10005e+06
3.10004e+06
3.10004e+06
3.10003e+06
3.10003e+06
3.10003e+06
3.10002e+06
3.10002e+06
3.10001e+06
3.10001e+06
3.10001e+06
3.1e+06
3.1e+06
3.10011e+06
3.10004e+06
3.10008e+06
3.10005e+06
3.10007e+06
3.10005e+06
3.10006e+06
3.10005e+06
3.10005e+06
3.10005e+06
3.10005e+06
3.10004e+06
3.10004e+06
3.10004e+06
3.10003e+06
3.10003e+06
3.10002e+06
3.10002e+06
3.10002e+06
3.10001e+06
3.10001e+06
3.1e+06
3.1e+06
3.10015e+06
3.10006e+06
3.10011e+06
3.10008e+06
3.1001e+06
3.10008e+06
3.10008e+06
3.10007e+06
3.10007e+06
3.10006e+06
3.10006e+06
3.10005e+06
3.10005e+06
3.10004e+06
3.10004e+06
3.10003e+06
3.10003e+06
3.10002e+06
3.10002e+06
3.10001e+06
3.10001e+06
3.1e+06
3.1e+06
3.10015e+06
3.10005e+06
3.1001e+06
3.10006e+06
3.10008e+06
3.10006e+06
3.10007e+06
3.10006e+06
3.10007e+06
3.10006e+06
3.10006e+06
3.10005e+06
3.10005e+06
3.10004e+06
3.10004e+06
3.10003e+06
3.10003e+06
3.10002e+06
3.10002e+06
3.10001e+06
3.10001e+06
3.1e+06
3.1e+06
3.1002e+06
3.10009e+06
3.10015e+06
3.10011e+06
3.10013e+06
3.1001e+06
3.10011e+06
3.10009e+06
3.1001e+06
3.10008e+06
3.10008e+06
3.10007e+06
3.10006e+06
3.10005e+06
3.10005e+06
3.10004e+06
3.10003e+06
3.10003e+06
3.10002e+06
3.10001e+06
3.10001e+06
3.1e+06
3.1e+06
3.10019e+06
3.10006e+06
3.10013e+06
3.10008e+06
3.1001e+06
3.10008e+06
3.10009e+06
3.10007e+06
3.10008e+06
3.10007e+06
3.10007e+06
3.10006e+06
3.10006e+06
3.10005e+06
3.10005e+06
3.10004e+06
3.10003e+06
3.10003e+06
3.10002e+06
3.10001e+06
3.10001e+06
3.1e+06
3.1e+06
3.10029e+06
3.10014e+06
3.10022e+06
3.10015e+06
3.10018e+06
3.10014e+06
3.10015e+06
3.10013e+06
3.10013e+06
3.10011e+06
3.1001e+06
3.10009e+06
3.10008e+06
3.10007e+06
3.10006e+06
3.10005e+06
3.10004e+06
3.10003e+06
3.10002e+06
3.10002e+06
3.10001e+06
3.1e+06
3.1e+06
3.10024e+06
3.10007e+06
3.10016e+06
3.10009e+06
3.10012e+06
3.10009e+06
3.10011e+06
3.10009e+06
3.1001e+06
3.10009e+06
3.10009e+06
3.10008e+06
3.10007e+06
3.10006e+06
3.10005e+06
3.10005e+06
3.10004e+06
3.10003e+06
3.10002e+06
3.10002e+06
3.10001e+06
3.1e+06
3.1e+06
3.10041e+06
3.10021e+06
3.10031e+06
3.10022e+06
3.10026e+06
3.10021e+06
3.10021e+06
3.10018e+06
3.10018e+06
3.10015e+06
3.10014e+06
3.10012e+06
3.1001e+06
3.10008e+06
3.10007e+06
3.10006e+06
3.10004e+06
3.10003e+06
3.10002e+06
3.10002e+06
3.10001e+06
3.1e+06
3.1e+06
3.1003e+06
3.10007e+06
3.10019e+06
3.1001e+06
3.10015e+06
3.1001e+06
3.10012e+06
3.1001e+06
3.10011e+06
3.1001e+06
3.1001e+06
3.10009e+06
3.10008e+06
3.10007e+06
3.10006e+06
3.10005e+06
3.10004e+06
3.10003e+06
3.10002e+06
3.10001e+06
3.10001e+06
3.1e+06
3.09999e+06
3.1006e+06
3.10033e+06
3.10047e+06
3.10034e+06
3.10039e+06
3.10031e+06
3.10032e+06
3.10026e+06
3.10025e+06
3.10021e+06
3.10019e+06
3.10016e+06
3.10013e+06
3.10011e+06
3.10009e+06
3.10007e+06
3.10005e+06
3.10004e+06
3.10002e+06
3.10001e+06
3.1e+06
3.1e+06
3.09999e+06
3.10037e+06
3.10005e+06
3.10022e+06
3.10009e+06
3.10017e+06
3.1001e+06
3.10014e+06
3.1001e+06
3.10012e+06
3.10011e+06
3.10011e+06
3.10009e+06
3.10009e+06
3.10007e+06
3.10006e+06
3.10005e+06
3.10004e+06
3.10003e+06
3.10002e+06
3.10001e+06
3.1e+06
3.09999e+06
3.09999e+06
3.10092e+06
3.10054e+06
3.10073e+06
3.10054e+06
3.1006e+06
3.10048e+06
3.10048e+06
3.10039e+06
3.10037e+06
3.1003e+06
3.10027e+06
3.10021e+06
3.10018e+06
3.10013e+06
3.1001e+06
3.10008e+06
3.10005e+06
3.10003e+06
3.10002e+06
3.10001e+06
3.1e+06
3.09999e+06
3.09998e+06
3.10045e+06
3.1e+06
3.10025e+06
3.10005e+06
3.10017e+06
3.10007e+06
3.10013e+06
3.10008e+06
3.10012e+06
3.10009e+06
3.10011e+06
3.10009e+06
3.10009e+06
3.10007e+06
3.10006e+06
3.10005e+06
3.10003e+06
3.10002e+06
3.10001e+06
3.1e+06
3.09999e+06
3.09998e+06
3.09998e+06
3.10147e+06
3.10089e+06
3.10118e+06
3.10089e+06
3.10097e+06
3.10077e+06
3.10076e+06
3.10061e+06
3.10057e+06
3.10044e+06
3.10038e+06
3.10029e+06
3.10023e+06
3.10017e+06
3.10013e+06
3.10008e+06
3.10005e+06
3.10003e+06
3.10001e+06
3.1e+06
3.09998e+06
3.09998e+06
3.09997e+06
3.10055e+06
3.09986e+06
3.10025e+06
3.09994e+06
3.10013e+06
3.09997e+06
3.10009e+06
3.1e+06
3.10008e+06
3.10004e+06
3.10007e+06
3.10005e+06
3.10006e+06
3.10004e+06
3.10004e+06
3.10002e+06
3.10001e+06
3.1e+06
3.09999e+06
3.09998e+06
3.09997e+06
3.09997e+06
3.09996e+06
3.10247e+06
3.10154e+06
3.102e+06
3.10149e+06
3.10163e+06
3.10125e+06
3.10125e+06
3.10095e+06
3.10089e+06
3.10066e+06
3.10056e+06
3.1004e+06
3.10031e+06
3.10021e+06
3.10015e+06
3.10008e+06
3.10005e+06
3.10001e+06
3.09999e+06
3.09998e+06
3.09996e+06
3.09996e+06
3.09995e+06
3.10068e+06
3.09954e+06
3.1002e+06
3.09967e+06
3.10002e+06
3.09972e+06
3.09997e+06
3.0998e+06
3.09997e+06
3.09989e+06
3.09999e+06
3.09995e+06
3.09999e+06
3.09997e+06
3.09999e+06
3.09997e+06
3.09997e+06
3.09996e+06
3.09996e+06
3.09995e+06
3.09995e+06
3.09994e+06
3.09994e+06
3.10436e+06
3.10277e+06
3.10355e+06
3.10259e+06
3.10285e+06
3.10209e+06
3.10212e+06
3.1015e+06
3.10141e+06
3.10096e+06
3.10083e+06
3.10053e+06
3.10041e+06
3.10024e+06
3.10016e+06
3.10007e+06
3.10002e+06
3.09998e+06
3.09996e+06
3.09994e+06
3.09994e+06
3.09993e+06
3.09993e+06
3.10089e+06
3.09887e+06
3.10008e+06
3.09904e+06
3.09978e+06
3.09914e+06
3.0997e+06
3.09932e+06
3.09973e+06
3.09954e+06
3.09979e+06
3.09972e+06
3.09985e+06
3.09983e+06
3.09989e+06
3.09988e+06
3.0999e+06
3.0999e+06
3.09991e+06
3.09991e+06
3.09991e+06
3.09991e+06
3.09992e+06
3.1082e+06
3.10522e+06
3.10669e+06
3.10469e+06
3.10525e+06
3.10354e+06
3.10369e+06
3.10234e+06
3.10228e+06
3.10135e+06
3.10121e+06
3.10066e+06
3.10052e+06
3.10023e+06
3.10014e+06
3.10002e+06
3.09997e+06
3.09993e+06
3.09991e+06
3.0999e+06
3.0999e+06
3.0999e+06
3.09991e+06
3.10139e+06
3.09753e+06
3.09992e+06
3.09768e+06
3.09935e+06
3.09776e+06
3.09918e+06
3.0982e+06
3.09925e+06
3.09878e+06
3.09941e+06
3.09925e+06
3.09958e+06
3.09956e+06
3.09971e+06
3.09972e+06
3.09979e+06
3.09981e+06
3.09984e+06
3.09985e+06
3.09987e+06
3.09988e+06
3.09989e+06
3.11655e+06
3.11058e+06
3.11356e+06
3.10894e+06
3.11027e+06
3.10588e+06
3.10659e+06
3.10334e+06
3.10361e+06
3.10165e+06
3.10165e+06
3.10065e+06
3.10057e+06
3.10013e+06
3.10007e+06
3.09991e+06
3.09989e+06
3.09984e+06
3.09984e+06
3.09984e+06
3.09986e+06
3.09987e+06
3.09988e+06
3.103e+06
3.09519e+06
3.10017e+06
3.09476e+06
3.09876e+06
3.09421e+06
3.09827e+06
3.09557e+06
3.09841e+06
3.09722e+06
3.09878e+06
3.09842e+06
3.09917e+06
3.09914e+06
3.09946e+06
3.09951e+06
3.09965e+06
3.09969e+06
3.09975e+06
3.09979e+06
3.09982e+06
3.09984e+06
3.09986e+06
3.13614e+06
3.12399e+06
3.13008e+06
3.11861e+06
3.12193e+06
3.1087e+06
3.1116e+06
3.1035e+06
3.10518e+06
3.10118e+06
3.10188e+06
3.10019e+06
3.10042e+06
3.09982e+06
3.09989e+06
3.09972e+06
3.09976e+06
3.09973e+06
3.09977e+06
3.09978e+06
3.09981e+06
3.09983e+06
3.09985e+06
3.10895e+06
3.09368e+06
3.10335e+06
3.0892e+06
3.09848e+06
3.08301e+06
3.09677e+06
3.08941e+06
3.09721e+06
3.09445e+06
3.09799e+06
3.09726e+06
3.09871e+06
3.09864e+06
3.0992e+06
3.09928e+06
3.09951e+06
3.09958e+06
3.09968e+06
3.09973e+06
3.09978e+06
3.09981e+06
3.09984e+06
3.18426e+06
3.16338e+06
3.174e+06
3.1472e+06
3.15482e+06
3.10414e+06
3.11668e+06
3.09835e+06
3.10497e+06
3.09835e+06
3.101e+06
3.09886e+06
3.0998e+06
3.09923e+06
3.09956e+06
3.09946e+06
3.0996e+06
3.09962e+06
3.09969e+06
3.09973e+06
3.09978e+06
3.09981e+06
3.09984e+06
3.1345e+06
3.11168e+06
3.12373e+06
3.08696e+06
3.09907e+06
3.03328e+06
3.09415e+06
3.07849e+06
3.09676e+06
3.09174e+06
3.09777e+06
3.09659e+06
3.09858e+06
3.09845e+06
3.09913e+06
3.09921e+06
3.09946e+06
3.09954e+06
3.09965e+06
3.09971e+06
3.09976e+06
3.0998e+06
3.09983e+06
3.29309e+06
3.28186e+06
3.29167e+06
3.27884e+06
3.28542e+06
3.24763e+06
3.24388e+06
3.2473e+06
3.23843e+06
3.24091e+06
3.41393e+06
3.40483e+06
3.43975e+06
3.41431e+06
3.4667e+06
3.37637e+06
3.39967e+06
3.39923e+06
3.36387e+06
3.35764e+06
3.44328e+06
3.40473e+06
3.56007e+06
3.42747e+06
4.00067e+06
3.7904e+06
4.00155e+06
4.00155e+06
4.00109e+06
3.93971e+06
3.92504e+06
3.92509e+06
3.95508e+06
3.97107e+06
3.98612e+06
3.98086e+06
3.98428e+06
3.98722e+06
3.99355e+06
3.9943e+06
4.00189e+06
3.99349e+06
3.99505e+06
3.99951e+06
3.99952e+06
4.00199e+06
4.00032e+06
4.00046e+06
4.00077e+06
4.00135e+06
4.00202e+06
4.00279e+06
4.0021e+06
4.02205e+06
4.00204e+06
4.00203e+06
4.04067e+06
4.03002e+06
4.02583e+06
4.02649e+06
4.00212e+06
4.12889e+06
4.06135e+06
4.09527e+06
4.07878e+06
4.01177e+06
4.00231e+06
4.102e+06
4.00206e+06
4.00213e+06
4.06366e+06
4.19632e+06
4.00214e+06
4.00216e+06
4.00211e+06
4.00235e+06
4.56571e+06
4.00231e+06
4.00254e+06
4.00222e+06
4.00308e+06
4.01041e+06
4.00292e+06
4.00323e+06
4.00243e+06
4.62803e+06
4.00359e+06
4.00521e+06
4.00307e+06
4.00277e+06
6.28576e+06
6.24551e+06
6.3222e+06
6.23154e+06
5.6735e+06
6.05444e+06
6.06853e+06
6.05794e+06
6.06175e+06
5.96842e+06
6.04287e+06
6.04054e+06
6.04282e+06
6.04049e+06
6.04435e+06
6.04707e+06
6.04822e+06
6.04544e+06
6.04561e+06
6.03904e+06
6.04206e+06
6.04177e+06
6.04226e+06
6.0417e+06
6.04237e+06
3.10001e+06
3.1e+06
3.10001e+06
3.1e+06
3.10001e+06
3.1e+06
3.1e+06
3.1e+06
3.1e+06
3.1e+06
3.1e+06
3.1e+06
3.1e+06
3.1e+06
3.1e+06
3.1e+06
3.1e+06
3.10001e+06
3.1e+06
3.10001e+06
3.1e+06
3.1e+06
3.1e+06
3.1e+06
3.1e+06
3.1e+06
3.1e+06
3.1e+06
3.1e+06
3.1e+06
3.1e+06
3.1e+06
3.1e+06
3.1e+06
3.1e+06
3.10001e+06
3.1e+06
3.10001e+06
3.1e+06
3.1e+06
3.1e+06
3.1e+06
3.1e+06
3.1e+06
3.1e+06
3.1e+06
3.1e+06
3.1e+06
3.1e+06
3.1e+06
3.1e+06
3.1e+06
3.1e+06
3.1e+06
3.10001e+06
3.1e+06
3.10001e+06
3.1e+06
3.1e+06
3.1e+06
3.1e+06
3.1e+06
3.1e+06
3.1e+06
3.1e+06
3.1e+06
3.1e+06
3.1e+06
3.1e+06
3.1e+06
3.1e+06
3.1e+06
3.1e+06
3.10002e+06
3.1e+06
3.10001e+06
3.10001e+06
3.1e+06
3.1e+06
3.1e+06
3.1e+06
3.1e+06
3.1e+06
3.1e+06
3.1e+06
3.1e+06
3.1e+06
3.1e+06
3.1e+06
3.1e+06
3.1e+06
3.1e+06
3.10002e+06
3.1e+06
3.10001e+06
3.10001e+06
3.10001e+06
3.10001e+06
3.1e+06
3.1e+06
3.1e+06
3.1e+06
3.1e+06
3.1e+06
3.1e+06
3.1e+06
3.1e+06
3.1e+06
3.1e+06
3.1e+06
3.1e+06
3.10002e+06
3.10001e+06
3.10001e+06
3.10001e+06
3.10001e+06
3.10001e+06
3.1e+06
3.1e+06
3.1e+06
3.1e+06
3.1e+06
3.1e+06
3.1e+06
3.1e+06
3.1e+06
3.1e+06
3.1e+06
3.1e+06
3.1e+06
3.10002e+06
3.10001e+06
3.10001e+06
3.10001e+06
3.10001e+06
3.10001e+06
3.10001e+06
3.10001e+06
3.1e+06
3.1e+06
3.1e+06
3.1e+06
3.1e+06
3.1e+06
3.1e+06
3.1e+06
3.1e+06
3.1e+06
3.1e+06
3.10002e+06
3.1e+06
3.10001e+06
3.10001e+06
3.10001e+06
3.10001e+06
3.10001e+06
3.10001e+06
3.1e+06
3.1e+06
3.1e+06
3.1e+06
3.1e+06
3.1e+06
3.1e+06
3.1e+06
3.1e+06
3.1e+06
3.1e+06
3.10002e+06
3.1e+06
3.10001e+06
3.10001e+06
3.10001e+06
3.10001e+06
3.10001e+06
3.10001e+06
3.10001e+06
3.1e+06
3.1e+06
3.1e+06
3.1e+06
3.1e+06
3.1e+06
3.1e+06
3.1e+06
3.1e+06
3.1e+06
3.10002e+06
3.1e+06
3.10001e+06
3.10001e+06
3.10002e+06
3.10001e+06
3.10001e+06
3.10001e+06
3.10001e+06
3.10001e+06
3.1e+06
3.1e+06
3.1e+06
3.1e+06
3.1e+06
3.1e+06
3.1e+06
3.1e+06
3.1e+06
3.10002e+06
3.10001e+06
3.10002e+06
3.10001e+06
3.10002e+06
3.10001e+06
3.10001e+06
3.10001e+06
3.10001e+06
3.10001e+06
3.10001e+06
3.10001e+06
3.10001e+06
3.1e+06
3.1e+06
3.1e+06
3.1e+06
3.1e+06
3.1e+06
3.1e+06
3.1e+06
3.1e+06
3.1e+06
3.10002e+06
3.10001e+06
3.10002e+06
3.10001e+06
3.10002e+06
3.10001e+06
3.10002e+06
3.10001e+06
3.10001e+06
3.10001e+06
3.10001e+06
3.10001e+06
3.10001e+06
3.10001e+06
3.1e+06
3.1e+06
3.1e+06
3.1e+06
3.1e+06
3.1e+06
3.1e+06
3.1e+06
3.1e+06
3.10003e+06
3.10001e+06
3.10002e+06
3.10001e+06
3.10002e+06
3.10001e+06
3.10002e+06
3.10001e+06
3.10001e+06
3.10001e+06
3.10001e+06
3.10001e+06
3.10001e+06
3.10001e+06
3.10001e+06
3.1e+06
3.1e+06
3.1e+06
3.1e+06
3.1e+06
3.1e+06
3.1e+06
3.1e+06
3.10003e+06
3.10001e+06
3.10002e+06
3.10001e+06
3.10002e+06
3.10001e+06
3.10002e+06
3.10002e+06
3.10001e+06
3.10001e+06
3.10001e+06
3.10001e+06
3.10001e+06
3.10001e+06
3.10001e+06
3.10001e+06
3.1e+06
3.1e+06
3.1e+06
3.1e+06
3.1e+06
3.1e+06
3.1e+06
3.10004e+06
3.10001e+06
3.10002e+06
3.10001e+06
3.10002e+06
3.10001e+06
3.10002e+06
3.10001e+06
3.10001e+06
3.10001e+06
3.10001e+06
3.10001e+06
3.10001e+06
3.10001e+06
3.10001e+06
3.10001e+06
3.10001e+06
3.1e+06
3.1e+06
3.1e+06
3.1e+06
3.1e+06
3.1e+06
3.10004e+06
3.10001e+06
3.10002e+06
3.10001e+06
3.10002e+06
3.10002e+06
3.10002e+06
3.10002e+06
3.10002e+06
3.10001e+06
3.10001e+06
3.10001e+06
3.10001e+06
3.10001e+06
3.10001e+06
3.10001e+06
3.10001e+06
3.10001e+06
3.1e+06
3.1e+06
3.1e+06
3.1e+06
3.1e+06
3.10004e+06
3.10001e+06
3.10003e+06
3.10001e+06
3.10002e+06
3.10002e+06
3.10002e+06
3.10002e+06
3.10002e+06
3.10002e+06
3.10002e+06
3.10001e+06
3.10001e+06
3.10001e+06
3.10001e+06
3.10001e+06
3.10001e+06
3.10001e+06
3.1e+06
3.1e+06
3.1e+06
3.1e+06
3.1e+06
3.10005e+06
3.10001e+06
3.10003e+06
3.10002e+06
3.10003e+06
3.10002e+06
3.10002e+06
3.10002e+06
3.10002e+06
3.10002e+06
3.10002e+06
3.10002e+06
3.10001e+06
3.10001e+06
3.10001e+06
3.10001e+06
3.10001e+06
3.10001e+06
3.10001e+06
3.1e+06
3.1e+06
3.1e+06
3.1e+06
3.10005e+06
3.10001e+06
3.10003e+06
3.10002e+06
3.10003e+06
3.10002e+06
3.10003e+06
3.10002e+06
3.10002e+06
3.10002e+06
3.10002e+06
3.10002e+06
3.10002e+06
3.10001e+06
3.10001e+06
3.10001e+06
3.10001e+06
3.10001e+06
3.10001e+06
3.1e+06
3.1e+06
3.1e+06
3.1e+06
3.10006e+06
3.10002e+06
3.10004e+06
3.10002e+06
3.10003e+06
3.10003e+06
3.10003e+06
3.10003e+06
3.10003e+06
3.10002e+06
3.10002e+06
3.10002e+06
3.10002e+06
3.10002e+06
3.10001e+06
3.10001e+06
3.10001e+06
3.10001e+06
3.10001e+06
3.10001e+06
3.1e+06
3.1e+06
3.1e+06
3.10006e+06
3.10002e+06
3.10004e+06
3.10002e+06
3.10003e+06
3.10003e+06
3.10003e+06
3.10003e+06
3.10003e+06
3.10003e+06
3.10002e+06
3.10002e+06
3.10002e+06
3.10002e+06
3.10002e+06
3.10001e+06
3.10001e+06
3.10001e+06
3.10001e+06
3.10001e+06
3.1e+06
3.1e+06
3.1e+06
3.10007e+06
3.10003e+06
3.10005e+06
3.10003e+06
3.10004e+06
3.10003e+06
3.10004e+06
3.10003e+06
3.10003e+06
3.10003e+06
3.10003e+06
3.10003e+06
3.10002e+06
3.10002e+06
3.10002e+06
3.10002e+06
3.10001e+06
3.10001e+06
3.10001e+06
3.10001e+06
3.10001e+06
3.1e+06
3.1e+06
3.10008e+06
3.10003e+06
3.10005e+06
3.10003e+06
3.10004e+06
3.10003e+06
3.10004e+06
3.10003e+06
3.10004e+06
3.10003e+06
3.10003e+06
3.10003e+06
3.10003e+06
3.10002e+06
3.10002e+06
3.10002e+06
3.10002e+06
3.10001e+06
3.10001e+06
3.10001e+06
3.10001e+06
3.1e+06
3.1e+06
3.10009e+06
3.10003e+06
3.10006e+06
3.10004e+06
3.10006e+06
3.10004e+06
3.10005e+06
3.10004e+06
3.10004e+06
3.10004e+06
3.10004e+06
3.10003e+06
3.10003e+06
3.10003e+06
3.10002e+06
3.10002e+06
3.10002e+06
3.10001e+06
3.10001e+06
3.10001e+06
3.10001e+06
3.1e+06
3.1e+06
3.10009e+06
3.10003e+06
3.10007e+06
3.10004e+06
3.10006e+06
3.10004e+06
3.10005e+06
3.10004e+06
3.10004e+06
3.10004e+06
3.10004e+06
3.10003e+06
3.10003e+06
3.10003e+06
3.10003e+06
3.10002e+06
3.10002e+06
3.10002e+06
3.10001e+06
3.10001e+06
3.10001e+06
3.1e+06
3.1e+06
3.10011e+06
3.10005e+06
3.10008e+06
3.10006e+06
3.10007e+06
3.10006e+06
3.10006e+06
3.10005e+06
3.10006e+06
3.10005e+06
3.10005e+06
3.10004e+06
3.10004e+06
3.10003e+06
3.10003e+06
3.10003e+06
3.10002e+06
3.10002e+06
3.10001e+06
3.10001e+06
3.10001e+06
3.1e+06
3.1e+06
3.10011e+06
3.10004e+06
3.10008e+06
3.10005e+06
3.10007e+06
3.10005e+06
3.10006e+06
3.10005e+06
3.10005e+06
3.10005e+06
3.10005e+06
3.10004e+06
3.10004e+06
3.10004e+06
3.10003e+06
3.10003e+06
3.10002e+06
3.10002e+06
3.10002e+06
3.10001e+06
3.10001e+06
3.1e+06
3.1e+06
3.10015e+06
3.10006e+06
3.10011e+06
3.10008e+06
3.1001e+06
3.10008e+06
3.10008e+06
3.10007e+06
3.10007e+06
3.10006e+06
3.10006e+06
3.10005e+06
3.10005e+06
3.10004e+06
3.10004e+06
3.10003e+06
3.10003e+06
3.10002e+06
3.10002e+06
3.10001e+06
3.10001e+06
3.1e+06
3.1e+06
3.10015e+06
3.10005e+06
3.1001e+06
3.10006e+06
3.10008e+06
3.10006e+06
3.10007e+06
3.10006e+06
3.10007e+06
3.10006e+06
3.10006e+06
3.10005e+06
3.10005e+06
3.10004e+06
3.10004e+06
3.10003e+06
3.10003e+06
3.10002e+06
3.10002e+06
3.10001e+06
3.10001e+06
3.1e+06
3.1e+06
3.1002e+06
3.10009e+06
3.10015e+06
3.10011e+06
3.10013e+06
3.1001e+06
3.10011e+06
3.10009e+06
3.1001e+06
3.10008e+06
3.10008e+06
3.10007e+06
3.10006e+06
3.10005e+06
3.10005e+06
3.10004e+06
3.10003e+06
3.10003e+06
3.10002e+06
3.10001e+06
3.10001e+06
3.1e+06
3.1e+06
3.10019e+06
3.10006e+06
3.10013e+06
3.10008e+06
3.1001e+06
3.10008e+06
3.10009e+06
3.10007e+06
3.10008e+06
3.10007e+06
3.10007e+06
3.10006e+06
3.10006e+06
3.10005e+06
3.10005e+06
3.10004e+06
3.10003e+06
3.10003e+06
3.10002e+06
3.10001e+06
3.10001e+06
3.1e+06
3.1e+06
3.10029e+06
3.10014e+06
3.10022e+06
3.10015e+06
3.10018e+06
3.10014e+06
3.10015e+06
3.10013e+06
3.10013e+06
3.10011e+06
3.1001e+06
3.10009e+06
3.10008e+06
3.10007e+06
3.10006e+06
3.10005e+06
3.10004e+06
3.10003e+06
3.10002e+06
3.10002e+06
3.10001e+06
3.1e+06
3.1e+06
3.10024e+06
3.10007e+06
3.10016e+06
3.10009e+06
3.10012e+06
3.10009e+06
3.10011e+06
3.10009e+06
3.1001e+06
3.10009e+06
3.10009e+06
3.10008e+06
3.10007e+06
3.10006e+06
3.10005e+06
3.10005e+06
3.10004e+06
3.10003e+06
3.10002e+06
3.10002e+06
3.10001e+06
3.1e+06
3.1e+06
3.10041e+06
3.10021e+06
3.10031e+06
3.10022e+06
3.10026e+06
3.10021e+06
3.10021e+06
3.10018e+06
3.10018e+06
3.10015e+06
3.10014e+06
3.10012e+06
3.1001e+06
3.10008e+06
3.10007e+06
3.10006e+06
3.10004e+06
3.10003e+06
3.10002e+06
3.10002e+06
3.10001e+06
3.1e+06
3.1e+06
3.1003e+06
3.10007e+06
3.10019e+06
3.1001e+06
3.10015e+06
3.1001e+06
3.10012e+06
3.1001e+06
3.10011e+06
3.1001e+06
3.1001e+06
3.10009e+06
3.10008e+06
3.10007e+06
3.10006e+06
3.10005e+06
3.10004e+06
3.10003e+06
3.10002e+06
3.10001e+06
3.10001e+06
3.1e+06
3.09999e+06
3.1006e+06
3.10033e+06
3.10047e+06
3.10034e+06
3.10039e+06
3.10031e+06
3.10032e+06
3.10026e+06
3.10025e+06
3.10021e+06
3.10019e+06
3.10016e+06
3.10013e+06
3.10011e+06
3.10009e+06
3.10007e+06
3.10005e+06
3.10004e+06
3.10002e+06
3.10001e+06
3.1e+06
3.1e+06
3.09999e+06
3.10037e+06
3.10005e+06
3.10022e+06
3.10009e+06
3.10017e+06
3.1001e+06
3.10014e+06
3.1001e+06
3.10012e+06
3.10011e+06
3.10011e+06
3.10009e+06
3.10009e+06
3.10007e+06
3.10006e+06
3.10005e+06
3.10004e+06
3.10003e+06
3.10002e+06
3.10001e+06
3.1e+06
3.09999e+06
3.09999e+06
3.10092e+06
3.10054e+06
3.10073e+06
3.10054e+06
3.1006e+06
3.10048e+06
3.10048e+06
3.10039e+06
3.10037e+06
3.1003e+06
3.10027e+06
3.10021e+06
3.10018e+06
3.10013e+06
3.1001e+06
3.10008e+06
3.10005e+06
3.10003e+06
3.10002e+06
3.10001e+06
3.1e+06
3.09999e+06
3.09998e+06
3.10045e+06
3.1e+06
3.10025e+06
3.10005e+06
3.10017e+06
3.10007e+06
3.10013e+06
3.10008e+06
3.10012e+06
3.10009e+06
3.10011e+06
3.10009e+06
3.10009e+06
3.10007e+06
3.10006e+06
3.10005e+06
3.10003e+06
3.10002e+06
3.10001e+06
3.1e+06
3.09999e+06
3.09998e+06
3.09998e+06
3.10147e+06
3.10089e+06
3.10118e+06
3.10089e+06
3.10097e+06
3.10077e+06
3.10076e+06
3.10061e+06
3.10057e+06
3.10044e+06
3.10038e+06
3.10029e+06
3.10023e+06
3.10017e+06
3.10013e+06
3.10008e+06
3.10005e+06
3.10003e+06
3.10001e+06
3.1e+06
3.09998e+06
3.09998e+06
3.09997e+06
3.10055e+06
3.09986e+06
3.10025e+06
3.09994e+06
3.10013e+06
3.09997e+06
3.10009e+06
3.1e+06
3.10008e+06
3.10004e+06
3.10007e+06
3.10005e+06
3.10006e+06
3.10004e+06
3.10004e+06
3.10002e+06
3.10001e+06
3.1e+06
3.09999e+06
3.09998e+06
3.09997e+06
3.09997e+06
3.09996e+06
3.10247e+06
3.10154e+06
3.102e+06
3.10149e+06
3.10163e+06
3.10125e+06
3.10125e+06
3.10095e+06
3.10089e+06
3.10066e+06
3.10056e+06
3.1004e+06
3.10031e+06
3.10021e+06
3.10015e+06
3.10008e+06
3.10005e+06
3.10001e+06
3.09999e+06
3.09998e+06
3.09996e+06
3.09996e+06
3.09995e+06
3.10068e+06
3.09954e+06
3.1002e+06
3.09967e+06
3.10002e+06
3.09972e+06
3.09997e+06
3.0998e+06
3.09997e+06
3.09989e+06
3.09999e+06
3.09995e+06
3.09999e+06
3.09997e+06
3.09999e+06
3.09997e+06
3.09997e+06
3.09996e+06
3.09996e+06
3.09995e+06
3.09995e+06
3.09994e+06
3.09994e+06
3.10436e+06
3.10277e+06
3.10355e+06
3.10259e+06
3.10285e+06
3.10209e+06
3.10212e+06
3.1015e+06
3.10141e+06
3.10096e+06
3.10083e+06
3.10053e+06
3.10041e+06
3.10024e+06
3.10016e+06
3.10007e+06
3.10002e+06
3.09998e+06
3.09996e+06
3.09994e+06
3.09994e+06
3.09993e+06
3.09993e+06
3.10089e+06
3.09887e+06
3.10008e+06
3.09904e+06
3.09978e+06
3.09914e+06
3.0997e+06
3.09932e+06
3.09973e+06
3.09954e+06
3.09979e+06
3.09972e+06
3.09985e+06
3.09983e+06
3.09989e+06
3.09988e+06
3.0999e+06
3.0999e+06
3.09991e+06
3.09991e+06
3.09991e+06
3.09991e+06
3.09992e+06
3.1082e+06
3.10522e+06
3.10669e+06
3.10469e+06
3.10525e+06
3.10354e+06
3.10369e+06
3.10234e+06
3.10228e+06
3.10135e+06
3.10121e+06
3.10066e+06
3.10052e+06
3.10023e+06
3.10014e+06
3.10002e+06
3.09997e+06
3.09993e+06
3.09991e+06
3.0999e+06
3.0999e+06
3.0999e+06
3.09991e+06
3.10139e+06
3.09753e+06
3.09992e+06
3.09768e+06
3.09935e+06
3.09776e+06
3.09918e+06
3.0982e+06
3.09925e+06
3.09878e+06
3.09941e+06
3.09925e+06
3.09958e+06
3.09956e+06
3.09971e+06
3.09972e+06
3.09979e+06
3.09981e+06
3.09984e+06
3.09985e+06
3.09987e+06
3.09988e+06
3.09989e+06
3.11655e+06
3.11058e+06
3.11356e+06
3.10894e+06
3.11027e+06
3.10588e+06
3.10659e+06
3.10334e+06
3.10361e+06
3.10165e+06
3.10165e+06
3.10065e+06
3.10057e+06
3.10013e+06
3.10007e+06
3.09991e+06
3.09989e+06
3.09984e+06
3.09984e+06
3.09984e+06
3.09986e+06
3.09987e+06
3.09988e+06
3.103e+06
3.09519e+06
3.10017e+06
3.09476e+06
3.09876e+06
3.09421e+06
3.09827e+06
3.09557e+06
3.09841e+06
3.09722e+06
3.09878e+06
3.09842e+06
3.09917e+06
3.09914e+06
3.09946e+06
3.09951e+06
3.09965e+06
3.09969e+06
3.09975e+06
3.09979e+06
3.09982e+06
3.09984e+06
3.09986e+06
3.13614e+06
3.12399e+06
3.13008e+06
3.11861e+06
3.12193e+06
3.1087e+06
3.1116e+06
3.1035e+06
3.10518e+06
3.10118e+06
3.10188e+06
3.10019e+06
3.10042e+06
3.09982e+06
3.09989e+06
3.09972e+06
3.09976e+06
3.09973e+06
3.09977e+06
3.09978e+06
3.09981e+06
3.09983e+06
3.09985e+06
3.10895e+06
3.09368e+06
3.10335e+06
3.0892e+06
3.09848e+06
3.08301e+06
3.09677e+06
3.08941e+06
3.09721e+06
3.09445e+06
3.09799e+06
3.09726e+06
3.09871e+06
3.09864e+06
3.0992e+06
3.09928e+06
3.09951e+06
3.09958e+06
3.09968e+06
3.09973e+06
3.09978e+06
3.09981e+06
3.09984e+06
3.18426e+06
3.16338e+06
3.174e+06
3.1472e+06
3.15482e+06
3.10414e+06
3.11668e+06
3.09835e+06
3.10497e+06
3.09835e+06
3.101e+06
3.09886e+06
3.0998e+06
3.09923e+06
3.09956e+06
3.09946e+06
3.0996e+06
3.09962e+06
3.09969e+06
3.09973e+06
3.09978e+06
3.09981e+06
3.09984e+06
3.1345e+06
3.11168e+06
3.12373e+06
3.08696e+06
3.09907e+06
3.03328e+06
3.09415e+06
3.07849e+06
3.09676e+06
3.09174e+06
3.09777e+06
3.09659e+06
3.09858e+06
3.09845e+06
3.09913e+06
3.09921e+06
3.09946e+06
3.09954e+06
3.09965e+06
3.09971e+06
3.09976e+06
3.0998e+06
3.09983e+06
3.29309e+06
3.28186e+06
3.29167e+06
3.27884e+06
3.28542e+06
3.24763e+06
3.24388e+06
3.2473e+06
3.23843e+06
3.24091e+06
3.41393e+06
3.40483e+06
3.43975e+06
3.41431e+06
3.4667e+06
3.37637e+06
3.39967e+06
3.39923e+06
3.36387e+06
3.35764e+06
3.44328e+06
3.40473e+06
3.56007e+06
3.42747e+06
4.00067e+06
3.7904e+06
4.00155e+06
4.00155e+06
4.00109e+06
3.93971e+06
3.92504e+06
3.92509e+06
3.95508e+06
3.97107e+06
3.98612e+06
3.98086e+06
3.98428e+06
3.98722e+06
3.99355e+06
3.9943e+06
4.00189e+06
3.99349e+06
3.99505e+06
3.99951e+06
3.99952e+06
4.00199e+06
4.00032e+06
4.00046e+06
4.00077e+06
4.00135e+06
4.00202e+06
4.00279e+06
4.0021e+06
4.02205e+06
4.00204e+06
4.00203e+06
4.04067e+06
4.03002e+06
4.02583e+06
4.02649e+06
4.00218e+06
4.12889e+06
4.06135e+06
4.09526e+06
4.07878e+06
4.02287e+06
4.00231e+06
4.10141e+06
4.00206e+06
4.00213e+06
4.06366e+06
4.19632e+06
4.00214e+06
4.00216e+06
4.00211e+06
4.00235e+06
4.56571e+06
4.00231e+06
4.00254e+06
4.00222e+06
4.00308e+06
4.01041e+06
4.00292e+06
4.00323e+06
4.00243e+06
4.62803e+06
4.00359e+06
4.00521e+06
4.00307e+06
4.00277e+06
6.28575e+06
6.24559e+06
6.3222e+06
6.23154e+06
5.67351e+06
6.05444e+06
6.06853e+06
6.05794e+06
6.06175e+06
5.96842e+06
6.04287e+06
6.04054e+06
6.04282e+06
6.04049e+06
6.04435e+06
6.04707e+06
6.04822e+06
6.04544e+06
6.04561e+06
6.03904e+06
6.04206e+06
6.04177e+06
6.04226e+06
6.0417e+06
6.04237e+06
)
;

boundaryField
{
    inlet
    {
        type            calculated;
        value           nonuniform List<scalar> 0();
    }
    outlet
    {
        type            calculated;
        value           nonuniform List<scalar> 0();
    }
    walls
    {
        type            calculated;
        value           nonuniform List<scalar> 
82
(
3.03328e+06
3.09415e+06
3.07849e+06
3.09676e+06
3.09174e+06
3.09776e+06
3.09659e+06
3.09858e+06
3.09845e+06
3.09913e+06
3.09921e+06
3.09946e+06
3.09954e+06
3.09965e+06
3.09971e+06
3.09976e+06
3.0998e+06
3.09983e+06
3.28542e+06
3.24091e+06
3.4667e+06
3.35764e+06
4.00067e+06
3.93971e+06
3.98612e+06
3.9943e+06
3.99952e+06
4.00135e+06
4.00204e+06
4.02649e+06
4.07878e+06
4.00213e+06
4.00211e+06
4.00222e+06
4.00243e+06
4.00277e+06
5.6735e+06
5.96842e+06
6.04435e+06
6.03904e+06
6.04237e+06
3.03328e+06
3.09415e+06
3.07849e+06
3.09676e+06
3.09174e+06
3.09776e+06
3.09659e+06
3.09858e+06
3.09845e+06
3.09913e+06
3.09921e+06
3.09946e+06
3.09954e+06
3.09965e+06
3.09971e+06
3.09976e+06
3.0998e+06
3.09983e+06
3.28542e+06
3.24091e+06
3.4667e+06
3.35764e+06
4.00067e+06
3.93971e+06
3.98612e+06
3.9943e+06
3.99952e+06
4.00135e+06
4.00204e+06
4.02649e+06
4.07878e+06
4.00213e+06
4.00211e+06
4.00222e+06
4.00243e+06
4.00277e+06
5.67351e+06
5.96842e+06
6.04435e+06
6.03904e+06
6.04237e+06
)
;
    }
    side1
    {
        type            cyclic;
    }
    side2
    {
        type            cyclic;
    }
    procBoundary3to0
    {
        type            processor;
        value           nonuniform List<scalar> 
70
(
3.1e+06
3.10001e+06
3.1e+06
3.1e+06
3.1e+06
3.1e+06
3.1e+06
3.1e+06
3.1e+06
3.1e+06
3.1e+06
3.1e+06
3.1e+06
3.1e+06
3.1e+06
3.1e+06
3.10001e+06
3.10001e+06
3.10001e+06
3.1e+06
3.1e+06
3.1e+06
3.1e+06
3.1e+06
3.1e+06
3.1e+06
3.1e+06
3.1e+06
3.1e+06
3.1e+06
3.1e+06
3.1e+06
3.1e+06
3.1e+06
3.1e+06
3.1e+06
3.10001e+06
3.1e+06
3.10001e+06
3.1e+06
3.1e+06
3.1e+06
3.1e+06
3.1e+06
3.1e+06
3.1e+06
3.1e+06
3.1e+06
3.1e+06
3.1e+06
3.1e+06
3.1e+06
3.1e+06
3.1e+06
3.1e+06
3.1e+06
3.1e+06
3.1e+06
3.1e+06
3.1e+06
3.1e+06
3.1e+06
3.1e+06
3.1e+06
3.1e+06
3.1e+06
3.1e+06
3.1e+06
3.1e+06
3.1e+06
)
;
    }
    procBoundary3to0throughside1
    {
        type            processorCyclic;
        value           uniform 3.10001e+06;
    }
    procBoundary3to1
    {
        type            processor;
        value           nonuniform List<scalar> 
72
(
3.1e+06
3.1e+06
3.1e+06
3.1e+06
3.1e+06
3.1e+06
3.1e+06
3.1e+06
3.1e+06
3.1e+06
3.1e+06
3.1e+06
3.1e+06
3.1e+06
3.09999e+06
3.09999e+06
3.09999e+06
3.09999e+06
3.09999e+06
3.09998e+06
3.09998e+06
3.09997e+06
3.09997e+06
3.09996e+06
3.09995e+06
3.09994e+06
3.09993e+06
3.09992e+06
3.09991e+06
3.0999e+06
3.09989e+06
3.09988e+06
3.09987e+06
3.09986e+06
3.09986e+06
3.09986e+06
3.1e+06
3.1e+06
3.1e+06
3.1e+06
3.1e+06
3.1e+06
3.1e+06
3.1e+06
3.1e+06
3.1e+06
3.1e+06
3.1e+06
3.1e+06
3.1e+06
3.09999e+06
3.09999e+06
3.09999e+06
3.09999e+06
3.09999e+06
3.09998e+06
3.09998e+06
3.09997e+06
3.09997e+06
3.09996e+06
3.09995e+06
3.09994e+06
3.09993e+06
3.09992e+06
3.09991e+06
3.0999e+06
3.09989e+06
3.09988e+06
3.09987e+06
3.09986e+06
3.09986e+06
3.09986e+06
)
;
    }
    procBoundary3to2
    {
        type            processor;
        value           nonuniform List<scalar> 
14
(
3.1e+06
3.1e+06
3.1e+06
3.1e+06
3.1e+06
3.1e+06
3.1e+06
3.1e+06
3.1e+06
3.1e+06
3.1e+06
3.1e+06
3.1e+06
3.1e+06
)
;
    }
    procBoundary3to4
    {
        type            processor;
        value           nonuniform List<scalar> 10(6.04397e+06 6.04412e+06 6.04359e+06 6.04369e+06 6.04304e+06 6.04397e+06 6.04412e+06 6.04359e+06 6.04369e+06 6.04304e+06);
    }
}


// ************************************************************************* //
