/*--------------------------------*- C++ -*----------------------------------*\
| =========                 |                                                 |
| \\      /  F ield         | OpenFOAM: The Open Source CFD Toolbox           |
|  \\    /   O peration     | Version:  v2012                                 |
|   \\  /    A nd           | Website:  www.openfoam.com                      |
|    \\/     M anipulation  |                                                 |
\*---------------------------------------------------------------------------*/
FoamFile
{
    version     2.0;
    format      ascii;
    class       volScalarField;
    location    "0.2";
    object      p_rgh;
}
// * * * * * * * * * * * * * * * * * * * * * * * * * * * * * * * * * * * * * //

dimensions      [1 -1 -2 0 0 0 0];


internalField   nonuniform List<scalar> 
3332
(
3.49915e+06
3.49915e+06
3.49915e+06
3.49915e+06
3.49915e+06
3.49915e+06
3.49915e+06
3.49915e+06
3.49915e+06
3.49916e+06
3.49916e+06
3.49916e+06
3.49917e+06
3.49917e+06
3.49918e+06
3.49918e+06
3.49919e+06
3.4992e+06
3.4992e+06
3.49921e+06
3.49913e+06
3.49913e+06
3.49912e+06
3.49912e+06
3.49912e+06
3.49912e+06
3.49912e+06
3.49912e+06
3.49912e+06
3.49913e+06
3.49913e+06
3.49913e+06
3.49914e+06
3.49914e+06
3.49914e+06
3.49915e+06
3.49916e+06
3.49916e+06
3.49917e+06
3.49917e+06
3.49918e+06
3.49919e+06
3.49905e+06
3.49894e+06
3.49904e+06
3.49909e+06
3.4991e+06
3.49911e+06
3.49909e+06
3.49908e+06
3.49907e+06
3.49908e+06
3.4991e+06
3.4991e+06
3.4991e+06
3.4991e+06
3.4991e+06
3.4991e+06
3.4991e+06
3.4991e+06
3.4991e+06
3.4991e+06
3.49909e+06
3.4991e+06
3.4991e+06
3.4991e+06
3.4991e+06
3.4991e+06
3.49911e+06
3.49911e+06
3.49912e+06
3.49912e+06
3.49913e+06
3.49913e+06
3.49914e+06
3.49914e+06
3.49915e+06
3.49916e+06
3.49917e+06
3.49948e+06
3.49926e+06
3.49916e+06
3.49914e+06
3.49913e+06
3.49913e+06
3.49911e+06
3.49909e+06
3.49908e+06
3.49906e+06
3.49907e+06
3.49907e+06
3.49907e+06
3.49907e+06
3.49907e+06
3.49907e+06
3.49907e+06
3.49907e+06
3.49907e+06
3.49907e+06
3.49907e+06
3.49907e+06
3.49907e+06
3.49907e+06
3.49907e+06
3.49907e+06
3.49907e+06
3.49908e+06
3.49908e+06
3.49909e+06
3.49909e+06
3.4991e+06
3.4991e+06
3.49911e+06
3.49912e+06
3.49912e+06
3.49913e+06
3.49914e+06
3.49914e+06
3.49943e+06
3.49927e+06
3.49916e+06
3.49915e+06
3.49914e+06
3.49913e+06
3.4991e+06
3.49909e+06
3.49907e+06
3.49905e+06
3.49905e+06
3.49905e+06
3.49904e+06
3.49905e+06
3.49905e+06
3.49904e+06
3.49904e+06
3.49904e+06
3.49904e+06
3.49904e+06
3.49904e+06
3.49904e+06
3.49904e+06
3.49904e+06
3.49904e+06
3.49904e+06
3.49905e+06
3.49905e+06
3.49905e+06
3.49906e+06
3.49907e+06
3.49907e+06
3.49908e+06
3.49908e+06
3.49909e+06
3.4991e+06
3.49911e+06
3.49911e+06
3.49912e+06
3.49913e+06
3.49922e+06
3.49915e+06
3.49912e+06
3.49914e+06
3.49913e+06
3.49911e+06
3.49908e+06
3.49907e+06
3.49905e+06
3.49902e+06
3.49903e+06
3.49903e+06
3.49901e+06
3.49902e+06
3.49901e+06
3.49901e+06
3.49901e+06
3.49901e+06
3.49901e+06
3.499e+06
3.499e+06
3.49901e+06
3.49901e+06
3.49901e+06
3.49901e+06
3.49901e+06
3.49902e+06
3.49902e+06
3.49903e+06
3.49903e+06
3.49904e+06
3.49905e+06
3.49905e+06
3.49906e+06
3.49907e+06
3.49908e+06
3.49908e+06
3.49909e+06
3.4991e+06
3.49911e+06
3.49894e+06
3.49901e+06
3.49907e+06
3.49911e+06
3.49908e+06
3.49906e+06
3.49905e+06
3.49905e+06
3.49902e+06
3.499e+06
3.499e+06
3.499e+06
3.49898e+06
3.49899e+06
3.49898e+06
3.49898e+06
3.49897e+06
3.49897e+06
3.49897e+06
3.49897e+06
3.49897e+06
3.49897e+06
3.49897e+06
3.49898e+06
3.49898e+06
3.49898e+06
3.49899e+06
3.49899e+06
3.499e+06
3.49901e+06
3.49901e+06
3.49902e+06
3.49903e+06
3.49904e+06
3.49904e+06
3.49905e+06
3.49906e+06
3.49907e+06
3.49908e+06
3.49909e+06
3.4991e+06
3.49878e+06
3.49891e+06
3.49899e+06
3.49905e+06
3.49904e+06
3.49903e+06
3.49902e+06
3.49902e+06
3.49899e+06
3.49897e+06
3.49897e+06
3.49897e+06
3.49895e+06
3.49895e+06
3.49895e+06
3.49894e+06
3.49894e+06
3.49894e+06
3.49894e+06
3.49894e+06
3.49894e+06
3.49894e+06
3.49894e+06
3.49895e+06
3.49895e+06
3.49895e+06
3.49896e+06
3.49897e+06
3.49897e+06
3.49898e+06
3.49899e+06
3.49899e+06
3.499e+06
3.49901e+06
3.49902e+06
3.49903e+06
3.49904e+06
3.49905e+06
3.49906e+06
3.49907e+06
3.49908e+06
3.49917e+06
3.49903e+06
3.49896e+06
3.49899e+06
3.49898e+06
3.49899e+06
3.49898e+06
3.49898e+06
3.49895e+06
3.49894e+06
3.49894e+06
3.49893e+06
3.49892e+06
3.49892e+06
3.49891e+06
3.4989e+06
3.4989e+06
3.4989e+06
3.4989e+06
3.4989e+06
3.4989e+06
3.49891e+06
3.49891e+06
3.49891e+06
3.49892e+06
3.49892e+06
3.49893e+06
3.49894e+06
3.49894e+06
3.49895e+06
3.49896e+06
3.49897e+06
3.49898e+06
3.49899e+06
3.499e+06
3.49901e+06
3.49902e+06
3.49903e+06
3.49904e+06
3.49905e+06
3.49906e+06
3.499e+06
3.49892e+06
3.49886e+06
3.49892e+06
3.49893e+06
3.49894e+06
3.49894e+06
3.49895e+06
3.49892e+06
3.49891e+06
3.4989e+06
3.4989e+06
3.49888e+06
3.49888e+06
3.49887e+06
3.49887e+06
3.49886e+06
3.49886e+06
3.49886e+06
3.49886e+06
3.49887e+06
3.49887e+06
3.49887e+06
3.49888e+06
3.49889e+06
3.49889e+06
3.4989e+06
3.49891e+06
3.49891e+06
3.49892e+06
3.49893e+06
3.49894e+06
3.49895e+06
3.49896e+06
3.49897e+06
3.49898e+06
3.49899e+06
3.499e+06
3.49901e+06
3.49902e+06
3.49903e+06
3.49867e+06
3.49873e+06
3.49881e+06
3.49888e+06
3.49886e+06
3.49889e+06
3.49889e+06
3.4989e+06
3.49888e+06
3.49886e+06
3.49886e+06
3.49885e+06
3.49884e+06
3.49883e+06
3.49883e+06
3.49882e+06
3.49882e+06
3.49882e+06
3.49882e+06
3.49883e+06
3.49883e+06
3.49883e+06
3.49884e+06
3.49885e+06
3.49885e+06
3.49886e+06
3.49887e+06
3.49888e+06
3.49888e+06
3.49889e+06
3.4989e+06
3.49891e+06
3.49892e+06
3.49893e+06
3.49895e+06
3.49896e+06
3.49897e+06
3.49898e+06
3.49899e+06
3.499e+06
3.49901e+06
3.49837e+06
3.49849e+06
3.49867e+06
3.49879e+06
3.4988e+06
3.49883e+06
3.49884e+06
3.49884e+06
3.49882e+06
3.49881e+06
3.49881e+06
3.49881e+06
3.49879e+06
3.49879e+06
3.49878e+06
3.49878e+06
3.49878e+06
3.49878e+06
3.49878e+06
3.49879e+06
3.49879e+06
3.4988e+06
3.4988e+06
3.49881e+06
3.49882e+06
3.49883e+06
3.49884e+06
3.49884e+06
3.49885e+06
3.49886e+06
3.49888e+06
3.49889e+06
3.4989e+06
3.49891e+06
3.49892e+06
3.49893e+06
3.49894e+06
3.49896e+06
3.49897e+06
3.49898e+06
3.49899e+06
3.49825e+06
3.49837e+06
3.49854e+06
3.49869e+06
3.49873e+06
3.49879e+06
3.49878e+06
3.49879e+06
3.4988e+06
3.49879e+06
3.49877e+06
3.49876e+06
3.49875e+06
3.49874e+06
3.49874e+06
3.49873e+06
3.49873e+06
3.49874e+06
3.49874e+06
3.49874e+06
3.49875e+06
3.49876e+06
3.49877e+06
3.49877e+06
3.49878e+06
3.49879e+06
3.4988e+06
3.49881e+06
3.49882e+06
3.49883e+06
3.49885e+06
3.49886e+06
3.49887e+06
3.49888e+06
3.49889e+06
3.49891e+06
3.49892e+06
3.49893e+06
3.49894e+06
3.49896e+06
3.49897e+06
3.49798e+06
3.49818e+06
3.49842e+06
3.4986e+06
3.49867e+06
3.49874e+06
3.49874e+06
3.49873e+06
3.49874e+06
3.49873e+06
3.49871e+06
3.49871e+06
3.4987e+06
3.49869e+06
3.49869e+06
3.49869e+06
3.49869e+06
3.49869e+06
3.4987e+06
3.4987e+06
3.49871e+06
3.49872e+06
3.49873e+06
3.49874e+06
3.49875e+06
3.49876e+06
3.49877e+06
3.49878e+06
3.49879e+06
3.4988e+06
3.49882e+06
3.49883e+06
3.49884e+06
3.49885e+06
3.49887e+06
3.49888e+06
3.49889e+06
3.49891e+06
3.49892e+06
3.49893e+06
3.49895e+06
3.49764e+06
3.498e+06
3.49837e+06
3.49854e+06
3.49862e+06
3.49867e+06
3.49868e+06
3.49867e+06
3.49868e+06
3.49867e+06
3.49865e+06
3.49866e+06
3.49865e+06
3.49864e+06
3.49864e+06
3.49864e+06
3.49864e+06
3.49864e+06
3.49865e+06
3.49866e+06
3.49867e+06
3.49868e+06
3.49869e+06
3.4987e+06
3.49871e+06
3.49872e+06
3.49874e+06
3.49875e+06
3.49876e+06
3.49877e+06
3.49879e+06
3.4988e+06
3.49881e+06
3.49883e+06
3.49884e+06
3.49886e+06
3.49887e+06
3.49888e+06
3.4989e+06
3.49891e+06
3.49892e+06
3.49847e+06
3.49837e+06
3.49837e+06
3.49842e+06
3.49849e+06
3.49859e+06
3.49861e+06
3.49862e+06
3.49863e+06
3.49862e+06
3.4986e+06
3.4986e+06
3.49859e+06
3.49859e+06
3.49858e+06
3.49859e+06
3.49859e+06
3.4986e+06
3.49861e+06
3.49862e+06
3.49863e+06
3.49864e+06
3.49865e+06
3.49866e+06
3.49867e+06
3.49869e+06
3.4987e+06
3.49871e+06
3.49873e+06
3.49874e+06
3.49876e+06
3.49877e+06
3.49878e+06
3.4988e+06
3.49881e+06
3.49883e+06
3.49884e+06
3.49886e+06
3.49887e+06
3.49889e+06
3.4989e+06
3.49953e+06
3.49838e+06
3.49816e+06
3.49833e+06
3.49846e+06
3.49854e+06
3.4986e+06
3.49856e+06
3.49859e+06
3.49856e+06
3.49854e+06
3.49854e+06
3.49854e+06
3.49853e+06
3.49853e+06
3.49853e+06
3.49854e+06
3.49855e+06
3.49856e+06
3.49857e+06
3.49858e+06
3.4986e+06
3.49861e+06
3.49862e+06
3.49864e+06
3.49865e+06
3.49866e+06
3.49868e+06
3.49869e+06
3.49871e+06
3.49872e+06
3.49874e+06
3.49876e+06
3.49877e+06
3.49879e+06
3.4988e+06
3.49882e+06
3.49883e+06
3.49885e+06
3.49886e+06
3.49888e+06
3.50045e+06
3.49906e+06
3.49842e+06
3.4984e+06
3.49842e+06
3.49844e+06
3.49848e+06
3.49848e+06
3.49852e+06
3.4985e+06
3.49849e+06
3.49848e+06
3.49848e+06
3.49847e+06
3.49848e+06
3.49848e+06
3.49849e+06
3.4985e+06
3.49851e+06
3.49852e+06
3.49854e+06
3.49855e+06
3.49857e+06
3.49858e+06
3.4986e+06
3.49861e+06
3.49863e+06
3.49864e+06
3.49866e+06
3.49868e+06
3.49869e+06
3.49871e+06
3.49873e+06
3.49874e+06
3.49876e+06
3.49878e+06
3.49879e+06
3.49881e+06
3.49882e+06
3.49884e+06
3.49886e+06
3.49768e+06
3.49791e+06
3.49811e+06
3.49808e+06
3.49834e+06
3.49837e+06
3.49844e+06
3.49845e+06
3.49848e+06
3.49843e+06
3.49843e+06
3.49842e+06
3.49842e+06
3.49842e+06
3.49842e+06
3.49843e+06
3.49844e+06
3.49845e+06
3.49846e+06
3.49848e+06
3.49849e+06
3.49851e+06
3.49852e+06
3.49854e+06
3.49856e+06
3.49857e+06
3.49859e+06
3.49861e+06
3.49863e+06
3.49864e+06
3.49866e+06
3.49868e+06
3.4987e+06
3.49871e+06
3.49873e+06
3.49875e+06
3.49877e+06
3.49878e+06
3.4988e+06
3.49882e+06
3.49883e+06
3.49764e+06
3.49807e+06
3.49822e+06
3.49815e+06
3.49835e+06
3.49829e+06
3.49835e+06
3.49839e+06
3.49842e+06
3.49837e+06
3.49837e+06
3.49836e+06
3.49836e+06
3.49836e+06
3.49837e+06
3.49838e+06
3.49839e+06
3.4984e+06
3.49842e+06
3.49843e+06
3.49845e+06
3.49846e+06
3.49848e+06
3.4985e+06
3.49852e+06
3.49853e+06
3.49855e+06
3.49857e+06
3.49859e+06
3.49861e+06
3.49863e+06
3.49865e+06
3.49866e+06
3.49868e+06
3.4987e+06
3.49872e+06
3.49874e+06
3.49876e+06
3.49877e+06
3.49879e+06
3.49881e+06
3.49726e+06
3.49771e+06
3.49807e+06
3.49803e+06
3.49824e+06
3.49818e+06
3.4983e+06
3.4983e+06
3.49835e+06
3.4983e+06
3.49831e+06
3.4983e+06
3.4983e+06
3.49831e+06
3.49831e+06
3.49832e+06
3.49833e+06
3.49835e+06
3.49837e+06
3.49838e+06
3.4984e+06
3.49842e+06
3.49844e+06
3.49846e+06
3.49848e+06
3.49849e+06
3.49851e+06
3.49853e+06
3.49855e+06
3.49857e+06
3.49859e+06
3.49861e+06
3.49863e+06
3.49865e+06
3.49867e+06
3.49869e+06
3.49871e+06
3.49873e+06
3.49875e+06
3.49877e+06
3.49879e+06
3.49702e+06
3.49744e+06
3.49784e+06
3.49784e+06
3.49811e+06
3.49808e+06
3.49823e+06
3.49825e+06
3.49831e+06
3.49825e+06
3.49827e+06
3.49824e+06
3.49825e+06
3.49825e+06
3.49826e+06
3.49827e+06
3.49828e+06
3.4983e+06
3.49832e+06
3.49833e+06
3.49835e+06
3.49837e+06
3.49839e+06
3.49841e+06
3.49843e+06
3.49845e+06
3.49847e+06
3.4985e+06
3.49852e+06
3.49854e+06
3.49856e+06
3.49858e+06
3.4986e+06
3.49862e+06
3.49864e+06
3.49866e+06
3.49868e+06
3.4987e+06
3.49872e+06
3.49874e+06
3.49876e+06
3.49717e+06
3.49753e+06
3.49791e+06
3.4978e+06
3.49801e+06
3.498e+06
3.49815e+06
3.4982e+06
3.49826e+06
3.49819e+06
3.49821e+06
3.49818e+06
3.49818e+06
3.49819e+06
3.4982e+06
3.49821e+06
3.49823e+06
3.49824e+06
3.49826e+06
3.49828e+06
3.4983e+06
3.49832e+06
3.49835e+06
3.49837e+06
3.49839e+06
3.49841e+06
3.49843e+06
3.49846e+06
3.49848e+06
3.4985e+06
3.49852e+06
3.49855e+06
3.49857e+06
3.49859e+06
3.49861e+06
3.49863e+06
3.49865e+06
3.49868e+06
3.4987e+06
3.49872e+06
3.49874e+06
3.49738e+06
3.49749e+06
3.49778e+06
3.49775e+06
3.49797e+06
3.49791e+06
3.49808e+06
3.49811e+06
3.4982e+06
3.49814e+06
3.49816e+06
3.49813e+06
3.49813e+06
3.49813e+06
3.49814e+06
3.49815e+06
3.49817e+06
3.49819e+06
3.49821e+06
3.49823e+06
3.49825e+06
3.49827e+06
3.4983e+06
3.49832e+06
3.49835e+06
3.49837e+06
3.49839e+06
3.49842e+06
3.49844e+06
3.49846e+06
3.49849e+06
3.49851e+06
3.49853e+06
3.49856e+06
3.49858e+06
3.4986e+06
3.49863e+06
3.49865e+06
3.49867e+06
3.49869e+06
3.49871e+06
3.49826e+06
3.49709e+06
3.49764e+06
3.49776e+06
3.49799e+06
3.49794e+06
3.49797e+06
3.49801e+06
3.49808e+06
3.49808e+06
3.4981e+06
3.49806e+06
3.49807e+06
3.49807e+06
3.49808e+06
3.49809e+06
3.49811e+06
3.49813e+06
3.49816e+06
3.49818e+06
3.4982e+06
3.49822e+06
3.49825e+06
3.49827e+06
3.4983e+06
3.49833e+06
3.49835e+06
3.49838e+06
3.4984e+06
3.49843e+06
3.49845e+06
3.49848e+06
3.4985e+06
3.49852e+06
3.49855e+06
3.49857e+06
3.4986e+06
3.49862e+06
3.49864e+06
3.49867e+06
3.49869e+06
3.49835e+06
3.49703e+06
3.49751e+06
3.49766e+06
3.4979e+06
3.49789e+06
3.49798e+06
3.49801e+06
3.49803e+06
3.49801e+06
3.49802e+06
3.498e+06
3.49801e+06
3.498e+06
3.49802e+06
3.49804e+06
3.49805e+06
3.49808e+06
3.4981e+06
3.49812e+06
3.49815e+06
3.49817e+06
3.4982e+06
3.49823e+06
3.49825e+06
3.49828e+06
3.49831e+06
3.49833e+06
3.49836e+06
3.49839e+06
3.49841e+06
3.49844e+06
3.49847e+06
3.49849e+06
3.49852e+06
3.49854e+06
3.49857e+06
3.49859e+06
3.49862e+06
3.49864e+06
3.49866e+06
3.49823e+06
3.49724e+06
3.49773e+06
3.49757e+06
3.49783e+06
3.49784e+06
3.4979e+06
3.49794e+06
3.49797e+06
3.49792e+06
3.49795e+06
3.49794e+06
3.49796e+06
3.49795e+06
3.49797e+06
3.49798e+06
3.49799e+06
3.49802e+06
3.49804e+06
3.49807e+06
3.49809e+06
3.49812e+06
3.49815e+06
3.49818e+06
3.4982e+06
3.49823e+06
3.49826e+06
3.49829e+06
3.49832e+06
3.49835e+06
3.49838e+06
3.4984e+06
3.49843e+06
3.49846e+06
3.49848e+06
3.49851e+06
3.49854e+06
3.49856e+06
3.49859e+06
3.49861e+06
3.49864e+06
3.4976e+06
3.49679e+06
3.49745e+06
3.49728e+06
3.49761e+06
3.49774e+06
3.49785e+06
3.49791e+06
3.49789e+06
3.49782e+06
3.49786e+06
3.49787e+06
3.49789e+06
3.49788e+06
3.4979e+06
3.49791e+06
3.49793e+06
3.49795e+06
3.49798e+06
3.49801e+06
3.49803e+06
3.49806e+06
3.49809e+06
3.49812e+06
3.49816e+06
3.49819e+06
3.49822e+06
3.49825e+06
3.49828e+06
3.49831e+06
3.49834e+06
3.49836e+06
3.49839e+06
3.49842e+06
3.49845e+06
3.49848e+06
3.49851e+06
3.49853e+06
3.49856e+06
3.49858e+06
3.49861e+06
3.4976e+06
3.49679e+06
3.49732e+06
3.49721e+06
3.49751e+06
3.49767e+06
3.49778e+06
3.49782e+06
3.49779e+06
3.49773e+06
3.49777e+06
3.49778e+06
3.49781e+06
3.4978e+06
3.49783e+06
3.49784e+06
3.49786e+06
3.49789e+06
3.49791e+06
3.49794e+06
3.49797e+06
3.49801e+06
3.49804e+06
3.49807e+06
3.4981e+06
3.49814e+06
3.49817e+06
3.4982e+06
3.49823e+06
3.49826e+06
3.49829e+06
3.49833e+06
3.49836e+06
3.49839e+06
3.49842e+06
3.49844e+06
3.49847e+06
3.4985e+06
3.49853e+06
3.49856e+06
3.49858e+06
3.49698e+06
3.49632e+06
3.49704e+06
3.49703e+06
3.49739e+06
3.49757e+06
3.49766e+06
3.4977e+06
3.49769e+06
3.49764e+06
3.49768e+06
3.49769e+06
3.49773e+06
3.49772e+06
3.49775e+06
3.49777e+06
3.49779e+06
3.49782e+06
3.49785e+06
3.49788e+06
3.49791e+06
3.49795e+06
3.49798e+06
3.49802e+06
3.49805e+06
3.49809e+06
3.49812e+06
3.49815e+06
3.49819e+06
3.49822e+06
3.49825e+06
3.49829e+06
3.49832e+06
3.49835e+06
3.49838e+06
3.49841e+06
3.49844e+06
3.49847e+06
3.4985e+06
3.49853e+06
3.49856e+06
3.49612e+06
3.49589e+06
3.4968e+06
3.49687e+06
3.49725e+06
3.49745e+06
3.49756e+06
3.49759e+06
3.49759e+06
3.49754e+06
3.49758e+06
3.4976e+06
3.49764e+06
3.49764e+06
3.49767e+06
3.49769e+06
3.49771e+06
3.49775e+06
3.49778e+06
3.49781e+06
3.49785e+06
3.49789e+06
3.49792e+06
3.49796e+06
3.498e+06
3.49803e+06
3.49807e+06
3.4981e+06
3.49814e+06
3.49817e+06
3.49821e+06
3.49824e+06
3.49828e+06
3.49831e+06
3.49834e+06
3.49838e+06
3.49841e+06
3.49844e+06
3.49847e+06
3.4985e+06
3.49853e+06
3.49576e+06
3.49565e+06
3.49666e+06
3.49681e+06
3.49719e+06
3.49739e+06
3.49749e+06
3.49751e+06
3.4975e+06
3.49744e+06
3.49747e+06
3.4975e+06
3.49755e+06
3.49755e+06
3.49758e+06
3.49761e+06
3.49763e+06
3.49767e+06
3.49771e+06
3.49775e+06
3.49778e+06
3.49782e+06
3.49786e+06
3.4979e+06
3.49794e+06
3.49798e+06
3.49802e+06
3.49805e+06
3.49809e+06
3.49813e+06
3.49816e+06
3.4982e+06
3.49824e+06
3.49827e+06
3.49831e+06
3.49834e+06
3.49837e+06
3.49841e+06
3.49844e+06
3.49847e+06
3.4985e+06
3.49641e+06
3.49572e+06
3.49659e+06
3.49664e+06
3.49704e+06
3.49727e+06
3.49738e+06
3.4974e+06
3.49739e+06
3.49733e+06
3.49737e+06
3.4974e+06
3.49745e+06
3.49745e+06
3.49749e+06
3.49753e+06
3.49755e+06
3.49759e+06
3.49763e+06
3.49767e+06
3.49771e+06
3.49775e+06
3.4978e+06
3.49784e+06
3.49788e+06
3.49792e+06
3.49796e+06
3.498e+06
3.49804e+06
3.49808e+06
3.49812e+06
3.49816e+06
3.49819e+06
3.49823e+06
3.49827e+06
3.4983e+06
3.49834e+06
3.49837e+06
3.49841e+06
3.49844e+06
3.49847e+06
3.49613e+06
3.49556e+06
3.49652e+06
3.49662e+06
3.49699e+06
3.49721e+06
3.49729e+06
3.49729e+06
3.49727e+06
3.49721e+06
3.49725e+06
3.49728e+06
3.49735e+06
3.49735e+06
3.4974e+06
3.49744e+06
3.49747e+06
3.49751e+06
3.49755e+06
3.4976e+06
3.49764e+06
3.49768e+06
3.49773e+06
3.49777e+06
3.49782e+06
3.49786e+06
3.4979e+06
3.49795e+06
3.49799e+06
3.49803e+06
3.49807e+06
3.49811e+06
3.49815e+06
3.49819e+06
3.49823e+06
3.49827e+06
3.49831e+06
3.49834e+06
3.49838e+06
3.49841e+06
3.49845e+06
3.49555e+06
3.49541e+06
3.49639e+06
3.4965e+06
3.49687e+06
3.49709e+06
3.49718e+06
3.49716e+06
3.49714e+06
3.49708e+06
3.49713e+06
3.49717e+06
3.49724e+06
3.49726e+06
3.4973e+06
3.49734e+06
3.49738e+06
3.49743e+06
3.49747e+06
3.49752e+06
3.49756e+06
3.49761e+06
3.49766e+06
3.4977e+06
3.49775e+06
3.4978e+06
3.49784e+06
3.49789e+06
3.49793e+06
3.49798e+06
3.49802e+06
3.49807e+06
3.49811e+06
3.49815e+06
3.49819e+06
3.49823e+06
3.49827e+06
3.49831e+06
3.49834e+06
3.49838e+06
3.49842e+06
3.49484e+06
3.49493e+06
3.4962e+06
3.49646e+06
3.49683e+06
3.49704e+06
3.49708e+06
3.49702e+06
3.49699e+06
3.49694e+06
3.497e+06
3.49706e+06
3.49713e+06
3.49715e+06
3.4972e+06
3.49724e+06
3.49728e+06
3.49734e+06
3.49738e+06
3.49743e+06
3.49748e+06
3.49753e+06
3.49758e+06
3.49763e+06
3.49768e+06
3.49773e+06
3.49778e+06
3.49783e+06
3.49788e+06
3.49792e+06
3.49797e+06
3.49802e+06
3.49806e+06
3.49811e+06
3.49815e+06
3.49819e+06
3.49823e+06
3.49827e+06
3.49831e+06
3.49835e+06
3.49839e+06
3.49493e+06
3.49484e+06
3.49603e+06
3.49628e+06
3.49668e+06
3.49689e+06
3.49693e+06
3.49683e+06
3.49681e+06
3.4968e+06
3.49687e+06
3.49694e+06
3.49701e+06
3.49703e+06
3.49708e+06
3.49713e+06
3.49717e+06
3.49723e+06
3.49729e+06
3.49734e+06
3.49739e+06
3.49745e+06
3.4975e+06
3.49755e+06
3.49761e+06
3.49766e+06
3.49772e+06
3.49777e+06
3.49782e+06
3.49787e+06
3.49792e+06
3.49797e+06
3.49801e+06
3.49806e+06
3.49811e+06
3.49815e+06
3.49819e+06
3.49824e+06
3.49828e+06
3.49832e+06
3.49836e+06
3.4939e+06
3.49417e+06
3.49587e+06
3.49637e+06
3.49664e+06
3.49673e+06
3.49675e+06
3.49666e+06
3.49668e+06
3.4967e+06
3.49677e+06
3.49684e+06
3.49691e+06
3.49691e+06
3.49696e+06
3.49701e+06
3.49706e+06
3.49712e+06
3.49718e+06
3.49724e+06
3.4973e+06
3.49736e+06
3.49742e+06
3.49748e+06
3.49753e+06
3.49759e+06
3.49765e+06
3.4977e+06
3.49776e+06
3.49781e+06
3.49786e+06
3.49792e+06
3.49797e+06
3.49802e+06
3.49806e+06
3.49811e+06
3.49816e+06
3.4982e+06
3.49824e+06
3.49829e+06
3.49833e+06
3.49423e+06
3.49488e+06
3.496e+06
3.49647e+06
3.49678e+06
3.49674e+06
3.49667e+06
3.49659e+06
3.49656e+06
3.49658e+06
3.49664e+06
3.4967e+06
3.49675e+06
3.49675e+06
3.4968e+06
3.49686e+06
3.49692e+06
3.497e+06
3.49707e+06
3.49713e+06
3.4972e+06
3.49726e+06
3.49733e+06
3.49739e+06
3.49745e+06
3.49752e+06
3.49758e+06
3.49764e+06
3.4977e+06
3.49775e+06
3.49781e+06
3.49786e+06
3.49792e+06
3.49797e+06
3.49802e+06
3.49807e+06
3.49812e+06
3.49816e+06
3.49821e+06
3.49825e+06
3.4983e+06
3.49334e+06
3.49495e+06
3.49646e+06
3.49694e+06
3.49696e+06
3.49667e+06
3.49664e+06
3.4966e+06
3.49653e+06
3.4965e+06
3.49654e+06
3.49655e+06
3.49658e+06
3.49658e+06
3.49664e+06
3.49671e+06
3.49678e+06
3.49688e+06
3.49695e+06
3.49702e+06
3.49709e+06
3.49716e+06
3.49723e+06
3.4973e+06
3.49737e+06
3.49744e+06
3.4975e+06
3.49757e+06
3.49763e+06
3.49769e+06
3.49775e+06
3.49781e+06
3.49787e+06
3.49792e+06
3.49797e+06
3.49803e+06
3.49808e+06
3.49813e+06
3.49817e+06
3.49822e+06
3.49826e+06
3.49447e+06
3.49577e+06
3.49659e+06
3.49629e+06
3.49621e+06
3.49615e+06
3.49607e+06
3.49613e+06
3.49623e+06
3.49636e+06
3.49632e+06
3.49633e+06
3.49636e+06
3.49641e+06
3.49648e+06
3.49656e+06
3.49664e+06
3.49674e+06
3.49682e+06
3.4969e+06
3.49698e+06
3.49706e+06
3.49713e+06
3.49721e+06
3.49728e+06
3.49736e+06
3.49743e+06
3.4975e+06
3.49756e+06
3.49763e+06
3.49769e+06
3.49775e+06
3.49781e+06
3.49787e+06
3.49793e+06
3.49798e+06
3.49803e+06
3.49809e+06
3.49814e+06
3.49819e+06
3.49823e+06
3.49567e+06
3.49583e+06
3.49591e+06
3.49598e+06
3.49611e+06
3.49621e+06
3.49629e+06
3.49639e+06
3.49649e+06
3.4966e+06
3.49669e+06
3.49678e+06
3.49686e+06
3.49695e+06
3.49703e+06
3.49711e+06
3.49719e+06
3.49727e+06
3.49735e+06
3.49742e+06
3.49749e+06
3.49756e+06
3.49763e+06
3.49769e+06
3.49776e+06
3.49782e+06
3.49788e+06
3.49794e+06
3.49799e+06
3.49805e+06
3.4981e+06
3.49815e+06
3.4982e+06
3.49915e+06
3.49915e+06
3.49915e+06
3.49915e+06
3.49915e+06
3.49915e+06
3.49915e+06
3.49915e+06
3.49915e+06
3.49916e+06
3.49916e+06
3.49916e+06
3.49917e+06
3.49917e+06
3.49918e+06
3.49918e+06
3.49919e+06
3.4992e+06
3.4992e+06
3.49921e+06
3.49913e+06
3.49913e+06
3.49912e+06
3.49912e+06
3.49912e+06
3.49912e+06
3.49912e+06
3.49912e+06
3.49912e+06
3.49913e+06
3.49913e+06
3.49913e+06
3.49914e+06
3.49914e+06
3.49914e+06
3.49915e+06
3.49916e+06
3.49916e+06
3.49917e+06
3.49917e+06
3.49918e+06
3.49919e+06
3.49905e+06
3.49894e+06
3.49904e+06
3.49909e+06
3.4991e+06
3.49911e+06
3.49909e+06
3.49908e+06
3.49907e+06
3.49908e+06
3.4991e+06
3.4991e+06
3.4991e+06
3.4991e+06
3.4991e+06
3.4991e+06
3.4991e+06
3.4991e+06
3.4991e+06
3.4991e+06
3.49909e+06
3.4991e+06
3.4991e+06
3.4991e+06
3.4991e+06
3.4991e+06
3.49911e+06
3.49911e+06
3.49912e+06
3.49912e+06
3.49913e+06
3.49913e+06
3.49914e+06
3.49914e+06
3.49915e+06
3.49916e+06
3.49917e+06
3.49948e+06
3.49926e+06
3.49916e+06
3.49914e+06
3.49913e+06
3.49913e+06
3.49911e+06
3.49909e+06
3.49908e+06
3.49906e+06
3.49907e+06
3.49907e+06
3.49907e+06
3.49907e+06
3.49907e+06
3.49907e+06
3.49907e+06
3.49907e+06
3.49907e+06
3.49907e+06
3.49907e+06
3.49907e+06
3.49907e+06
3.49907e+06
3.49907e+06
3.49907e+06
3.49907e+06
3.49908e+06
3.49908e+06
3.49909e+06
3.49909e+06
3.4991e+06
3.4991e+06
3.49911e+06
3.49912e+06
3.49912e+06
3.49913e+06
3.49914e+06
3.49914e+06
3.49943e+06
3.49927e+06
3.49916e+06
3.49915e+06
3.49914e+06
3.49913e+06
3.4991e+06
3.49909e+06
3.49907e+06
3.49905e+06
3.49905e+06
3.49905e+06
3.49904e+06
3.49905e+06
3.49905e+06
3.49904e+06
3.49904e+06
3.49904e+06
3.49904e+06
3.49904e+06
3.49904e+06
3.49904e+06
3.49904e+06
3.49904e+06
3.49904e+06
3.49904e+06
3.49905e+06
3.49905e+06
3.49905e+06
3.49906e+06
3.49907e+06
3.49907e+06
3.49908e+06
3.49908e+06
3.49909e+06
3.4991e+06
3.49911e+06
3.49911e+06
3.49912e+06
3.49913e+06
3.49922e+06
3.49915e+06
3.49912e+06
3.49914e+06
3.49913e+06
3.49911e+06
3.49908e+06
3.49907e+06
3.49905e+06
3.49902e+06
3.49903e+06
3.49903e+06
3.49901e+06
3.49902e+06
3.49901e+06
3.49901e+06
3.49901e+06
3.49901e+06
3.49901e+06
3.499e+06
3.499e+06
3.49901e+06
3.49901e+06
3.49901e+06
3.49901e+06
3.49901e+06
3.49902e+06
3.49902e+06
3.49903e+06
3.49903e+06
3.49904e+06
3.49905e+06
3.49905e+06
3.49906e+06
3.49907e+06
3.49908e+06
3.49908e+06
3.49909e+06
3.4991e+06
3.49911e+06
3.49894e+06
3.49901e+06
3.49907e+06
3.49911e+06
3.49908e+06
3.49906e+06
3.49905e+06
3.49905e+06
3.49902e+06
3.499e+06
3.499e+06
3.499e+06
3.49898e+06
3.49899e+06
3.49898e+06
3.49898e+06
3.49897e+06
3.49897e+06
3.49897e+06
3.49897e+06
3.49897e+06
3.49897e+06
3.49897e+06
3.49898e+06
3.49898e+06
3.49898e+06
3.49899e+06
3.49899e+06
3.499e+06
3.49901e+06
3.49901e+06
3.49902e+06
3.49903e+06
3.49904e+06
3.49904e+06
3.49905e+06
3.49906e+06
3.49907e+06
3.49908e+06
3.49909e+06
3.4991e+06
3.49878e+06
3.49891e+06
3.49899e+06
3.49905e+06
3.49904e+06
3.49903e+06
3.49902e+06
3.49902e+06
3.49899e+06
3.49897e+06
3.49897e+06
3.49897e+06
3.49895e+06
3.49895e+06
3.49895e+06
3.49894e+06
3.49894e+06
3.49894e+06
3.49894e+06
3.49894e+06
3.49894e+06
3.49894e+06
3.49894e+06
3.49895e+06
3.49895e+06
3.49895e+06
3.49896e+06
3.49897e+06
3.49897e+06
3.49898e+06
3.49899e+06
3.49899e+06
3.499e+06
3.49901e+06
3.49902e+06
3.49903e+06
3.49904e+06
3.49905e+06
3.49906e+06
3.49907e+06
3.49908e+06
3.49917e+06
3.49903e+06
3.49896e+06
3.49899e+06
3.49898e+06
3.49899e+06
3.49898e+06
3.49898e+06
3.49895e+06
3.49894e+06
3.49894e+06
3.49893e+06
3.49892e+06
3.49892e+06
3.49891e+06
3.4989e+06
3.4989e+06
3.4989e+06
3.4989e+06
3.4989e+06
3.4989e+06
3.49891e+06
3.49891e+06
3.49891e+06
3.49892e+06
3.49892e+06
3.49893e+06
3.49894e+06
3.49894e+06
3.49895e+06
3.49896e+06
3.49897e+06
3.49898e+06
3.49899e+06
3.499e+06
3.49901e+06
3.49902e+06
3.49903e+06
3.49904e+06
3.49905e+06
3.49906e+06
3.499e+06
3.49892e+06
3.49886e+06
3.49892e+06
3.49893e+06
3.49894e+06
3.49894e+06
3.49895e+06
3.49892e+06
3.49891e+06
3.4989e+06
3.4989e+06
3.49888e+06
3.49888e+06
3.49887e+06
3.49887e+06
3.49886e+06
3.49886e+06
3.49886e+06
3.49886e+06
3.49887e+06
3.49887e+06
3.49887e+06
3.49888e+06
3.49889e+06
3.49889e+06
3.4989e+06
3.49891e+06
3.49891e+06
3.49892e+06
3.49893e+06
3.49894e+06
3.49895e+06
3.49896e+06
3.49897e+06
3.49898e+06
3.49899e+06
3.499e+06
3.49901e+06
3.49902e+06
3.49903e+06
3.49867e+06
3.49873e+06
3.49881e+06
3.49888e+06
3.49886e+06
3.49889e+06
3.49889e+06
3.4989e+06
3.49888e+06
3.49886e+06
3.49886e+06
3.49885e+06
3.49884e+06
3.49883e+06
3.49883e+06
3.49882e+06
3.49882e+06
3.49882e+06
3.49882e+06
3.49883e+06
3.49883e+06
3.49883e+06
3.49884e+06
3.49885e+06
3.49885e+06
3.49886e+06
3.49887e+06
3.49888e+06
3.49888e+06
3.49889e+06
3.4989e+06
3.49891e+06
3.49892e+06
3.49893e+06
3.49895e+06
3.49896e+06
3.49897e+06
3.49898e+06
3.49899e+06
3.499e+06
3.49901e+06
3.49837e+06
3.49849e+06
3.49867e+06
3.49879e+06
3.4988e+06
3.49883e+06
3.49884e+06
3.49884e+06
3.49882e+06
3.49881e+06
3.49881e+06
3.49881e+06
3.49879e+06
3.49879e+06
3.49878e+06
3.49878e+06
3.49878e+06
3.49878e+06
3.49878e+06
3.49879e+06
3.49879e+06
3.4988e+06
3.4988e+06
3.49881e+06
3.49882e+06
3.49883e+06
3.49884e+06
3.49884e+06
3.49885e+06
3.49886e+06
3.49888e+06
3.49889e+06
3.4989e+06
3.49891e+06
3.49892e+06
3.49893e+06
3.49894e+06
3.49896e+06
3.49897e+06
3.49898e+06
3.49899e+06
3.49825e+06
3.49837e+06
3.49854e+06
3.49869e+06
3.49873e+06
3.49879e+06
3.49878e+06
3.49879e+06
3.4988e+06
3.49879e+06
3.49877e+06
3.49876e+06
3.49875e+06
3.49874e+06
3.49874e+06
3.49873e+06
3.49873e+06
3.49874e+06
3.49874e+06
3.49874e+06
3.49875e+06
3.49876e+06
3.49877e+06
3.49877e+06
3.49878e+06
3.49879e+06
3.4988e+06
3.49881e+06
3.49882e+06
3.49883e+06
3.49885e+06
3.49886e+06
3.49887e+06
3.49888e+06
3.49889e+06
3.49891e+06
3.49892e+06
3.49893e+06
3.49894e+06
3.49896e+06
3.49897e+06
3.49798e+06
3.49818e+06
3.49842e+06
3.4986e+06
3.49867e+06
3.49874e+06
3.49874e+06
3.49873e+06
3.49874e+06
3.49873e+06
3.49871e+06
3.49871e+06
3.4987e+06
3.49869e+06
3.49869e+06
3.49869e+06
3.49869e+06
3.49869e+06
3.4987e+06
3.4987e+06
3.49871e+06
3.49872e+06
3.49873e+06
3.49874e+06
3.49875e+06
3.49876e+06
3.49877e+06
3.49878e+06
3.49879e+06
3.4988e+06
3.49882e+06
3.49883e+06
3.49884e+06
3.49885e+06
3.49887e+06
3.49888e+06
3.49889e+06
3.49891e+06
3.49892e+06
3.49893e+06
3.49895e+06
3.49764e+06
3.498e+06
3.49837e+06
3.49854e+06
3.49862e+06
3.49867e+06
3.49868e+06
3.49867e+06
3.49868e+06
3.49867e+06
3.49865e+06
3.49866e+06
3.49865e+06
3.49864e+06
3.49864e+06
3.49864e+06
3.49864e+06
3.49864e+06
3.49865e+06
3.49866e+06
3.49867e+06
3.49868e+06
3.49869e+06
3.4987e+06
3.49871e+06
3.49872e+06
3.49874e+06
3.49875e+06
3.49876e+06
3.49877e+06
3.49879e+06
3.4988e+06
3.49881e+06
3.49883e+06
3.49884e+06
3.49886e+06
3.49887e+06
3.49888e+06
3.4989e+06
3.49891e+06
3.49892e+06
3.49847e+06
3.49837e+06
3.49837e+06
3.49842e+06
3.49849e+06
3.49859e+06
3.49861e+06
3.49862e+06
3.49863e+06
3.49862e+06
3.4986e+06
3.4986e+06
3.49859e+06
3.49859e+06
3.49858e+06
3.49859e+06
3.49859e+06
3.4986e+06
3.49861e+06
3.49862e+06
3.49863e+06
3.49864e+06
3.49865e+06
3.49866e+06
3.49867e+06
3.49869e+06
3.4987e+06
3.49871e+06
3.49873e+06
3.49874e+06
3.49876e+06
3.49877e+06
3.49878e+06
3.4988e+06
3.49881e+06
3.49883e+06
3.49884e+06
3.49886e+06
3.49887e+06
3.49889e+06
3.4989e+06
3.49953e+06
3.49838e+06
3.49816e+06
3.49833e+06
3.49846e+06
3.49854e+06
3.4986e+06
3.49856e+06
3.49859e+06
3.49856e+06
3.49854e+06
3.49854e+06
3.49854e+06
3.49853e+06
3.49853e+06
3.49853e+06
3.49854e+06
3.49855e+06
3.49856e+06
3.49857e+06
3.49858e+06
3.4986e+06
3.49861e+06
3.49862e+06
3.49864e+06
3.49865e+06
3.49866e+06
3.49868e+06
3.49869e+06
3.49871e+06
3.49872e+06
3.49874e+06
3.49876e+06
3.49877e+06
3.49879e+06
3.4988e+06
3.49882e+06
3.49883e+06
3.49885e+06
3.49886e+06
3.49888e+06
3.50045e+06
3.49906e+06
3.49842e+06
3.4984e+06
3.49842e+06
3.49844e+06
3.49848e+06
3.49848e+06
3.49852e+06
3.4985e+06
3.49849e+06
3.49848e+06
3.49848e+06
3.49847e+06
3.49848e+06
3.49848e+06
3.49849e+06
3.4985e+06
3.49851e+06
3.49853e+06
3.49854e+06
3.49855e+06
3.49857e+06
3.49858e+06
3.4986e+06
3.49861e+06
3.49863e+06
3.49864e+06
3.49866e+06
3.49868e+06
3.49869e+06
3.49871e+06
3.49873e+06
3.49874e+06
3.49876e+06
3.49878e+06
3.49879e+06
3.49881e+06
3.49882e+06
3.49884e+06
3.49886e+06
3.49768e+06
3.49791e+06
3.49811e+06
3.49808e+06
3.49834e+06
3.49837e+06
3.49844e+06
3.49845e+06
3.49848e+06
3.49843e+06
3.49843e+06
3.49842e+06
3.49842e+06
3.49842e+06
3.49842e+06
3.49843e+06
3.49844e+06
3.49845e+06
3.49846e+06
3.49848e+06
3.49849e+06
3.49851e+06
3.49852e+06
3.49854e+06
3.49856e+06
3.49857e+06
3.49859e+06
3.49861e+06
3.49863e+06
3.49864e+06
3.49866e+06
3.49868e+06
3.4987e+06
3.49871e+06
3.49873e+06
3.49875e+06
3.49877e+06
3.49878e+06
3.4988e+06
3.49882e+06
3.49883e+06
3.49764e+06
3.49807e+06
3.49822e+06
3.49815e+06
3.49835e+06
3.49829e+06
3.49835e+06
3.49839e+06
3.49842e+06
3.49837e+06
3.49837e+06
3.49836e+06
3.49836e+06
3.49836e+06
3.49837e+06
3.49838e+06
3.49839e+06
3.4984e+06
3.49842e+06
3.49843e+06
3.49845e+06
3.49846e+06
3.49848e+06
3.4985e+06
3.49852e+06
3.49853e+06
3.49855e+06
3.49857e+06
3.49859e+06
3.49861e+06
3.49863e+06
3.49865e+06
3.49866e+06
3.49868e+06
3.4987e+06
3.49872e+06
3.49874e+06
3.49876e+06
3.49877e+06
3.49879e+06
3.49881e+06
3.49726e+06
3.49771e+06
3.49807e+06
3.49803e+06
3.49824e+06
3.49818e+06
3.4983e+06
3.4983e+06
3.49835e+06
3.4983e+06
3.49831e+06
3.4983e+06
3.4983e+06
3.49831e+06
3.49831e+06
3.49832e+06
3.49833e+06
3.49835e+06
3.49837e+06
3.49838e+06
3.4984e+06
3.49842e+06
3.49844e+06
3.49846e+06
3.49848e+06
3.49849e+06
3.49851e+06
3.49853e+06
3.49855e+06
3.49857e+06
3.49859e+06
3.49861e+06
3.49863e+06
3.49865e+06
3.49867e+06
3.49869e+06
3.49871e+06
3.49873e+06
3.49875e+06
3.49877e+06
3.49879e+06
3.49702e+06
3.49744e+06
3.49784e+06
3.49784e+06
3.49811e+06
3.49808e+06
3.49823e+06
3.49825e+06
3.49831e+06
3.49825e+06
3.49827e+06
3.49824e+06
3.49825e+06
3.49825e+06
3.49826e+06
3.49827e+06
3.49828e+06
3.4983e+06
3.49832e+06
3.49833e+06
3.49835e+06
3.49837e+06
3.49839e+06
3.49841e+06
3.49843e+06
3.49845e+06
3.49847e+06
3.4985e+06
3.49852e+06
3.49854e+06
3.49856e+06
3.49858e+06
3.4986e+06
3.49862e+06
3.49864e+06
3.49866e+06
3.49868e+06
3.4987e+06
3.49872e+06
3.49874e+06
3.49876e+06
3.49717e+06
3.49753e+06
3.49791e+06
3.4978e+06
3.49801e+06
3.498e+06
3.49815e+06
3.4982e+06
3.49826e+06
3.49819e+06
3.49821e+06
3.49818e+06
3.49818e+06
3.49819e+06
3.4982e+06
3.49821e+06
3.49823e+06
3.49824e+06
3.49826e+06
3.49828e+06
3.4983e+06
3.49832e+06
3.49835e+06
3.49837e+06
3.49839e+06
3.49841e+06
3.49843e+06
3.49846e+06
3.49848e+06
3.4985e+06
3.49852e+06
3.49855e+06
3.49857e+06
3.49859e+06
3.49861e+06
3.49863e+06
3.49865e+06
3.49868e+06
3.4987e+06
3.49872e+06
3.49874e+06
3.49738e+06
3.49749e+06
3.49778e+06
3.49775e+06
3.49797e+06
3.49791e+06
3.49808e+06
3.49811e+06
3.4982e+06
3.49814e+06
3.49816e+06
3.49813e+06
3.49813e+06
3.49813e+06
3.49814e+06
3.49815e+06
3.49817e+06
3.49819e+06
3.49821e+06
3.49823e+06
3.49825e+06
3.49828e+06
3.4983e+06
3.49832e+06
3.49835e+06
3.49837e+06
3.49839e+06
3.49842e+06
3.49844e+06
3.49846e+06
3.49849e+06
3.49851e+06
3.49853e+06
3.49856e+06
3.49858e+06
3.4986e+06
3.49863e+06
3.49865e+06
3.49867e+06
3.49869e+06
3.49871e+06
3.49826e+06
3.49709e+06
3.49764e+06
3.49776e+06
3.49799e+06
3.49794e+06
3.49797e+06
3.49801e+06
3.49808e+06
3.49808e+06
3.4981e+06
3.49806e+06
3.49807e+06
3.49807e+06
3.49808e+06
3.49809e+06
3.49811e+06
3.49813e+06
3.49816e+06
3.49818e+06
3.4982e+06
3.49822e+06
3.49825e+06
3.49827e+06
3.4983e+06
3.49833e+06
3.49835e+06
3.49838e+06
3.4984e+06
3.49843e+06
3.49845e+06
3.49848e+06
3.4985e+06
3.49852e+06
3.49855e+06
3.49857e+06
3.4986e+06
3.49862e+06
3.49864e+06
3.49867e+06
3.49869e+06
3.49835e+06
3.49703e+06
3.49751e+06
3.49766e+06
3.4979e+06
3.49789e+06
3.49798e+06
3.498e+06
3.49803e+06
3.49801e+06
3.49802e+06
3.498e+06
3.49801e+06
3.498e+06
3.49802e+06
3.49804e+06
3.49805e+06
3.49808e+06
3.4981e+06
3.49812e+06
3.49815e+06
3.49817e+06
3.4982e+06
3.49823e+06
3.49825e+06
3.49828e+06
3.49831e+06
3.49833e+06
3.49836e+06
3.49839e+06
3.49841e+06
3.49844e+06
3.49847e+06
3.49849e+06
3.49852e+06
3.49854e+06
3.49857e+06
3.49859e+06
3.49862e+06
3.49864e+06
3.49866e+06
3.49823e+06
3.49724e+06
3.49773e+06
3.49757e+06
3.49783e+06
3.49784e+06
3.4979e+06
3.49794e+06
3.49797e+06
3.49792e+06
3.49795e+06
3.49794e+06
3.49796e+06
3.49795e+06
3.49797e+06
3.49798e+06
3.49799e+06
3.49802e+06
3.49804e+06
3.49807e+06
3.49809e+06
3.49812e+06
3.49815e+06
3.49818e+06
3.4982e+06
3.49823e+06
3.49826e+06
3.49829e+06
3.49832e+06
3.49835e+06
3.49838e+06
3.4984e+06
3.49843e+06
3.49846e+06
3.49848e+06
3.49851e+06
3.49854e+06
3.49856e+06
3.49859e+06
3.49861e+06
3.49864e+06
3.4976e+06
3.49679e+06
3.49745e+06
3.49728e+06
3.49761e+06
3.49774e+06
3.49785e+06
3.49791e+06
3.49789e+06
3.49782e+06
3.49786e+06
3.49787e+06
3.49789e+06
3.49788e+06
3.4979e+06
3.49791e+06
3.49793e+06
3.49795e+06
3.49798e+06
3.49801e+06
3.49803e+06
3.49806e+06
3.49809e+06
3.49812e+06
3.49816e+06
3.49819e+06
3.49822e+06
3.49825e+06
3.49828e+06
3.49831e+06
3.49834e+06
3.49836e+06
3.49839e+06
3.49842e+06
3.49845e+06
3.49848e+06
3.49851e+06
3.49853e+06
3.49856e+06
3.49858e+06
3.49861e+06
3.4976e+06
3.49679e+06
3.49732e+06
3.49721e+06
3.49751e+06
3.49767e+06
3.49778e+06
3.49782e+06
3.49779e+06
3.49773e+06
3.49777e+06
3.49778e+06
3.49781e+06
3.4978e+06
3.49783e+06
3.49784e+06
3.49786e+06
3.49789e+06
3.49791e+06
3.49794e+06
3.49797e+06
3.49801e+06
3.49804e+06
3.49807e+06
3.4981e+06
3.49814e+06
3.49817e+06
3.4982e+06
3.49823e+06
3.49826e+06
3.49829e+06
3.49833e+06
3.49836e+06
3.49839e+06
3.49842e+06
3.49844e+06
3.49847e+06
3.4985e+06
3.49853e+06
3.49856e+06
3.49858e+06
3.49698e+06
3.49632e+06
3.49704e+06
3.49703e+06
3.49739e+06
3.49757e+06
3.49766e+06
3.4977e+06
3.49769e+06
3.49764e+06
3.49768e+06
3.49769e+06
3.49773e+06
3.49772e+06
3.49775e+06
3.49777e+06
3.49779e+06
3.49782e+06
3.49785e+06
3.49788e+06
3.49791e+06
3.49795e+06
3.49798e+06
3.49802e+06
3.49805e+06
3.49809e+06
3.49812e+06
3.49815e+06
3.49819e+06
3.49822e+06
3.49825e+06
3.49829e+06
3.49832e+06
3.49835e+06
3.49838e+06
3.49841e+06
3.49844e+06
3.49847e+06
3.4985e+06
3.49853e+06
3.49856e+06
3.49612e+06
3.49589e+06
3.4968e+06
3.49687e+06
3.49725e+06
3.49745e+06
3.49756e+06
3.49759e+06
3.49759e+06
3.49754e+06
3.49758e+06
3.4976e+06
3.49764e+06
3.49764e+06
3.49767e+06
3.49769e+06
3.49771e+06
3.49775e+06
3.49778e+06
3.49781e+06
3.49785e+06
3.49789e+06
3.49792e+06
3.49796e+06
3.498e+06
3.49803e+06
3.49807e+06
3.4981e+06
3.49814e+06
3.49817e+06
3.49821e+06
3.49824e+06
3.49828e+06
3.49831e+06
3.49834e+06
3.49838e+06
3.49841e+06
3.49844e+06
3.49847e+06
3.4985e+06
3.49853e+06
3.49576e+06
3.49565e+06
3.49666e+06
3.49681e+06
3.49719e+06
3.49739e+06
3.49749e+06
3.49751e+06
3.4975e+06
3.49744e+06
3.49747e+06
3.4975e+06
3.49755e+06
3.49755e+06
3.49758e+06
3.49761e+06
3.49763e+06
3.49767e+06
3.49771e+06
3.49775e+06
3.49778e+06
3.49782e+06
3.49786e+06
3.4979e+06
3.49794e+06
3.49798e+06
3.49802e+06
3.49805e+06
3.49809e+06
3.49813e+06
3.49816e+06
3.4982e+06
3.49824e+06
3.49827e+06
3.49831e+06
3.49834e+06
3.49837e+06
3.49841e+06
3.49844e+06
3.49847e+06
3.4985e+06
3.49641e+06
3.49572e+06
3.49659e+06
3.49664e+06
3.49704e+06
3.49727e+06
3.49738e+06
3.4974e+06
3.49739e+06
3.49733e+06
3.49737e+06
3.4974e+06
3.49745e+06
3.49745e+06
3.49749e+06
3.49753e+06
3.49755e+06
3.49759e+06
3.49763e+06
3.49767e+06
3.49771e+06
3.49775e+06
3.4978e+06
3.49784e+06
3.49788e+06
3.49792e+06
3.49796e+06
3.498e+06
3.49804e+06
3.49808e+06
3.49812e+06
3.49816e+06
3.49819e+06
3.49823e+06
3.49827e+06
3.4983e+06
3.49834e+06
3.49837e+06
3.49841e+06
3.49844e+06
3.49847e+06
3.49613e+06
3.49556e+06
3.49652e+06
3.49662e+06
3.49699e+06
3.49721e+06
3.49729e+06
3.49729e+06
3.49727e+06
3.49721e+06
3.49725e+06
3.49728e+06
3.49735e+06
3.49735e+06
3.4974e+06
3.49744e+06
3.49747e+06
3.49751e+06
3.49755e+06
3.4976e+06
3.49764e+06
3.49768e+06
3.49773e+06
3.49777e+06
3.49782e+06
3.49786e+06
3.4979e+06
3.49795e+06
3.49799e+06
3.49803e+06
3.49807e+06
3.49811e+06
3.49815e+06
3.49819e+06
3.49823e+06
3.49827e+06
3.49831e+06
3.49834e+06
3.49838e+06
3.49841e+06
3.49845e+06
3.49555e+06
3.49541e+06
3.49639e+06
3.4965e+06
3.49687e+06
3.49709e+06
3.49718e+06
3.49716e+06
3.49714e+06
3.49708e+06
3.49713e+06
3.49717e+06
3.49724e+06
3.49726e+06
3.4973e+06
3.49734e+06
3.49738e+06
3.49743e+06
3.49747e+06
3.49752e+06
3.49756e+06
3.49761e+06
3.49766e+06
3.4977e+06
3.49775e+06
3.4978e+06
3.49784e+06
3.49789e+06
3.49793e+06
3.49798e+06
3.49802e+06
3.49807e+06
3.49811e+06
3.49815e+06
3.49819e+06
3.49823e+06
3.49827e+06
3.49831e+06
3.49834e+06
3.49838e+06
3.49842e+06
3.49484e+06
3.49493e+06
3.4962e+06
3.49646e+06
3.49683e+06
3.49704e+06
3.49708e+06
3.49702e+06
3.49699e+06
3.49695e+06
3.497e+06
3.49706e+06
3.49713e+06
3.49715e+06
3.4972e+06
3.49724e+06
3.49728e+06
3.49734e+06
3.49738e+06
3.49743e+06
3.49748e+06
3.49753e+06
3.49758e+06
3.49763e+06
3.49768e+06
3.49773e+06
3.49778e+06
3.49783e+06
3.49788e+06
3.49792e+06
3.49797e+06
3.49802e+06
3.49806e+06
3.49811e+06
3.49815e+06
3.49819e+06
3.49823e+06
3.49827e+06
3.49831e+06
3.49835e+06
3.49839e+06
3.49493e+06
3.49484e+06
3.49603e+06
3.49628e+06
3.49668e+06
3.49689e+06
3.49693e+06
3.49683e+06
3.49681e+06
3.4968e+06
3.49687e+06
3.49694e+06
3.49701e+06
3.49703e+06
3.49708e+06
3.49713e+06
3.49717e+06
3.49723e+06
3.49729e+06
3.49734e+06
3.49739e+06
3.49745e+06
3.4975e+06
3.49755e+06
3.49761e+06
3.49766e+06
3.49772e+06
3.49777e+06
3.49782e+06
3.49787e+06
3.49792e+06
3.49797e+06
3.49801e+06
3.49806e+06
3.49811e+06
3.49815e+06
3.49819e+06
3.49824e+06
3.49828e+06
3.49832e+06
3.49836e+06
3.4939e+06
3.49417e+06
3.49587e+06
3.49637e+06
3.49664e+06
3.49673e+06
3.49675e+06
3.49666e+06
3.49668e+06
3.4967e+06
3.49677e+06
3.49684e+06
3.49691e+06
3.49691e+06
3.49696e+06
3.49701e+06
3.49706e+06
3.49712e+06
3.49718e+06
3.49724e+06
3.4973e+06
3.49736e+06
3.49742e+06
3.49748e+06
3.49753e+06
3.49759e+06
3.49765e+06
3.4977e+06
3.49776e+06
3.49781e+06
3.49786e+06
3.49792e+06
3.49797e+06
3.49802e+06
3.49806e+06
3.49811e+06
3.49816e+06
3.4982e+06
3.49824e+06
3.49829e+06
3.49833e+06
3.49423e+06
3.49488e+06
3.496e+06
3.49647e+06
3.49678e+06
3.49674e+06
3.49667e+06
3.49659e+06
3.49656e+06
3.49658e+06
3.49664e+06
3.4967e+06
3.49675e+06
3.49675e+06
3.4968e+06
3.49686e+06
3.49692e+06
3.497e+06
3.49707e+06
3.49713e+06
3.4972e+06
3.49726e+06
3.49733e+06
3.49739e+06
3.49745e+06
3.49752e+06
3.49758e+06
3.49764e+06
3.4977e+06
3.49775e+06
3.49781e+06
3.49786e+06
3.49792e+06
3.49797e+06
3.49802e+06
3.49807e+06
3.49812e+06
3.49816e+06
3.49821e+06
3.49825e+06
3.4983e+06
3.49334e+06
3.49495e+06
3.49646e+06
3.49694e+06
3.49696e+06
3.49667e+06
3.49664e+06
3.4966e+06
3.49653e+06
3.4965e+06
3.49654e+06
3.49655e+06
3.49658e+06
3.49658e+06
3.49664e+06
3.49671e+06
3.49678e+06
3.49688e+06
3.49695e+06
3.49702e+06
3.49709e+06
3.49716e+06
3.49723e+06
3.4973e+06
3.49737e+06
3.49744e+06
3.4975e+06
3.49757e+06
3.49763e+06
3.49769e+06
3.49775e+06
3.49781e+06
3.49787e+06
3.49792e+06
3.49797e+06
3.49803e+06
3.49808e+06
3.49813e+06
3.49817e+06
3.49822e+06
3.49826e+06
3.49447e+06
3.49577e+06
3.49659e+06
3.49629e+06
3.49621e+06
3.49615e+06
3.49607e+06
3.49613e+06
3.49623e+06
3.49636e+06
3.49632e+06
3.49633e+06
3.49636e+06
3.49641e+06
3.49648e+06
3.49656e+06
3.49664e+06
3.49674e+06
3.49682e+06
3.4969e+06
3.49698e+06
3.49706e+06
3.49713e+06
3.49721e+06
3.49728e+06
3.49736e+06
3.49743e+06
3.4975e+06
3.49756e+06
3.49763e+06
3.49769e+06
3.49775e+06
3.49781e+06
3.49787e+06
3.49793e+06
3.49798e+06
3.49803e+06
3.49809e+06
3.49814e+06
3.49819e+06
3.49823e+06
3.49567e+06
3.49583e+06
3.49591e+06
3.49598e+06
3.49611e+06
3.49621e+06
3.49629e+06
3.49639e+06
3.49649e+06
3.4966e+06
3.49669e+06
3.49678e+06
3.49686e+06
3.49695e+06
3.49703e+06
3.49711e+06
3.49719e+06
3.49727e+06
3.49735e+06
3.49742e+06
3.49749e+06
3.49756e+06
3.49763e+06
3.49769e+06
3.49776e+06
3.49782e+06
3.49788e+06
3.49794e+06
3.49799e+06
3.49805e+06
3.4981e+06
3.49815e+06
3.4982e+06
)
;

boundaryField
{
    inlet
    {
        type            fixedValue;
        value           nonuniform List<scalar> 0();
    }
    outlet
    {
        type            fixedValue;
        value           nonuniform List<scalar> 0();
    }
    walls
    {
        type            fixedFluxPressure;
        gradient        nonuniform List<scalar> 0();
        value           nonuniform List<scalar> 0();
    }
    side1
    {
        type            cyclic;
    }
    side2
    {
        type            cyclic;
    }
    procBoundary4to0
    {
        type            processor;
        value           nonuniform List<scalar> 
52
(
3.49618e+06
3.49631e+06
3.49642e+06
3.49653e+06
3.49664e+06
3.49673e+06
3.49683e+06
3.49692e+06
3.49701e+06
3.4971e+06
3.49718e+06
3.49726e+06
3.49734e+06
3.49742e+06
3.49749e+06
3.49756e+06
3.49763e+06
3.4977e+06
3.49776e+06
3.49783e+06
3.49789e+06
3.49795e+06
3.49801e+06
3.49806e+06
3.49812e+06
3.49817e+06
3.49618e+06
3.49631e+06
3.49642e+06
3.49653e+06
3.49664e+06
3.49673e+06
3.49683e+06
3.49692e+06
3.49701e+06
3.4971e+06
3.49718e+06
3.49726e+06
3.49734e+06
3.49742e+06
3.49749e+06
3.49756e+06
3.49763e+06
3.4977e+06
3.49776e+06
3.49783e+06
3.49789e+06
3.49795e+06
3.49801e+06
3.49806e+06
3.49812e+06
3.49817e+06
)
;
    }
    procBoundary4to1
    {
        type            processor;
        value           nonuniform List<scalar> 
32
(
3.50312e+06
3.49986e+06
3.49732e+06
3.49604e+06
3.49623e+06
3.49597e+06
3.49599e+06
3.49608e+06
3.49608e+06
3.49572e+06
3.49583e+06
3.49588e+06
3.49565e+06
3.49576e+06
3.49589e+06
3.49597e+06
3.50312e+06
3.49986e+06
3.49732e+06
3.49604e+06
3.49623e+06
3.49597e+06
3.49599e+06
3.49608e+06
3.49608e+06
3.49571e+06
3.49583e+06
3.49588e+06
3.49565e+06
3.49576e+06
3.49589e+06
3.49597e+06
)
;
    }
    procBoundary4to3
    {
        type            processor;
        value           nonuniform List<scalar> 
88
(
3.49921e+06
3.49919e+06
3.49917e+06
3.49915e+06
3.49915e+06
3.49914e+06
3.49912e+06
3.49912e+06
3.49911e+06
3.49909e+06
3.49907e+06
3.49904e+06
3.49902e+06
3.499e+06
3.49898e+06
3.49896e+06
3.49894e+06
3.49892e+06
3.49889e+06
3.49887e+06
3.49885e+06
3.49883e+06
3.4988e+06
3.49878e+06
3.49876e+06
3.49873e+06
3.49871e+06
3.49868e+06
3.49866e+06
3.49863e+06
3.49861e+06
3.49858e+06
3.49856e+06
3.49853e+06
3.49851e+06
3.49848e+06
3.49845e+06
3.49842e+06
3.4984e+06
3.49837e+06
3.49834e+06
3.49831e+06
3.49828e+06
3.49825e+06
3.49921e+06
3.49919e+06
3.49917e+06
3.49915e+06
3.49915e+06
3.49914e+06
3.49912e+06
3.49912e+06
3.49911e+06
3.49909e+06
3.49907e+06
3.49904e+06
3.49902e+06
3.499e+06
3.49898e+06
3.49896e+06
3.49894e+06
3.49892e+06
3.49889e+06
3.49887e+06
3.49885e+06
3.49883e+06
3.4988e+06
3.49878e+06
3.49876e+06
3.49873e+06
3.49871e+06
3.49868e+06
3.49866e+06
3.49863e+06
3.49861e+06
3.49858e+06
3.49856e+06
3.49853e+06
3.49851e+06
3.49848e+06
3.49845e+06
3.49842e+06
3.4984e+06
3.49837e+06
3.49834e+06
3.49831e+06
3.49828e+06
3.49825e+06
)
;
    }
    procBoundary4to5
    {
        type            processor;
        value           nonuniform List<scalar> 
86
(
3.49918e+06
3.49918e+06
3.49918e+06
3.49917e+06
3.49917e+06
3.49917e+06
3.49918e+06
3.49918e+06
3.49918e+06
3.49918e+06
3.49918e+06
3.49919e+06
3.49919e+06
3.4992e+06
3.4992e+06
3.49921e+06
3.49921e+06
3.49922e+06
3.49922e+06
3.49923e+06
3.49915e+06
3.49915e+06
3.49915e+06
3.49701e+06
3.49821e+06
3.4988e+06
3.49896e+06
3.49908e+06
3.49911e+06
3.49912e+06
3.49917e+06
3.49913e+06
3.49911e+06
3.49912e+06
3.49913e+06
3.49913e+06
3.49913e+06
3.49913e+06
3.49913e+06
3.49909e+06
3.49909e+06
3.4991e+06
3.4991e+06
3.49918e+06
3.49918e+06
3.49918e+06
3.49917e+06
3.49917e+06
3.49917e+06
3.49918e+06
3.49918e+06
3.49918e+06
3.49918e+06
3.49918e+06
3.49919e+06
3.49919e+06
3.4992e+06
3.4992e+06
3.49921e+06
3.49921e+06
3.49922e+06
3.49922e+06
3.49923e+06
3.49915e+06
3.49915e+06
3.49915e+06
3.49701e+06
3.49821e+06
3.4988e+06
3.49896e+06
3.49908e+06
3.49911e+06
3.49912e+06
3.49917e+06
3.49913e+06
3.49911e+06
3.49912e+06
3.49913e+06
3.49913e+06
3.49913e+06
3.49913e+06
3.49913e+06
3.49909e+06
3.49909e+06
3.4991e+06
3.4991e+06
)
;
    }
}


// ************************************************************************* //
