/*--------------------------------*- C++ -*----------------------------------*\
| =========                 |                                                 |
| \\      /  F ield         | OpenFOAM: The Open Source CFD Toolbox           |
|  \\    /   O peration     | Version:  v2012                                 |
|   \\  /    A nd           | Website:  www.openfoam.com                      |
|    \\/     M anipulation  |                                                 |
\*---------------------------------------------------------------------------*/
FoamFile
{
    version     2.0;
    format      ascii;
    class       volScalarField;
    location    "0.75";
    object      p;
}
// * * * * * * * * * * * * * * * * * * * * * * * * * * * * * * * * * * * * * //

dimensions      [1 -1 -2 0 0 0 0];


internalField   nonuniform List<scalar> 
2619
(
3.1e+06
3.1e+06
3.1e+06
3.1e+06
3.1e+06
3.1e+06
3.1e+06
3.1e+06
3.1e+06
3.1e+06
3.1e+06
3.1e+06
3.1e+06
3.1e+06
3.1e+06
3.1e+06
3.10001e+06
3.1e+06
3.1e+06
3.1e+06
3.1e+06
3.1e+06
3.1e+06
3.1e+06
3.1e+06
3.1e+06
3.1e+06
3.1e+06
3.1e+06
3.1e+06
3.1e+06
3.1e+06
3.1e+06
3.1e+06
3.10001e+06
3.1e+06
3.1e+06
3.1e+06
3.1e+06
3.1e+06
3.1e+06
3.1e+06
3.1e+06
3.1e+06
3.1e+06
3.1e+06
3.1e+06
3.1e+06
3.1e+06
3.1e+06
3.1e+06
3.1e+06
3.1e+06
3.10001e+06
3.1e+06
3.10001e+06
3.1e+06
3.1e+06
3.1e+06
3.1e+06
3.1e+06
3.1e+06
3.1e+06
3.1e+06
3.1e+06
3.1e+06
3.1e+06
3.1e+06
3.1e+06
3.1e+06
3.1e+06
3.1e+06
3.10001e+06
3.1e+06
3.10001e+06
3.1e+06
3.1e+06
3.1e+06
3.1e+06
3.1e+06
3.1e+06
3.1e+06
3.1e+06
3.1e+06
3.1e+06
3.1e+06
3.1e+06
3.1e+06
3.1e+06
3.1e+06
3.1e+06
3.10001e+06
3.1e+06
3.10001e+06
3.1e+06
3.10001e+06
3.1e+06
3.1e+06
3.1e+06
3.1e+06
3.1e+06
3.1e+06
3.1e+06
3.1e+06
3.1e+06
3.1e+06
3.1e+06
3.1e+06
3.1e+06
3.1e+06
3.10001e+06
3.1e+06
3.10001e+06
3.1e+06
3.10001e+06
3.1e+06
3.10001e+06
3.1e+06
3.1e+06
3.1e+06
3.1e+06
3.1e+06
3.1e+06
3.1e+06
3.1e+06
3.1e+06
3.1e+06
3.1e+06
3.1e+06
3.10001e+06
3.1e+06
3.10001e+06
3.1e+06
3.10001e+06
3.1e+06
3.10001e+06
3.1e+06
3.10001e+06
3.1e+06
3.1e+06
3.1e+06
3.1e+06
3.1e+06
3.1e+06
3.1e+06
3.1e+06
3.1e+06
3.1e+06
3.10002e+06
3.1e+06
3.10001e+06
3.1e+06
3.10001e+06
3.10001e+06
3.10001e+06
3.10001e+06
3.10001e+06
3.10001e+06
3.10001e+06
3.1e+06
3.1e+06
3.1e+06
3.1e+06
3.1e+06
3.1e+06
3.1e+06
3.1e+06
3.10002e+06
3.1e+06
3.10001e+06
3.10001e+06
3.10001e+06
3.10001e+06
3.10001e+06
3.10001e+06
3.10001e+06
3.10001e+06
3.10001e+06
3.10001e+06
3.10001e+06
3.1e+06
3.1e+06
3.1e+06
3.1e+06
3.1e+06
3.1e+06
3.10002e+06
3.1e+06
3.10001e+06
3.10001e+06
3.10001e+06
3.10001e+06
3.10001e+06
3.10001e+06
3.10001e+06
3.10001e+06
3.10001e+06
3.10001e+06
3.10001e+06
3.10001e+06
3.10001e+06
3.1e+06
3.1e+06
3.1e+06
3.1e+06
3.10002e+06
3.1e+06
3.10002e+06
3.10001e+06
3.10001e+06
3.10001e+06
3.10001e+06
3.10001e+06
3.10001e+06
3.10001e+06
3.10001e+06
3.10001e+06
3.10001e+06
3.10001e+06
3.10001e+06
3.10001e+06
3.1e+06
3.1e+06
3.1e+06
3.1e+06
3.1e+06
3.1e+06
3.1e+06
3.10002e+06
3.10001e+06
3.10002e+06
3.10001e+06
3.10001e+06
3.10001e+06
3.10001e+06
3.10001e+06
3.10001e+06
3.10001e+06
3.10001e+06
3.10001e+06
3.10001e+06
3.10001e+06
3.10001e+06
3.10001e+06
3.10001e+06
3.1e+06
3.1e+06
3.1e+06
3.1e+06
3.1e+06
3.1e+06
3.10003e+06
3.10001e+06
3.10002e+06
3.10001e+06
3.10002e+06
3.10001e+06
3.10001e+06
3.10001e+06
3.10001e+06
3.10001e+06
3.10001e+06
3.10001e+06
3.10001e+06
3.10001e+06
3.10001e+06
3.10001e+06
3.10001e+06
3.10001e+06
3.1e+06
3.1e+06
3.1e+06
3.1e+06
3.1e+06
3.10003e+06
3.10001e+06
3.10002e+06
3.10001e+06
3.10002e+06
3.10001e+06
3.10002e+06
3.10001e+06
3.10002e+06
3.10001e+06
3.10001e+06
3.10001e+06
3.10001e+06
3.10001e+06
3.10001e+06
3.10001e+06
3.10001e+06
3.10001e+06
3.1e+06
3.1e+06
3.1e+06
3.1e+06
3.1e+06
3.10003e+06
3.10001e+06
3.10002e+06
3.10001e+06
3.10002e+06
3.10002e+06
3.10002e+06
3.10002e+06
3.10002e+06
3.10002e+06
3.10002e+06
3.10001e+06
3.10001e+06
3.10001e+06
3.10001e+06
3.10001e+06
3.10001e+06
3.10001e+06
3.10001e+06
3.1e+06
3.1e+06
3.1e+06
3.1e+06
3.10004e+06
3.10001e+06
3.10003e+06
3.10002e+06
3.10002e+06
3.10002e+06
3.10002e+06
3.10002e+06
3.10002e+06
3.10002e+06
3.10002e+06
3.10002e+06
3.10002e+06
3.10001e+06
3.10001e+06
3.10001e+06
3.10001e+06
3.10001e+06
3.10001e+06
3.10001e+06
3.1e+06
3.1e+06
3.1e+06
3.10004e+06
3.10001e+06
3.10003e+06
3.10002e+06
3.10003e+06
3.10002e+06
3.10002e+06
3.10002e+06
3.10002e+06
3.10002e+06
3.10002e+06
3.10002e+06
3.10002e+06
3.10002e+06
3.10001e+06
3.10001e+06
3.10001e+06
3.10001e+06
3.10001e+06
3.10001e+06
3.1e+06
3.1e+06
3.1e+06
3.10005e+06
3.10002e+06
3.10004e+06
3.10002e+06
3.10003e+06
3.10002e+06
3.10003e+06
3.10002e+06
3.10002e+06
3.10002e+06
3.10002e+06
3.10002e+06
3.10002e+06
3.10002e+06
3.10002e+06
3.10001e+06
3.10001e+06
3.10001e+06
3.10001e+06
3.10001e+06
3.1e+06
3.1e+06
3.1e+06
3.10005e+06
3.10002e+06
3.10004e+06
3.10003e+06
3.10003e+06
3.10003e+06
3.10003e+06
3.10003e+06
3.10003e+06
3.10003e+06
3.10002e+06
3.10002e+06
3.10002e+06
3.10002e+06
3.10002e+06
3.10002e+06
3.10001e+06
3.10001e+06
3.10001e+06
3.10001e+06
3.10001e+06
3.1e+06
3.1e+06
3.10006e+06
3.10002e+06
3.10005e+06
3.10003e+06
3.10004e+06
3.10003e+06
3.10004e+06
3.10003e+06
3.10003e+06
3.10003e+06
3.10003e+06
3.10003e+06
3.10002e+06
3.10002e+06
3.10002e+06
3.10002e+06
3.10002e+06
3.10001e+06
3.10001e+06
3.10001e+06
3.10001e+06
3.1e+06
3.1e+06
3.10006e+06
3.10002e+06
3.10005e+06
3.10003e+06
3.10004e+06
3.10003e+06
3.10004e+06
3.10003e+06
3.10003e+06
3.10003e+06
3.10003e+06
3.10003e+06
3.10003e+06
3.10002e+06
3.10002e+06
3.10002e+06
3.10002e+06
3.10001e+06
3.10001e+06
3.10001e+06
3.10001e+06
3.1e+06
3.1e+06
3.10008e+06
3.10003e+06
3.10006e+06
3.10004e+06
3.10005e+06
3.10004e+06
3.10005e+06
3.10004e+06
3.10004e+06
3.10004e+06
3.10004e+06
3.10003e+06
3.10003e+06
3.10003e+06
3.10003e+06
3.10002e+06
3.10002e+06
3.10002e+06
3.10001e+06
3.10001e+06
3.10001e+06
3.10001e+06
3.1e+06
3.10008e+06
3.10003e+06
3.10006e+06
3.10004e+06
3.10005e+06
3.10004e+06
3.10005e+06
3.10004e+06
3.10004e+06
3.10004e+06
3.10004e+06
3.10004e+06
3.10003e+06
3.10003e+06
3.10003e+06
3.10002e+06
3.10002e+06
3.10002e+06
3.10002e+06
3.10001e+06
3.10001e+06
3.10001e+06
3.1e+06
3.1001e+06
3.10004e+06
3.10008e+06
3.10005e+06
3.10007e+06
3.10005e+06
3.10006e+06
3.10005e+06
3.10005e+06
3.10005e+06
3.10005e+06
3.10004e+06
3.10004e+06
3.10003e+06
3.10003e+06
3.10003e+06
3.10002e+06
3.10002e+06
3.10002e+06
3.10001e+06
3.10001e+06
3.10001e+06
3.1e+06
3.1001e+06
3.10004e+06
3.10008e+06
3.10005e+06
3.10007e+06
3.10005e+06
3.10006e+06
3.10005e+06
3.10005e+06
3.10005e+06
3.10005e+06
3.10004e+06
3.10004e+06
3.10004e+06
3.10003e+06
3.10003e+06
3.10003e+06
3.10002e+06
3.10002e+06
3.10001e+06
3.10001e+06
3.10001e+06
3.1e+06
3.10012e+06
3.10006e+06
3.1001e+06
3.10007e+06
3.10009e+06
3.10007e+06
3.10008e+06
3.10007e+06
3.10007e+06
3.10006e+06
3.10006e+06
3.10005e+06
3.10005e+06
3.10004e+06
3.10004e+06
3.10003e+06
3.10003e+06
3.10002e+06
3.10002e+06
3.10002e+06
3.10001e+06
3.10001e+06
3.1e+06
3.10012e+06
3.10005e+06
3.1001e+06
3.10007e+06
3.10008e+06
3.10007e+06
3.10008e+06
3.10007e+06
3.10007e+06
3.10006e+06
3.10006e+06
3.10005e+06
3.10005e+06
3.10005e+06
3.10004e+06
3.10004e+06
3.10003e+06
3.10003e+06
3.10002e+06
3.10002e+06
3.10001e+06
3.10001e+06
3.1e+06
3.10016e+06
3.10008e+06
3.10013e+06
3.10009e+06
3.10011e+06
3.10009e+06
3.1001e+06
3.10009e+06
3.10009e+06
3.10008e+06
3.10007e+06
3.10007e+06
3.10006e+06
3.10005e+06
3.10005e+06
3.10004e+06
3.10003e+06
3.10003e+06
3.10002e+06
3.10002e+06
3.10001e+06
3.10001e+06
3.1e+06
3.10016e+06
3.10006e+06
3.10012e+06
3.10008e+06
3.1001e+06
3.10009e+06
3.10009e+06
3.10008e+06
3.10008e+06
3.10008e+06
3.10007e+06
3.10007e+06
3.10006e+06
3.10006e+06
3.10005e+06
3.10004e+06
3.10004e+06
3.10003e+06
3.10002e+06
3.10002e+06
3.10001e+06
3.10001e+06
3.1e+06
3.10022e+06
3.10011e+06
3.10018e+06
3.10013e+06
3.10015e+06
3.10013e+06
3.10014e+06
3.10012e+06
3.10012e+06
3.1001e+06
3.1001e+06
3.10009e+06
3.10008e+06
3.10007e+06
3.10006e+06
3.10005e+06
3.10004e+06
3.10003e+06
3.10003e+06
3.10002e+06
3.10001e+06
3.10001e+06
3.1e+06
3.1002e+06
3.10007e+06
3.10015e+06
3.1001e+06
3.10013e+06
3.1001e+06
3.10012e+06
3.1001e+06
3.1001e+06
3.10009e+06
3.10009e+06
3.10008e+06
3.10008e+06
3.10007e+06
3.10006e+06
3.10005e+06
3.10004e+06
3.10003e+06
3.10003e+06
3.10002e+06
3.10001e+06
3.10001e+06
3.1e+06
3.1003e+06
3.10016e+06
3.10025e+06
3.10018e+06
3.10021e+06
3.10018e+06
3.10019e+06
3.10016e+06
3.10016e+06
3.10014e+06
3.10013e+06
3.10011e+06
3.1001e+06
3.10008e+06
3.10007e+06
3.10006e+06
3.10005e+06
3.10004e+06
3.10003e+06
3.10002e+06
3.10001e+06
3.1e+06
3.1e+06
3.10025e+06
3.10009e+06
3.10019e+06
3.10012e+06
3.10016e+06
3.10013e+06
3.10014e+06
3.10012e+06
3.10013e+06
3.10011e+06
3.10011e+06
3.1001e+06
3.10009e+06
3.10008e+06
3.10007e+06
3.10006e+06
3.10005e+06
3.10004e+06
3.10003e+06
3.10002e+06
3.10001e+06
3.1e+06
3.1e+06
3.10043e+06
3.10024e+06
3.10036e+06
3.10027e+06
3.10031e+06
3.10025e+06
3.10026e+06
3.10022e+06
3.10021e+06
3.10018e+06
3.10017e+06
3.10014e+06
3.10012e+06
3.1001e+06
3.10009e+06
3.10007e+06
3.10005e+06
3.10004e+06
3.10003e+06
3.10002e+06
3.10001e+06
3.1e+06
3.09999e+06
3.10031e+06
3.10009e+06
3.10023e+06
3.10014e+06
3.1002e+06
3.10015e+06
3.10017e+06
3.10015e+06
3.10015e+06
3.10013e+06
3.10013e+06
3.10011e+06
3.1001e+06
3.10009e+06
3.10008e+06
3.10006e+06
3.10005e+06
3.10004e+06
3.10002e+06
3.10001e+06
3.1e+06
3.1e+06
3.09999e+06
3.10064e+06
3.10037e+06
3.10053e+06
3.1004e+06
3.10045e+06
3.10038e+06
3.10038e+06
3.10032e+06
3.1003e+06
3.10025e+06
3.10023e+06
3.10019e+06
3.10016e+06
3.10013e+06
3.1001e+06
3.10008e+06
3.10006e+06
3.10004e+06
3.10002e+06
3.10001e+06
3.1e+06
3.09999e+06
3.09999e+06
3.1004e+06
3.10009e+06
3.10028e+06
3.10015e+06
3.10023e+06
3.10016e+06
3.1002e+06
3.10016e+06
3.10017e+06
3.10015e+06
3.10015e+06
3.10012e+06
3.10011e+06
3.10009e+06
3.10008e+06
3.10006e+06
3.10005e+06
3.10003e+06
3.10002e+06
3.10001e+06
3.1e+06
3.09999e+06
3.09998e+06
3.10098e+06
3.1006e+06
3.10082e+06
3.10063e+06
3.1007e+06
3.10057e+06
3.10057e+06
3.10047e+06
3.10044e+06
3.10036e+06
3.10031e+06
3.10025e+06
3.1002e+06
3.10016e+06
3.10012e+06
3.10009e+06
3.10006e+06
3.10003e+06
3.10002e+06
3.1e+06
3.09999e+06
3.09998e+06
3.09997e+06
3.10051e+06
3.10005e+06
3.10034e+06
3.10014e+06
3.10027e+06
3.10016e+06
3.10022e+06
3.10016e+06
3.10018e+06
3.10014e+06
3.10015e+06
3.10012e+06
3.10011e+06
3.10009e+06
3.10007e+06
3.10005e+06
3.10003e+06
3.10002e+06
3.1e+06
3.09999e+06
3.09998e+06
3.09997e+06
3.09997e+06
3.10159e+06
3.101e+06
3.10133e+06
3.10102e+06
3.10112e+06
3.10089e+06
3.10089e+06
3.10071e+06
3.10065e+06
3.10051e+06
3.10044e+06
3.10033e+06
3.10026e+06
3.10019e+06
3.10013e+06
3.10009e+06
3.10005e+06
3.10002e+06
3.1e+06
3.09998e+06
3.09997e+06
3.09996e+06
3.09996e+06
3.10067e+06
3.09995e+06
3.1004e+06
3.10007e+06
3.10028e+06
3.10009e+06
3.10021e+06
3.1001e+06
3.10016e+06
3.10009e+06
3.10012e+06
3.10008e+06
3.10008e+06
3.10005e+06
3.10004e+06
3.10002e+06
3.1e+06
3.09999e+06
3.09997e+06
3.09996e+06
3.09995e+06
3.09995e+06
3.09995e+06
3.1027e+06
3.10173e+06
3.10226e+06
3.10171e+06
3.10186e+06
3.10144e+06
3.10143e+06
3.10109e+06
3.101e+06
3.10073e+06
3.10062e+06
3.10043e+06
3.10033e+06
3.10021e+06
3.10014e+06
3.10007e+06
3.10003e+06
3.09999e+06
3.09997e+06
3.09995e+06
3.09994e+06
3.09994e+06
3.09993e+06
3.10093e+06
3.09971e+06
3.10048e+06
3.09987e+06
3.10026e+06
3.09989e+06
3.10013e+06
3.09991e+06
3.10006e+06
3.09994e+06
3.10002e+06
3.09996e+06
3.09999e+06
3.09996e+06
3.09997e+06
3.09995e+06
3.09995e+06
3.09993e+06
3.09993e+06
3.09992e+06
3.09992e+06
3.09992e+06
3.09992e+06
3.10487e+06
3.10312e+06
3.10405e+06
3.10295e+06
3.10324e+06
3.10236e+06
3.10237e+06
3.10167e+06
3.10155e+06
3.10103e+06
3.10088e+06
3.10054e+06
3.10041e+06
3.10022e+06
3.10013e+06
3.10003e+06
3.09998e+06
3.09994e+06
3.09992e+06
3.09991e+06
3.0999e+06
3.0999e+06
3.0999e+06
3.10151e+06
3.0992e+06
3.10062e+06
3.09936e+06
3.10016e+06
3.09934e+06
3.0999e+06
3.09941e+06
3.0998e+06
3.09954e+06
3.09978e+06
3.09968e+06
3.09981e+06
3.09977e+06
3.09983e+06
3.09982e+06
3.09985e+06
3.09985e+06
3.09986e+06
3.09986e+06
3.09987e+06
3.09988e+06
3.09989e+06
3.10942e+06
3.10588e+06
3.10767e+06
3.10525e+06
3.10588e+06
3.10387e+06
3.10402e+06
3.10248e+06
3.1024e+06
3.10137e+06
3.1012e+06
3.10061e+06
3.10046e+06
3.10016e+06
3.10007e+06
3.09994e+06
3.0999e+06
3.09986e+06
3.09985e+06
3.09985e+06
3.09985e+06
3.09986e+06
3.09987e+06
3.10311e+06
3.09814e+06
3.10103e+06
3.09809e+06
3.0999e+06
3.09789e+06
3.09935e+06
3.09815e+06
3.09921e+06
3.09865e+06
3.09929e+06
3.09911e+06
3.09945e+06
3.09943e+06
3.0996e+06
3.09962e+06
3.0997e+06
3.09973e+06
3.09977e+06
3.09979e+06
3.09982e+06
3.09983e+06
3.09985e+06
3.1198e+06
3.11174e+06
3.11547e+06
3.10967e+06
3.11116e+06
3.10613e+06
3.10687e+06
3.10332e+06
3.10359e+06
3.1015e+06
3.10151e+06
3.10047e+06
3.10042e+06
3.09998e+06
3.09994e+06
3.09979e+06
3.09978e+06
3.09975e+06
3.09977e+06
3.09978e+06
3.0998e+06
3.09982e+06
3.09984e+06
3.10797e+06
3.09607e+06
3.10223e+06
3.0949e+06
3.09922e+06
3.09385e+06
3.09807e+06
3.09509e+06
3.09803e+06
3.09679e+06
3.09844e+06
3.0981e+06
3.09891e+06
3.0989e+06
3.09927e+06
3.09935e+06
3.09951e+06
3.09958e+06
3.09966e+06
3.09971e+06
3.09976e+06
3.09979e+06
3.09982e+06
3.14457e+06
3.12542e+06
3.1332e+06
3.11879e+06
3.12248e+06
3.10821e+06
3.11131e+06
3.10291e+06
3.10473e+06
3.10068e+06
3.10148e+06
3.09982e+06
3.10012e+06
3.09956e+06
3.09968e+06
3.09955e+06
3.09962e+06
3.09962e+06
3.09967e+06
3.09971e+06
3.09975e+06
3.09978e+06
3.09981e+06
3.12051e+06
3.09314e+06
3.10524e+06
3.087e+06
3.09702e+06
3.08091e+06
3.09524e+06
3.08794e+06
3.09612e+06
3.09353e+06
3.09731e+06
3.09671e+06
3.09829e+06
3.09831e+06
3.09895e+06
3.09909e+06
3.09935e+06
3.09946e+06
3.09958e+06
3.09965e+06
3.09972e+06
3.09976e+06
3.0998e+06
3.19849e+06
3.16148e+06
3.17497e+06
3.14327e+06
3.15161e+06
3.1012e+06
3.11455e+06
3.09661e+06
3.10371e+06
3.09736e+06
3.10028e+06
3.0983e+06
3.09938e+06
3.0989e+06
3.09931e+06
3.09927e+06
3.09945e+06
3.0995e+06
3.0996e+06
3.09966e+06
3.09971e+06
3.09976e+06
3.0998e+06
3.14294e+06
3.1e+06
3.11515e+06
3.07458e+06
3.0882e+06
3.02717e+06
3.08994e+06
3.07575e+06
3.09489e+06
3.09046e+06
3.09688e+06
3.09596e+06
3.09813e+06
3.09812e+06
3.09888e+06
3.09903e+06
3.09932e+06
3.09943e+06
3.09956e+06
3.09964e+06
3.09971e+06
3.09976e+06
3.0998e+06
3.28294e+06
3.26259e+06
3.27475e+06
3.25868e+06
3.2664e+06
3.19506e+06
3.19214e+06
3.19669e+06
3.18768e+06
3.19001e+06
3.37175e+06
3.35973e+06
3.39863e+06
3.36921e+06
3.42844e+06
3.26341e+06
3.307e+06
3.31287e+06
3.27947e+06
3.26921e+06
3.31421e+06
3.30853e+06
3.48871e+06
3.34423e+06
4.00046e+06
4.00158e+06
4.00152e+06
4.00152e+06
4.00108e+06
3.92997e+06
3.96447e+06
3.94234e+06
3.9572e+06
3.97691e+06
3.98694e+06
3.9979e+06
3.99294e+06
3.99227e+06
3.99453e+06
3.99601e+06
4.002e+06
3.99925e+06
3.99851e+06
4.00057e+06
4.00056e+06
4.00202e+06
4.00545e+06
4.00167e+06
4.00169e+06
4.00186e+06
4.00202e+06
4.00279e+06
4.00209e+06
4.01674e+06
4.00203e+06
4.00204e+06
4.03202e+06
4.01289e+06
4.01745e+06
4.01542e+06
4.00215e+06
4.07739e+06
4.03964e+06
4.05151e+06
4.03824e+06
4.00209e+06
4.00226e+06
4.00209e+06
4.00204e+06
4.00203e+06
4.01583e+06
4.09384e+06
4.00207e+06
4.00208e+06
4.00205e+06
4.00203e+06
4.24966e+06
4.00217e+06
4.00231e+06
4.00213e+06
4.00236e+06
4.00558e+06
4.00265e+06
4.00298e+06
4.00236e+06
4.04083e+06
4.00281e+06
4.00418e+06
4.00293e+06
4.00282e+06
5.94233e+06
5.97352e+06
6.28085e+06
6.34762e+06
5.77512e+06
6.40358e+06
6.36869e+06
6.22792e+06
6.15713e+06
6.05926e+06
6.17546e+06
6.16159e+06
6.15685e+06
6.15511e+06
6.15943e+06
6.15705e+06
6.14825e+06
6.13012e+06
6.13252e+06
6.12979e+06
6.12627e+06
6.12487e+06
6.12221e+06
6.1239e+06
6.13035e+06
3.10001e+06
3.1e+06
3.1e+06
3.1e+06
3.1e+06
3.1e+06
3.1e+06
3.1e+06
3.1e+06
3.1e+06
3.1e+06
3.1e+06
3.1e+06
3.1e+06
3.1e+06
3.1e+06
3.1e+06
3.10001e+06
3.1e+06
3.1e+06
3.1e+06
3.1e+06
3.1e+06
3.1e+06
3.1e+06
3.1e+06
3.1e+06
3.1e+06
3.1e+06
3.1e+06
3.1e+06
3.1e+06
3.1e+06
3.1e+06
3.1e+06
3.10001e+06
3.1e+06
3.1e+06
3.1e+06
3.1e+06
3.1e+06
3.1e+06
3.1e+06
3.1e+06
3.1e+06
3.1e+06
3.1e+06
3.1e+06
3.1e+06
3.1e+06
3.1e+06
3.1e+06
3.1e+06
3.1e+06
3.10001e+06
3.1e+06
3.10001e+06
3.1e+06
3.1e+06
3.1e+06
3.1e+06
3.1e+06
3.1e+06
3.1e+06
3.1e+06
3.1e+06
3.1e+06
3.1e+06
3.1e+06
3.1e+06
3.1e+06
3.1e+06
3.1e+06
3.10001e+06
3.1e+06
3.10001e+06
3.1e+06
3.1e+06
3.1e+06
3.1e+06
3.1e+06
3.1e+06
3.1e+06
3.1e+06
3.1e+06
3.1e+06
3.1e+06
3.1e+06
3.1e+06
3.1e+06
3.1e+06
3.1e+06
3.10001e+06
3.1e+06
3.10001e+06
3.1e+06
3.10001e+06
3.1e+06
3.1e+06
3.1e+06
3.1e+06
3.1e+06
3.1e+06
3.1e+06
3.1e+06
3.1e+06
3.1e+06
3.1e+06
3.1e+06
3.1e+06
3.1e+06
3.10001e+06
3.1e+06
3.10001e+06
3.1e+06
3.10001e+06
3.1e+06
3.10001e+06
3.1e+06
3.1e+06
3.1e+06
3.1e+06
3.1e+06
3.1e+06
3.1e+06
3.1e+06
3.1e+06
3.1e+06
3.1e+06
3.1e+06
3.10001e+06
3.1e+06
3.10001e+06
3.1e+06
3.10001e+06
3.1e+06
3.10001e+06
3.1e+06
3.10001e+06
3.1e+06
3.1e+06
3.1e+06
3.1e+06
3.1e+06
3.1e+06
3.1e+06
3.1e+06
3.1e+06
3.1e+06
3.10002e+06
3.1e+06
3.10001e+06
3.1e+06
3.10001e+06
3.10001e+06
3.10001e+06
3.10001e+06
3.10001e+06
3.10001e+06
3.10001e+06
3.1e+06
3.1e+06
3.1e+06
3.1e+06
3.1e+06
3.1e+06
3.1e+06
3.1e+06
3.10002e+06
3.1e+06
3.10001e+06
3.10001e+06
3.10001e+06
3.10001e+06
3.10001e+06
3.10001e+06
3.10001e+06
3.10001e+06
3.10001e+06
3.10001e+06
3.10001e+06
3.1e+06
3.1e+06
3.1e+06
3.1e+06
3.1e+06
3.1e+06
3.10002e+06
3.1e+06
3.10001e+06
3.10001e+06
3.10001e+06
3.10001e+06
3.10001e+06
3.10001e+06
3.10001e+06
3.10001e+06
3.10001e+06
3.10001e+06
3.10001e+06
3.10001e+06
3.10001e+06
3.1e+06
3.1e+06
3.1e+06
3.1e+06
3.10002e+06
3.1e+06
3.10002e+06
3.10001e+06
3.10001e+06
3.10001e+06
3.10001e+06
3.10001e+06
3.10001e+06
3.10001e+06
3.10001e+06
3.10001e+06
3.10001e+06
3.10001e+06
3.10001e+06
3.10001e+06
3.1e+06
3.1e+06
3.1e+06
3.1e+06
3.1e+06
3.1e+06
3.1e+06
3.10002e+06
3.10001e+06
3.10002e+06
3.10001e+06
3.10001e+06
3.10001e+06
3.10001e+06
3.10001e+06
3.10001e+06
3.10001e+06
3.10001e+06
3.10001e+06
3.10001e+06
3.10001e+06
3.10001e+06
3.10001e+06
3.10001e+06
3.1e+06
3.1e+06
3.1e+06
3.1e+06
3.1e+06
3.1e+06
3.10003e+06
3.10001e+06
3.10002e+06
3.10001e+06
3.10002e+06
3.10001e+06
3.10001e+06
3.10001e+06
3.10001e+06
3.10001e+06
3.10001e+06
3.10001e+06
3.10001e+06
3.10001e+06
3.10001e+06
3.10001e+06
3.10001e+06
3.10001e+06
3.1e+06
3.1e+06
3.1e+06
3.1e+06
3.1e+06
3.10003e+06
3.10001e+06
3.10002e+06
3.10001e+06
3.10002e+06
3.10001e+06
3.10002e+06
3.10001e+06
3.10002e+06
3.10001e+06
3.10001e+06
3.10001e+06
3.10001e+06
3.10001e+06
3.10001e+06
3.10001e+06
3.10001e+06
3.10001e+06
3.1e+06
3.1e+06
3.1e+06
3.1e+06
3.1e+06
3.10003e+06
3.10001e+06
3.10002e+06
3.10001e+06
3.10002e+06
3.10002e+06
3.10002e+06
3.10002e+06
3.10002e+06
3.10002e+06
3.10002e+06
3.10001e+06
3.10001e+06
3.10001e+06
3.10001e+06
3.10001e+06
3.10001e+06
3.10001e+06
3.10001e+06
3.1e+06
3.1e+06
3.1e+06
3.1e+06
3.10004e+06
3.10001e+06
3.10003e+06
3.10002e+06
3.10002e+06
3.10002e+06
3.10002e+06
3.10002e+06
3.10002e+06
3.10002e+06
3.10002e+06
3.10002e+06
3.10002e+06
3.10001e+06
3.10001e+06
3.10001e+06
3.10001e+06
3.10001e+06
3.10001e+06
3.10001e+06
3.1e+06
3.1e+06
3.1e+06
3.10004e+06
3.10001e+06
3.10003e+06
3.10002e+06
3.10003e+06
3.10002e+06
3.10002e+06
3.10002e+06
3.10002e+06
3.10002e+06
3.10002e+06
3.10002e+06
3.10002e+06
3.10002e+06
3.10001e+06
3.10001e+06
3.10001e+06
3.10001e+06
3.10001e+06
3.10001e+06
3.1e+06
3.1e+06
3.1e+06
3.10005e+06
3.10002e+06
3.10004e+06
3.10002e+06
3.10003e+06
3.10002e+06
3.10003e+06
3.10002e+06
3.10002e+06
3.10002e+06
3.10002e+06
3.10002e+06
3.10002e+06
3.10002e+06
3.10002e+06
3.10001e+06
3.10001e+06
3.10001e+06
3.10001e+06
3.10001e+06
3.1e+06
3.1e+06
3.1e+06
3.10005e+06
3.10002e+06
3.10004e+06
3.10003e+06
3.10003e+06
3.10003e+06
3.10003e+06
3.10003e+06
3.10003e+06
3.10003e+06
3.10002e+06
3.10002e+06
3.10002e+06
3.10002e+06
3.10002e+06
3.10002e+06
3.10001e+06
3.10001e+06
3.10001e+06
3.10001e+06
3.10001e+06
3.1e+06
3.1e+06
3.10006e+06
3.10002e+06
3.10005e+06
3.10003e+06
3.10004e+06
3.10003e+06
3.10004e+06
3.10003e+06
3.10003e+06
3.10003e+06
3.10003e+06
3.10003e+06
3.10002e+06
3.10002e+06
3.10002e+06
3.10002e+06
3.10002e+06
3.10001e+06
3.10001e+06
3.10001e+06
3.10001e+06
3.1e+06
3.1e+06
3.10006e+06
3.10002e+06
3.10005e+06
3.10003e+06
3.10004e+06
3.10003e+06
3.10004e+06
3.10003e+06
3.10003e+06
3.10003e+06
3.10003e+06
3.10003e+06
3.10003e+06
3.10002e+06
3.10002e+06
3.10002e+06
3.10002e+06
3.10001e+06
3.10001e+06
3.10001e+06
3.10001e+06
3.1e+06
3.1e+06
3.10008e+06
3.10003e+06
3.10006e+06
3.10004e+06
3.10005e+06
3.10004e+06
3.10005e+06
3.10004e+06
3.10004e+06
3.10004e+06
3.10004e+06
3.10003e+06
3.10003e+06
3.10003e+06
3.10003e+06
3.10002e+06
3.10002e+06
3.10002e+06
3.10001e+06
3.10001e+06
3.10001e+06
3.10001e+06
3.1e+06
3.10008e+06
3.10003e+06
3.10006e+06
3.10004e+06
3.10005e+06
3.10004e+06
3.10005e+06
3.10004e+06
3.10004e+06
3.10004e+06
3.10004e+06
3.10004e+06
3.10003e+06
3.10003e+06
3.10003e+06
3.10002e+06
3.10002e+06
3.10002e+06
3.10002e+06
3.10001e+06
3.10001e+06
3.10001e+06
3.1e+06
3.1001e+06
3.10004e+06
3.10008e+06
3.10005e+06
3.10007e+06
3.10005e+06
3.10006e+06
3.10005e+06
3.10005e+06
3.10005e+06
3.10005e+06
3.10004e+06
3.10004e+06
3.10003e+06
3.10003e+06
3.10003e+06
3.10002e+06
3.10002e+06
3.10002e+06
3.10001e+06
3.10001e+06
3.10001e+06
3.1e+06
3.1001e+06
3.10004e+06
3.10008e+06
3.10005e+06
3.10007e+06
3.10005e+06
3.10006e+06
3.10005e+06
3.10005e+06
3.10005e+06
3.10005e+06
3.10004e+06
3.10004e+06
3.10004e+06
3.10003e+06
3.10003e+06
3.10003e+06
3.10002e+06
3.10002e+06
3.10001e+06
3.10001e+06
3.10001e+06
3.1e+06
3.10012e+06
3.10006e+06
3.1001e+06
3.10007e+06
3.10009e+06
3.10007e+06
3.10008e+06
3.10007e+06
3.10007e+06
3.10006e+06
3.10006e+06
3.10005e+06
3.10005e+06
3.10004e+06
3.10004e+06
3.10003e+06
3.10003e+06
3.10002e+06
3.10002e+06
3.10002e+06
3.10001e+06
3.10001e+06
3.1e+06
3.10012e+06
3.10005e+06
3.1001e+06
3.10007e+06
3.10008e+06
3.10007e+06
3.10008e+06
3.10007e+06
3.10007e+06
3.10006e+06
3.10006e+06
3.10005e+06
3.10005e+06
3.10005e+06
3.10004e+06
3.10004e+06
3.10003e+06
3.10003e+06
3.10002e+06
3.10002e+06
3.10001e+06
3.10001e+06
3.1e+06
3.10016e+06
3.10008e+06
3.10013e+06
3.10009e+06
3.10011e+06
3.10009e+06
3.1001e+06
3.10009e+06
3.10009e+06
3.10008e+06
3.10007e+06
3.10007e+06
3.10006e+06
3.10005e+06
3.10005e+06
3.10004e+06
3.10003e+06
3.10003e+06
3.10002e+06
3.10002e+06
3.10001e+06
3.10001e+06
3.1e+06
3.10016e+06
3.10006e+06
3.10012e+06
3.10008e+06
3.1001e+06
3.10009e+06
3.10009e+06
3.10008e+06
3.10008e+06
3.10008e+06
3.10007e+06
3.10007e+06
3.10006e+06
3.10006e+06
3.10005e+06
3.10004e+06
3.10004e+06
3.10003e+06
3.10002e+06
3.10002e+06
3.10001e+06
3.10001e+06
3.1e+06
3.10022e+06
3.10011e+06
3.10018e+06
3.10013e+06
3.10015e+06
3.10013e+06
3.10014e+06
3.10012e+06
3.10012e+06
3.1001e+06
3.1001e+06
3.10009e+06
3.10008e+06
3.10007e+06
3.10006e+06
3.10005e+06
3.10004e+06
3.10003e+06
3.10003e+06
3.10002e+06
3.10001e+06
3.10001e+06
3.1e+06
3.1002e+06
3.10007e+06
3.10015e+06
3.1001e+06
3.10013e+06
3.1001e+06
3.10012e+06
3.1001e+06
3.1001e+06
3.10009e+06
3.10009e+06
3.10008e+06
3.10008e+06
3.10007e+06
3.10006e+06
3.10005e+06
3.10004e+06
3.10003e+06
3.10003e+06
3.10002e+06
3.10001e+06
3.10001e+06
3.1e+06
3.1003e+06
3.10016e+06
3.10025e+06
3.10018e+06
3.10021e+06
3.10018e+06
3.10019e+06
3.10016e+06
3.10016e+06
3.10014e+06
3.10013e+06
3.10011e+06
3.1001e+06
3.10008e+06
3.10007e+06
3.10006e+06
3.10005e+06
3.10004e+06
3.10003e+06
3.10002e+06
3.10001e+06
3.1e+06
3.1e+06
3.10025e+06
3.10009e+06
3.10019e+06
3.10012e+06
3.10016e+06
3.10013e+06
3.10014e+06
3.10012e+06
3.10013e+06
3.10011e+06
3.10011e+06
3.1001e+06
3.10009e+06
3.10008e+06
3.10007e+06
3.10006e+06
3.10005e+06
3.10004e+06
3.10003e+06
3.10002e+06
3.10001e+06
3.1e+06
3.1e+06
3.10043e+06
3.10024e+06
3.10036e+06
3.10027e+06
3.10031e+06
3.10025e+06
3.10026e+06
3.10022e+06
3.10021e+06
3.10018e+06
3.10017e+06
3.10014e+06
3.10012e+06
3.1001e+06
3.10009e+06
3.10007e+06
3.10005e+06
3.10004e+06
3.10003e+06
3.10002e+06
3.10001e+06
3.1e+06
3.09999e+06
3.10031e+06
3.10009e+06
3.10023e+06
3.10014e+06
3.1002e+06
3.10015e+06
3.10017e+06
3.10015e+06
3.10015e+06
3.10013e+06
3.10013e+06
3.10011e+06
3.1001e+06
3.10009e+06
3.10008e+06
3.10006e+06
3.10005e+06
3.10004e+06
3.10002e+06
3.10001e+06
3.1e+06
3.1e+06
3.09999e+06
3.10064e+06
3.10037e+06
3.10053e+06
3.1004e+06
3.10045e+06
3.10038e+06
3.10038e+06
3.10032e+06
3.1003e+06
3.10025e+06
3.10023e+06
3.10019e+06
3.10016e+06
3.10013e+06
3.1001e+06
3.10008e+06
3.10006e+06
3.10004e+06
3.10002e+06
3.10001e+06
3.1e+06
3.09999e+06
3.09999e+06
3.1004e+06
3.10009e+06
3.10028e+06
3.10015e+06
3.10023e+06
3.10016e+06
3.1002e+06
3.10016e+06
3.10017e+06
3.10015e+06
3.10015e+06
3.10012e+06
3.10011e+06
3.10009e+06
3.10008e+06
3.10006e+06
3.10005e+06
3.10003e+06
3.10002e+06
3.10001e+06
3.1e+06
3.09999e+06
3.09998e+06
3.10098e+06
3.1006e+06
3.10082e+06
3.10063e+06
3.1007e+06
3.10057e+06
3.10057e+06
3.10047e+06
3.10044e+06
3.10036e+06
3.10031e+06
3.10025e+06
3.1002e+06
3.10016e+06
3.10012e+06
3.10009e+06
3.10006e+06
3.10003e+06
3.10002e+06
3.1e+06
3.09999e+06
3.09998e+06
3.09997e+06
3.10051e+06
3.10005e+06
3.10034e+06
3.10014e+06
3.10027e+06
3.10016e+06
3.10022e+06
3.10016e+06
3.10018e+06
3.10014e+06
3.10015e+06
3.10012e+06
3.10011e+06
3.10009e+06
3.10007e+06
3.10005e+06
3.10003e+06
3.10002e+06
3.1e+06
3.09999e+06
3.09998e+06
3.09997e+06
3.09997e+06
3.10159e+06
3.101e+06
3.10133e+06
3.10102e+06
3.10112e+06
3.10089e+06
3.10089e+06
3.10071e+06
3.10065e+06
3.10051e+06
3.10044e+06
3.10033e+06
3.10026e+06
3.10019e+06
3.10013e+06
3.10009e+06
3.10005e+06
3.10002e+06
3.1e+06
3.09998e+06
3.09997e+06
3.09996e+06
3.09996e+06
3.10067e+06
3.09995e+06
3.1004e+06
3.10007e+06
3.10028e+06
3.10009e+06
3.10021e+06
3.1001e+06
3.10016e+06
3.10009e+06
3.10012e+06
3.10008e+06
3.10008e+06
3.10005e+06
3.10004e+06
3.10002e+06
3.1e+06
3.09999e+06
3.09997e+06
3.09996e+06
3.09995e+06
3.09995e+06
3.09995e+06
3.1027e+06
3.10173e+06
3.10226e+06
3.10171e+06
3.10186e+06
3.10144e+06
3.10143e+06
3.10109e+06
3.101e+06
3.10073e+06
3.10062e+06
3.10043e+06
3.10033e+06
3.10021e+06
3.10014e+06
3.10007e+06
3.10003e+06
3.09999e+06
3.09997e+06
3.09995e+06
3.09994e+06
3.09994e+06
3.09993e+06
3.10093e+06
3.09971e+06
3.10048e+06
3.09987e+06
3.10026e+06
3.09989e+06
3.10013e+06
3.09991e+06
3.10006e+06
3.09994e+06
3.10002e+06
3.09996e+06
3.09999e+06
3.09996e+06
3.09997e+06
3.09995e+06
3.09995e+06
3.09993e+06
3.09993e+06
3.09992e+06
3.09992e+06
3.09992e+06
3.09992e+06
3.10487e+06
3.10312e+06
3.10405e+06
3.10295e+06
3.10324e+06
3.10236e+06
3.10237e+06
3.10167e+06
3.10155e+06
3.10103e+06
3.10088e+06
3.10054e+06
3.10041e+06
3.10022e+06
3.10013e+06
3.10003e+06
3.09998e+06
3.09994e+06
3.09992e+06
3.09991e+06
3.0999e+06
3.0999e+06
3.0999e+06
3.10151e+06
3.0992e+06
3.10062e+06
3.09936e+06
3.10016e+06
3.09934e+06
3.0999e+06
3.09941e+06
3.0998e+06
3.09954e+06
3.09978e+06
3.09968e+06
3.09981e+06
3.09977e+06
3.09983e+06
3.09982e+06
3.09985e+06
3.09985e+06
3.09986e+06
3.09986e+06
3.09987e+06
3.09988e+06
3.09989e+06
3.10942e+06
3.10588e+06
3.10767e+06
3.10525e+06
3.10588e+06
3.10387e+06
3.10402e+06
3.10248e+06
3.1024e+06
3.10137e+06
3.1012e+06
3.10061e+06
3.10046e+06
3.10016e+06
3.10007e+06
3.09994e+06
3.0999e+06
3.09986e+06
3.09985e+06
3.09985e+06
3.09985e+06
3.09986e+06
3.09987e+06
3.10311e+06
3.09814e+06
3.10103e+06
3.09809e+06
3.0999e+06
3.09789e+06
3.09935e+06
3.09815e+06
3.09921e+06
3.09865e+06
3.09929e+06
3.09911e+06
3.09945e+06
3.09943e+06
3.0996e+06
3.09962e+06
3.0997e+06
3.09973e+06
3.09977e+06
3.09979e+06
3.09982e+06
3.09983e+06
3.09985e+06
3.1198e+06
3.11174e+06
3.11547e+06
3.10967e+06
3.11116e+06
3.10613e+06
3.10687e+06
3.10332e+06
3.10359e+06
3.1015e+06
3.10151e+06
3.10047e+06
3.10042e+06
3.09998e+06
3.09994e+06
3.09979e+06
3.09978e+06
3.09975e+06
3.09977e+06
3.09978e+06
3.0998e+06
3.09982e+06
3.09984e+06
3.10797e+06
3.09607e+06
3.10223e+06
3.0949e+06
3.09922e+06
3.09385e+06
3.09807e+06
3.09509e+06
3.09803e+06
3.09679e+06
3.09844e+06
3.0981e+06
3.09891e+06
3.0989e+06
3.09927e+06
3.09935e+06
3.09951e+06
3.09958e+06
3.09966e+06
3.09971e+06
3.09976e+06
3.09979e+06
3.09982e+06
3.14457e+06
3.12542e+06
3.1332e+06
3.11879e+06
3.12248e+06
3.10821e+06
3.11131e+06
3.10291e+06
3.10473e+06
3.10068e+06
3.10148e+06
3.09982e+06
3.10012e+06
3.09956e+06
3.09968e+06
3.09955e+06
3.09962e+06
3.09962e+06
3.09967e+06
3.09971e+06
3.09975e+06
3.09978e+06
3.09981e+06
3.12051e+06
3.09314e+06
3.10524e+06
3.087e+06
3.09702e+06
3.08091e+06
3.09524e+06
3.08794e+06
3.09612e+06
3.09353e+06
3.09731e+06
3.09671e+06
3.09829e+06
3.09831e+06
3.09895e+06
3.09909e+06
3.09935e+06
3.09946e+06
3.09958e+06
3.09965e+06
3.09972e+06
3.09976e+06
3.0998e+06
3.19849e+06
3.16148e+06
3.17497e+06
3.14327e+06
3.15161e+06
3.1012e+06
3.11455e+06
3.09661e+06
3.10371e+06
3.09736e+06
3.10028e+06
3.0983e+06
3.09938e+06
3.0989e+06
3.09931e+06
3.09927e+06
3.09945e+06
3.0995e+06
3.0996e+06
3.09966e+06
3.09971e+06
3.09976e+06
3.0998e+06
3.14294e+06
3.1e+06
3.11515e+06
3.07458e+06
3.0882e+06
3.02717e+06
3.08994e+06
3.07575e+06
3.09489e+06
3.09046e+06
3.09688e+06
3.09596e+06
3.09813e+06
3.09812e+06
3.09888e+06
3.09903e+06
3.09932e+06
3.09943e+06
3.09956e+06
3.09964e+06
3.09971e+06
3.09976e+06
3.0998e+06
3.28294e+06
3.26259e+06
3.27475e+06
3.25868e+06
3.2664e+06
3.19506e+06
3.19214e+06
3.19669e+06
3.18768e+06
3.19001e+06
3.37175e+06
3.35973e+06
3.39863e+06
3.36921e+06
3.42844e+06
3.26341e+06
3.307e+06
3.31287e+06
3.27947e+06
3.26921e+06
3.31421e+06
3.30853e+06
3.48871e+06
3.34423e+06
4.00046e+06
4.00158e+06
4.00152e+06
4.00152e+06
4.00108e+06
3.92997e+06
3.96447e+06
3.94234e+06
3.9572e+06
3.97691e+06
3.98694e+06
3.9979e+06
3.99294e+06
3.99227e+06
3.99453e+06
3.99601e+06
4.002e+06
3.99925e+06
3.99851e+06
4.00057e+06
4.00056e+06
4.00202e+06
4.00545e+06
4.00167e+06
4.00169e+06
4.00186e+06
4.00202e+06
4.00279e+06
4.00209e+06
4.01674e+06
4.00203e+06
4.00204e+06
4.03202e+06
4.01289e+06
4.01746e+06
4.01542e+06
4.00215e+06
4.07739e+06
4.03964e+06
4.05151e+06
4.03824e+06
4.00209e+06
4.00226e+06
4.00209e+06
4.00204e+06
4.00203e+06
4.01582e+06
4.09384e+06
4.00207e+06
4.00208e+06
4.00205e+06
4.00203e+06
4.24967e+06
4.00217e+06
4.00231e+06
4.00213e+06
4.00236e+06
4.00558e+06
4.00265e+06
4.00298e+06
4.00236e+06
4.04083e+06
4.00281e+06
4.00418e+06
4.00293e+06
4.00282e+06
5.94234e+06
5.97359e+06
6.28085e+06
6.34762e+06
5.77513e+06
6.40358e+06
6.36869e+06
6.22792e+06
6.15713e+06
6.05926e+06
6.17546e+06
6.16159e+06
6.15685e+06
6.15511e+06
6.15943e+06
6.15705e+06
6.14825e+06
6.13012e+06
6.13252e+06
6.12979e+06
6.12627e+06
6.12487e+06
6.12221e+06
6.1239e+06
6.13035e+06
)
;

boundaryField
{
    inlet
    {
        type            calculated;
        value           nonuniform List<scalar> 0();
    }
    outlet
    {
        type            calculated;
        value           nonuniform List<scalar> 0();
    }
    walls
    {
        type            calculated;
        value           nonuniform List<scalar> 
82
(
3.02717e+06
3.08994e+06
3.07575e+06
3.09489e+06
3.09046e+06
3.09688e+06
3.09596e+06
3.09813e+06
3.09812e+06
3.09888e+06
3.09902e+06
3.09932e+06
3.09943e+06
3.09956e+06
3.09964e+06
3.09971e+06
3.09976e+06
3.0998e+06
3.2664e+06
3.19001e+06
3.42844e+06
3.26921e+06
4.00046e+06
3.92997e+06
3.98694e+06
3.99601e+06
4.00056e+06
4.00186e+06
4.00203e+06
4.01542e+06
4.03824e+06
4.00203e+06
4.00205e+06
4.00213e+06
4.00236e+06
4.00282e+06
5.77512e+06
6.05926e+06
6.15943e+06
6.12979e+06
6.13035e+06
3.02717e+06
3.08994e+06
3.07575e+06
3.09489e+06
3.09046e+06
3.09688e+06
3.09596e+06
3.09813e+06
3.09812e+06
3.09888e+06
3.09902e+06
3.09932e+06
3.09943e+06
3.09956e+06
3.09964e+06
3.09971e+06
3.09976e+06
3.0998e+06
3.2664e+06
3.19001e+06
3.42844e+06
3.26921e+06
4.00046e+06
3.92997e+06
3.98694e+06
3.99601e+06
4.00056e+06
4.00186e+06
4.00203e+06
4.01542e+06
4.03824e+06
4.00203e+06
4.00205e+06
4.00213e+06
4.00236e+06
4.00282e+06
5.77513e+06
6.05926e+06
6.15943e+06
6.12979e+06
6.13035e+06
)
;
    }
    side1
    {
        type            cyclic;
    }
    side2
    {
        type            cyclic;
    }
    procBoundary3to0
    {
        type            processor;
        value           nonuniform List<scalar> 
70
(
3.1e+06
3.1e+06
3.1e+06
3.1e+06
3.1e+06
3.1e+06
3.1e+06
3.1e+06
3.1e+06
3.1e+06
3.1e+06
3.1e+06
3.1e+06
3.1e+06
3.1e+06
3.1e+06
3.10001e+06
3.10001e+06
3.10001e+06
3.1e+06
3.1e+06
3.1e+06
3.1e+06
3.1e+06
3.1e+06
3.1e+06
3.1e+06
3.1e+06
3.1e+06
3.1e+06
3.1e+06
3.1e+06
3.1e+06
3.1e+06
3.1e+06
3.1e+06
3.10001e+06
3.1e+06
3.1e+06
3.1e+06
3.1e+06
3.1e+06
3.1e+06
3.1e+06
3.1e+06
3.1e+06
3.1e+06
3.1e+06
3.1e+06
3.1e+06
3.1e+06
3.1e+06
3.1e+06
3.1e+06
3.1e+06
3.1e+06
3.1e+06
3.1e+06
3.1e+06
3.1e+06
3.1e+06
3.1e+06
3.1e+06
3.1e+06
3.1e+06
3.1e+06
3.1e+06
3.1e+06
3.1e+06
3.1e+06
)
;
    }
    procBoundary3to0throughside1
    {
        type            processorCyclic;
        value           uniform 3.10001e+06;
    }
    procBoundary3to1
    {
        type            processor;
        value           nonuniform List<scalar> 
72
(
3.1e+06
3.1e+06
3.1e+06
3.1e+06
3.1e+06
3.1e+06
3.1e+06
3.1e+06
3.1e+06
3.1e+06
3.1e+06
3.1e+06
3.1e+06
3.09999e+06
3.09999e+06
3.09999e+06
3.09999e+06
3.09998e+06
3.09998e+06
3.09997e+06
3.09997e+06
3.09996e+06
3.09995e+06
3.09994e+06
3.09993e+06
3.09992e+06
3.09991e+06
3.09989e+06
3.09988e+06
3.09987e+06
3.09986e+06
3.09984e+06
3.09983e+06
3.09983e+06
3.09983e+06
3.09983e+06
3.1e+06
3.1e+06
3.1e+06
3.1e+06
3.1e+06
3.1e+06
3.1e+06
3.1e+06
3.1e+06
3.1e+06
3.1e+06
3.1e+06
3.1e+06
3.09999e+06
3.09999e+06
3.09999e+06
3.09999e+06
3.09998e+06
3.09998e+06
3.09997e+06
3.09997e+06
3.09996e+06
3.09995e+06
3.09994e+06
3.09993e+06
3.09992e+06
3.09991e+06
3.09989e+06
3.09988e+06
3.09987e+06
3.09986e+06
3.09984e+06
3.09983e+06
3.09983e+06
3.09983e+06
3.09983e+06
)
;
    }
    procBoundary3to2
    {
        type            processor;
        value           nonuniform List<scalar> 
14
(
3.1e+06
3.1e+06
3.1e+06
3.1e+06
3.1e+06
3.1e+06
3.1e+06
3.1e+06
3.1e+06
3.1e+06
3.1e+06
3.1e+06
3.1e+06
3.1e+06
)
;
    }
    procBoundary3to4
    {
        type            processor;
        value           nonuniform List<scalar> 10(6.13524e+06 6.13368e+06 6.13352e+06 6.13283e+06 6.13235e+06 6.13524e+06 6.13368e+06 6.13352e+06 6.13283e+06 6.13235e+06);
    }
}


// ************************************************************************* //
