/*--------------------------------*- C++ -*----------------------------------*\
| =========                 |                                                 |
| \\      /  F ield         | OpenFOAM: The Open Source CFD Toolbox           |
|  \\    /   O peration     | Version:  v2012                                 |
|   \\  /    A nd           | Website:  www.openfoam.com                      |
|    \\/     M anipulation  |                                                 |
\*---------------------------------------------------------------------------*/
FoamFile
{
    version     2.0;
    format      ascii;
    class       volScalarField;
    location    "0.55";
    object      p;
}
// * * * * * * * * * * * * * * * * * * * * * * * * * * * * * * * * * * * * * //

dimensions      [1 -1 -2 0 0 0 0];


internalField   nonuniform List<scalar> 
3332
(
3.50007e+06
3.50007e+06
3.50007e+06
3.50007e+06
3.50008e+06
3.50008e+06
3.50008e+06
3.50008e+06
3.50009e+06
3.50009e+06
3.50009e+06
3.50009e+06
3.50009e+06
3.5001e+06
3.5001e+06
3.5001e+06
3.5001e+06
3.5001e+06
3.5001e+06
3.5001e+06
3.50006e+06
3.50006e+06
3.50007e+06
3.50007e+06
3.50007e+06
3.50008e+06
3.50008e+06
3.50008e+06
3.50008e+06
3.50009e+06
3.50009e+06
3.50009e+06
3.50009e+06
3.5001e+06
3.5001e+06
3.5001e+06
3.5001e+06
3.5001e+06
3.5001e+06
3.5001e+06
3.5001e+06
3.5001e+06
3.49963e+06
3.49958e+06
3.49944e+06
3.49943e+06
3.49967e+06
3.49984e+06
3.49991e+06
3.5e+06
3.5e+06
3.50003e+06
3.50004e+06
3.50004e+06
3.50005e+06
3.50005e+06
3.50005e+06
3.50006e+06
3.50006e+06
3.50007e+06
3.50007e+06
3.50008e+06
3.50008e+06
3.50008e+06
3.50009e+06
3.50009e+06
3.50009e+06
3.50009e+06
3.5001e+06
3.5001e+06
3.5001e+06
3.5001e+06
3.5001e+06
3.5001e+06
3.5001e+06
3.5001e+06
3.50011e+06
3.50011e+06
3.50011e+06
3.49962e+06
3.4997e+06
3.49984e+06
3.49988e+06
3.49994e+06
3.49995e+06
3.49998e+06
3.5e+06
3.50001e+06
3.50002e+06
3.50003e+06
3.50003e+06
3.50003e+06
3.50004e+06
3.50004e+06
3.50005e+06
3.50005e+06
3.50006e+06
3.50006e+06
3.50007e+06
3.50007e+06
3.50008e+06
3.50008e+06
3.50009e+06
3.50009e+06
3.50009e+06
3.50009e+06
3.5001e+06
3.5001e+06
3.5001e+06
3.5001e+06
3.5001e+06
3.50011e+06
3.50011e+06
3.50011e+06
3.50011e+06
3.50011e+06
3.50011e+06
3.50011e+06
3.50001e+06
3.50002e+06
3.49999e+06
3.5e+06
3.49996e+06
3.49997e+06
3.49999e+06
3.5e+06
3.50001e+06
3.50002e+06
3.50002e+06
3.50003e+06
3.50003e+06
3.50004e+06
3.50004e+06
3.50005e+06
3.50005e+06
3.50006e+06
3.50007e+06
3.50007e+06
3.50008e+06
3.50008e+06
3.50009e+06
3.50009e+06
3.50009e+06
3.5001e+06
3.5001e+06
3.5001e+06
3.5001e+06
3.50011e+06
3.50011e+06
3.50011e+06
3.50011e+06
3.50011e+06
3.50011e+06
3.50011e+06
3.50011e+06
3.50011e+06
3.50011e+06
3.50011e+06
3.5e+06
3.50005e+06
3.50003e+06
3.50003e+06
3.49999e+06
3.49999e+06
3.50001e+06
3.50002e+06
3.50002e+06
3.50002e+06
3.50002e+06
3.50003e+06
3.50003e+06
3.50004e+06
3.50004e+06
3.50005e+06
3.50006e+06
3.50006e+06
3.50007e+06
3.50008e+06
3.50008e+06
3.50009e+06
3.50009e+06
3.50009e+06
3.5001e+06
3.5001e+06
3.5001e+06
3.50011e+06
3.50011e+06
3.50011e+06
3.50011e+06
3.50011e+06
3.50011e+06
3.50011e+06
3.50012e+06
3.50012e+06
3.50012e+06
3.50012e+06
3.50012e+06
3.50011e+06
3.50011e+06
3.50013e+06
3.50003e+06
3.50002e+06
3.50001e+06
3.50001e+06
3.50001e+06
3.50002e+06
3.50002e+06
3.50002e+06
3.50003e+06
3.50003e+06
3.50003e+06
3.50004e+06
3.50005e+06
3.50005e+06
3.50006e+06
3.50007e+06
3.50007e+06
3.50008e+06
3.50009e+06
3.50009e+06
3.50009e+06
3.5001e+06
3.5001e+06
3.50011e+06
3.50011e+06
3.50011e+06
3.50011e+06
3.50011e+06
3.50012e+06
3.50012e+06
3.50012e+06
3.50012e+06
3.50012e+06
3.50012e+06
3.50012e+06
3.50012e+06
3.50012e+06
3.50012e+06
3.50012e+06
3.50012e+06
3.50017e+06
3.50006e+06
3.50004e+06
3.50003e+06
3.50002e+06
3.50002e+06
3.50003e+06
3.50003e+06
3.50003e+06
3.50003e+06
3.50003e+06
3.50004e+06
3.50004e+06
3.50005e+06
3.50006e+06
3.50007e+06
3.50007e+06
3.50008e+06
3.50009e+06
3.50009e+06
3.5001e+06
3.5001e+06
3.5001e+06
3.50011e+06
3.50011e+06
3.50011e+06
3.50012e+06
3.50012e+06
3.50012e+06
3.50012e+06
3.50012e+06
3.50012e+06
3.50012e+06
3.50012e+06
3.50012e+06
3.50012e+06
3.50012e+06
3.50012e+06
3.50012e+06
3.50012e+06
3.50009e+06
3.5001e+06
3.50009e+06
3.50006e+06
3.50004e+06
3.50003e+06
3.50003e+06
3.50003e+06
3.50003e+06
3.50003e+06
3.50004e+06
3.50004e+06
3.50004e+06
3.50005e+06
3.50006e+06
3.50006e+06
3.50007e+06
3.50008e+06
3.50009e+06
3.50009e+06
3.5001e+06
3.5001e+06
3.50011e+06
3.50011e+06
3.50011e+06
3.50012e+06
3.50012e+06
3.50012e+06
3.50012e+06
3.50013e+06
3.50013e+06
3.50013e+06
3.50013e+06
3.50013e+06
3.50013e+06
3.50013e+06
3.50013e+06
3.50013e+06
3.50013e+06
3.50012e+06
3.50012e+06
3.50011e+06
3.50014e+06
3.50012e+06
3.50009e+06
3.50006e+06
3.50004e+06
3.50004e+06
3.50004e+06
3.50004e+06
3.50004e+06
3.50004e+06
3.50005e+06
3.50005e+06
3.50006e+06
3.50006e+06
3.50007e+06
3.50008e+06
3.50009e+06
3.50009e+06
3.5001e+06
3.5001e+06
3.50011e+06
3.50011e+06
3.50012e+06
3.50012e+06
3.50012e+06
3.50013e+06
3.50013e+06
3.50013e+06
3.50013e+06
3.50013e+06
3.50013e+06
3.50013e+06
3.50013e+06
3.50013e+06
3.50013e+06
3.50013e+06
3.50013e+06
3.50013e+06
3.50013e+06
3.50013e+06
3.50017e+06
3.50019e+06
3.50009e+06
3.50006e+06
3.50006e+06
3.50005e+06
3.50004e+06
3.50004e+06
3.50004e+06
3.50005e+06
3.50005e+06
3.50005e+06
3.50006e+06
3.50006e+06
3.50007e+06
3.50008e+06
3.50009e+06
3.5001e+06
3.5001e+06
3.50011e+06
3.50011e+06
3.50012e+06
3.50012e+06
3.50012e+06
3.50013e+06
3.50013e+06
3.50013e+06
3.50013e+06
3.50014e+06
3.50014e+06
3.50014e+06
3.50014e+06
3.50014e+06
3.50014e+06
3.50014e+06
3.50014e+06
3.50014e+06
3.50013e+06
3.50013e+06
3.50013e+06
3.50013e+06
3.50019e+06
3.50023e+06
3.50012e+06
3.50009e+06
3.50008e+06
3.50006e+06
3.50005e+06
3.50005e+06
3.50005e+06
3.50005e+06
3.50006e+06
3.50006e+06
3.50007e+06
3.50007e+06
3.50008e+06
3.50009e+06
3.5001e+06
3.50011e+06
3.50011e+06
3.50012e+06
3.50012e+06
3.50013e+06
3.50013e+06
3.50013e+06
3.50014e+06
3.50014e+06
3.50014e+06
3.50014e+06
3.50014e+06
3.50014e+06
3.50014e+06
3.50014e+06
3.50014e+06
3.50014e+06
3.50014e+06
3.50014e+06
3.50014e+06
3.50014e+06
3.50014e+06
3.50013e+06
3.50013e+06
3.50023e+06
3.50024e+06
3.50016e+06
3.50011e+06
3.50009e+06
3.50006e+06
3.50006e+06
3.50006e+06
3.50006e+06
3.50006e+06
3.50007e+06
3.50007e+06
3.50008e+06
3.50009e+06
3.50009e+06
3.5001e+06
3.50011e+06
3.50012e+06
3.50012e+06
3.50013e+06
3.50013e+06
3.50013e+06
3.50014e+06
3.50014e+06
3.50014e+06
3.50015e+06
3.50015e+06
3.50015e+06
3.50015e+06
3.50015e+06
3.50015e+06
3.50015e+06
3.50015e+06
3.50015e+06
3.50015e+06
3.50015e+06
3.50014e+06
3.50014e+06
3.50014e+06
3.50014e+06
3.50014e+06
3.50026e+06
3.50029e+06
3.5002e+06
3.50014e+06
3.50011e+06
3.50009e+06
3.50008e+06
3.50007e+06
3.50007e+06
3.50007e+06
3.50008e+06
3.50008e+06
3.50009e+06
3.5001e+06
3.50011e+06
3.50011e+06
3.50012e+06
3.50013e+06
3.50013e+06
3.50014e+06
3.50014e+06
3.50014e+06
3.50015e+06
3.50015e+06
3.50015e+06
3.50015e+06
3.50016e+06
3.50016e+06
3.50016e+06
3.50016e+06
3.50016e+06
3.50016e+06
3.50015e+06
3.50015e+06
3.50015e+06
3.50015e+06
3.50015e+06
3.50015e+06
3.50014e+06
3.50014e+06
3.50014e+06
3.50031e+06
3.50033e+06
3.50016e+06
3.5001e+06
3.50013e+06
3.5001e+06
3.50009e+06
3.50008e+06
3.50009e+06
3.50009e+06
3.50009e+06
3.5001e+06
3.5001e+06
3.50011e+06
3.50012e+06
3.50013e+06
3.50013e+06
3.50014e+06
3.50014e+06
3.50015e+06
3.50015e+06
3.50015e+06
3.50016e+06
3.50016e+06
3.50016e+06
3.50016e+06
3.50016e+06
3.50016e+06
3.50016e+06
3.50016e+06
3.50016e+06
3.50016e+06
3.50016e+06
3.50016e+06
3.50016e+06
3.50015e+06
3.50015e+06
3.50015e+06
3.50015e+06
3.50015e+06
3.50014e+06
3.50044e+06
3.50052e+06
3.50027e+06
3.50018e+06
3.50018e+06
3.50013e+06
3.50012e+06
3.5001e+06
3.5001e+06
3.5001e+06
3.5001e+06
3.50011e+06
3.50012e+06
3.50013e+06
3.50013e+06
3.50014e+06
3.50015e+06
3.50015e+06
3.50016e+06
3.50016e+06
3.50016e+06
3.50017e+06
3.50017e+06
3.50017e+06
3.50017e+06
3.50017e+06
3.50017e+06
3.50017e+06
3.50017e+06
3.50017e+06
3.50017e+06
3.50017e+06
3.50017e+06
3.50016e+06
3.50016e+06
3.50016e+06
3.50016e+06
3.50015e+06
3.50015e+06
3.50015e+06
3.50015e+06
3.50062e+06
3.49993e+06
3.50063e+06
3.50019e+06
3.50016e+06
3.5001e+06
3.50012e+06
3.50012e+06
3.50012e+06
3.50011e+06
3.50012e+06
3.50013e+06
3.50013e+06
3.50014e+06
3.50015e+06
3.50016e+06
3.50016e+06
3.50017e+06
3.50017e+06
3.50017e+06
3.50018e+06
3.50018e+06
3.50018e+06
3.50018e+06
3.50018e+06
3.50018e+06
3.50018e+06
3.50018e+06
3.50018e+06
3.50018e+06
3.50018e+06
3.50018e+06
3.50017e+06
3.50017e+06
3.50017e+06
3.50016e+06
3.50016e+06
3.50016e+06
3.50016e+06
3.50015e+06
3.50015e+06
3.50083e+06
3.50028e+06
3.50102e+06
3.50047e+06
3.50033e+06
3.50016e+06
3.50016e+06
3.50014e+06
3.50014e+06
3.50014e+06
3.50014e+06
3.50014e+06
3.50015e+06
3.50016e+06
3.50017e+06
3.50017e+06
3.50018e+06
3.50018e+06
3.50018e+06
3.50019e+06
3.50019e+06
3.50019e+06
3.50019e+06
3.50019e+06
3.50019e+06
3.50019e+06
3.50019e+06
3.50019e+06
3.50019e+06
3.50019e+06
3.50018e+06
3.50018e+06
3.50018e+06
3.50018e+06
3.50017e+06
3.50017e+06
3.50017e+06
3.50016e+06
3.50016e+06
3.50016e+06
3.50015e+06
3.50107e+06
3.50094e+06
3.50063e+06
3.49985e+06
3.50026e+06
3.50005e+06
3.50014e+06
3.50014e+06
3.50016e+06
3.50016e+06
3.50016e+06
3.50016e+06
3.50017e+06
3.50018e+06
3.50018e+06
3.50019e+06
3.50019e+06
3.50019e+06
3.5002e+06
3.5002e+06
3.5002e+06
3.5002e+06
3.5002e+06
3.5002e+06
3.5002e+06
3.5002e+06
3.5002e+06
3.5002e+06
3.5002e+06
3.50019e+06
3.50019e+06
3.50019e+06
3.50019e+06
3.50018e+06
3.50018e+06
3.50017e+06
3.50017e+06
3.50017e+06
3.50016e+06
3.50016e+06
3.50016e+06
3.50118e+06
3.50115e+06
3.50095e+06
3.50009e+06
3.50041e+06
3.50011e+06
3.50019e+06
3.50018e+06
3.50019e+06
3.50018e+06
3.50018e+06
3.50018e+06
3.50019e+06
3.50019e+06
3.5002e+06
3.5002e+06
3.50021e+06
3.50021e+06
3.50021e+06
3.50021e+06
3.50021e+06
3.50021e+06
3.50021e+06
3.50021e+06
3.50021e+06
3.50021e+06
3.50021e+06
3.50021e+06
3.50021e+06
3.5002e+06
3.5002e+06
3.5002e+06
3.50019e+06
3.50019e+06
3.50018e+06
3.50018e+06
3.50018e+06
3.50017e+06
3.50017e+06
3.50016e+06
3.50016e+06
3.50131e+06
3.50121e+06
3.50098e+06
3.5001e+06
3.50039e+06
3.50009e+06
3.50021e+06
3.50021e+06
3.50021e+06
3.5002e+06
3.5002e+06
3.50021e+06
3.50021e+06
3.50021e+06
3.50022e+06
3.50022e+06
3.50022e+06
3.50022e+06
3.50023e+06
3.50023e+06
3.50023e+06
3.50023e+06
3.50023e+06
3.50023e+06
3.50023e+06
3.50022e+06
3.50022e+06
3.50022e+06
3.50022e+06
3.50021e+06
3.50021e+06
3.5002e+06
3.5002e+06
3.50019e+06
3.50019e+06
3.50019e+06
3.50018e+06
3.50018e+06
3.50017e+06
3.50017e+06
3.50016e+06
3.50135e+06
3.50127e+06
3.50104e+06
3.50015e+06
3.50045e+06
3.50016e+06
3.50026e+06
3.50025e+06
3.50024e+06
3.50023e+06
3.50023e+06
3.50022e+06
3.50023e+06
3.50023e+06
3.50023e+06
3.50023e+06
3.50024e+06
3.50024e+06
3.50024e+06
3.50024e+06
3.50024e+06
3.50024e+06
3.50024e+06
3.50024e+06
3.50024e+06
3.50023e+06
3.50023e+06
3.50023e+06
3.50022e+06
3.50022e+06
3.50022e+06
3.50021e+06
3.50021e+06
3.5002e+06
3.5002e+06
3.50019e+06
3.50019e+06
3.50018e+06
3.50018e+06
3.50017e+06
3.50017e+06
3.50143e+06
3.50139e+06
3.50095e+06
3.50007e+06
3.50048e+06
3.50018e+06
3.50028e+06
3.50026e+06
3.50026e+06
3.50025e+06
3.50024e+06
3.50024e+06
3.50024e+06
3.50024e+06
3.50025e+06
3.50025e+06
3.50025e+06
3.50025e+06
3.50025e+06
3.50026e+06
3.50026e+06
3.50025e+06
3.50025e+06
3.50025e+06
3.50025e+06
3.50025e+06
3.50024e+06
3.50024e+06
3.50023e+06
3.50023e+06
3.50022e+06
3.50022e+06
3.50021e+06
3.50021e+06
3.5002e+06
3.5002e+06
3.50019e+06
3.50019e+06
3.50018e+06
3.50018e+06
3.50017e+06
3.50147e+06
3.50149e+06
3.50125e+06
3.50053e+06
3.50081e+06
3.50038e+06
3.50041e+06
3.50033e+06
3.50031e+06
3.50026e+06
3.50024e+06
3.50024e+06
3.50025e+06
3.50026e+06
3.50026e+06
3.50026e+06
3.50027e+06
3.50027e+06
3.50027e+06
3.50027e+06
3.50027e+06
3.50027e+06
3.50027e+06
3.50027e+06
3.50026e+06
3.50026e+06
3.50025e+06
3.50025e+06
3.50024e+06
3.50024e+06
3.50023e+06
3.50023e+06
3.50022e+06
3.50021e+06
3.50021e+06
3.5002e+06
3.5002e+06
3.50019e+06
3.50018e+06
3.50018e+06
3.50017e+06
3.50165e+06
3.50168e+06
3.50112e+06
3.50072e+06
3.50063e+06
3.50013e+06
3.5004e+06
3.50026e+06
3.50029e+06
3.50024e+06
3.50024e+06
3.50025e+06
3.50026e+06
3.50027e+06
3.50027e+06
3.50028e+06
3.50028e+06
3.50029e+06
3.50029e+06
3.50029e+06
3.50029e+06
3.50028e+06
3.50028e+06
3.50028e+06
3.50028e+06
3.50027e+06
3.50027e+06
3.50026e+06
3.50025e+06
3.50025e+06
3.50024e+06
3.50023e+06
3.50023e+06
3.50022e+06
3.50021e+06
3.50021e+06
3.5002e+06
3.50019e+06
3.50019e+06
3.50018e+06
3.50018e+06
3.5017e+06
3.5018e+06
3.5015e+06
3.50132e+06
3.50107e+06
3.50046e+06
3.50061e+06
3.50036e+06
3.50034e+06
3.50028e+06
3.50027e+06
3.50027e+06
3.50028e+06
3.50028e+06
3.50029e+06
3.50029e+06
3.5003e+06
3.5003e+06
3.5003e+06
3.5003e+06
3.5003e+06
3.5003e+06
3.5003e+06
3.50029e+06
3.50029e+06
3.50028e+06
3.50028e+06
3.50027e+06
3.50026e+06
3.50026e+06
3.50025e+06
3.50024e+06
3.50023e+06
3.50023e+06
3.50022e+06
3.50021e+06
3.50021e+06
3.5002e+06
3.50019e+06
3.50019e+06
3.50018e+06
3.50186e+06
3.502e+06
3.50137e+06
3.50113e+06
3.50086e+06
3.50046e+06
3.50038e+06
3.50008e+06
3.50038e+06
3.50028e+06
3.50031e+06
3.5003e+06
3.50029e+06
3.50029e+06
3.5003e+06
3.50031e+06
3.50031e+06
3.50032e+06
3.50032e+06
3.50032e+06
3.50032e+06
3.50032e+06
3.50031e+06
3.50031e+06
3.5003e+06
3.5003e+06
3.50029e+06
3.50028e+06
3.50027e+06
3.50027e+06
3.50026e+06
3.50025e+06
3.50024e+06
3.50023e+06
3.50023e+06
3.50022e+06
3.50021e+06
3.5002e+06
3.5002e+06
3.50019e+06
3.50019e+06
3.5019e+06
3.50208e+06
3.50152e+06
3.50134e+06
3.50105e+06
3.50067e+06
3.50053e+06
3.50016e+06
3.50042e+06
3.50031e+06
3.50035e+06
3.50033e+06
3.50031e+06
3.50031e+06
3.50032e+06
3.50032e+06
3.50033e+06
3.50034e+06
3.50034e+06
3.50034e+06
3.50034e+06
3.50033e+06
3.50033e+06
3.50032e+06
3.50032e+06
3.50031e+06
3.5003e+06
3.50029e+06
3.50028e+06
3.50027e+06
3.50027e+06
3.50026e+06
3.50025e+06
3.50024e+06
3.50023e+06
3.50022e+06
3.50022e+06
3.50021e+06
3.5002e+06
3.50019e+06
3.50019e+06
3.50201e+06
3.50219e+06
3.5016e+06
3.5014e+06
3.50101e+06
3.50065e+06
3.50053e+06
3.50015e+06
3.50043e+06
3.50032e+06
3.50037e+06
3.50036e+06
3.50034e+06
3.50034e+06
3.50034e+06
3.50035e+06
3.50035e+06
3.50036e+06
3.50036e+06
3.50036e+06
3.50035e+06
3.50035e+06
3.50034e+06
3.50034e+06
3.50033e+06
3.50032e+06
3.50031e+06
3.5003e+06
3.50029e+06
3.50028e+06
3.50027e+06
3.50027e+06
3.50026e+06
3.50025e+06
3.50024e+06
3.50023e+06
3.50022e+06
3.50021e+06
3.50021e+06
3.5002e+06
3.50019e+06
3.50205e+06
3.50225e+06
3.50164e+06
3.50143e+06
3.50103e+06
3.50068e+06
3.50058e+06
3.50021e+06
3.50047e+06
3.50035e+06
3.5004e+06
3.50039e+06
3.50036e+06
3.50036e+06
3.50037e+06
3.50037e+06
3.50038e+06
3.50038e+06
3.50038e+06
3.50038e+06
3.50037e+06
3.50037e+06
3.50036e+06
3.50035e+06
3.50034e+06
3.50033e+06
3.50032e+06
3.50031e+06
3.5003e+06
3.50029e+06
3.50028e+06
3.50027e+06
3.50026e+06
3.50025e+06
3.50024e+06
3.50023e+06
3.50023e+06
3.50022e+06
3.50021e+06
3.5002e+06
3.5002e+06
3.50208e+06
3.50227e+06
3.50166e+06
3.50144e+06
3.50104e+06
3.5007e+06
3.5006e+06
3.50024e+06
3.5005e+06
3.50039e+06
3.50043e+06
3.50042e+06
3.50039e+06
3.50039e+06
3.50039e+06
3.5004e+06
3.5004e+06
3.5004e+06
3.5004e+06
3.5004e+06
3.50039e+06
3.50038e+06
3.50038e+06
3.50037e+06
3.50036e+06
3.50035e+06
3.50034e+06
3.50032e+06
3.50031e+06
3.5003e+06
3.50029e+06
3.50028e+06
3.50027e+06
3.50026e+06
3.50025e+06
3.50024e+06
3.50023e+06
3.50022e+06
3.50021e+06
3.50021e+06
3.5002e+06
3.50212e+06
3.50233e+06
3.50167e+06
3.50143e+06
3.50104e+06
3.50071e+06
3.50061e+06
3.50026e+06
3.50053e+06
3.50041e+06
3.50046e+06
3.50044e+06
3.50042e+06
3.50042e+06
3.50042e+06
3.50042e+06
3.50043e+06
3.50043e+06
3.50042e+06
3.50042e+06
3.50041e+06
3.5004e+06
3.50039e+06
3.50038e+06
3.50037e+06
3.50036e+06
3.50035e+06
3.50034e+06
3.50032e+06
3.50031e+06
3.5003e+06
3.50029e+06
3.50028e+06
3.50027e+06
3.50026e+06
3.50024e+06
3.50024e+06
3.50023e+06
3.50022e+06
3.50021e+06
3.5002e+06
3.50211e+06
3.50235e+06
3.50162e+06
3.50141e+06
3.50106e+06
3.50073e+06
3.50062e+06
3.50028e+06
3.50055e+06
3.50044e+06
3.50049e+06
3.50048e+06
3.50046e+06
3.50045e+06
3.50045e+06
3.50045e+06
3.50045e+06
3.50045e+06
3.50045e+06
3.50044e+06
3.50043e+06
3.50042e+06
3.50041e+06
3.5004e+06
3.50038e+06
3.50037e+06
3.50036e+06
3.50035e+06
3.50033e+06
3.50032e+06
3.50031e+06
3.5003e+06
3.50028e+06
3.50027e+06
3.50026e+06
3.50025e+06
3.50024e+06
3.50023e+06
3.50022e+06
3.50021e+06
3.50021e+06
3.50216e+06
3.50241e+06
3.50162e+06
3.50139e+06
3.50104e+06
3.50072e+06
3.50063e+06
3.5003e+06
3.50057e+06
3.50047e+06
3.50052e+06
3.50051e+06
3.50049e+06
3.50049e+06
3.50048e+06
3.50048e+06
3.50048e+06
3.50047e+06
3.50047e+06
3.50046e+06
3.50045e+06
3.50044e+06
3.50043e+06
3.50041e+06
3.5004e+06
3.50039e+06
3.50037e+06
3.50036e+06
3.50034e+06
3.50033e+06
3.50032e+06
3.5003e+06
3.50029e+06
3.50028e+06
3.50027e+06
3.50026e+06
3.50024e+06
3.50023e+06
3.50023e+06
3.50022e+06
3.50021e+06
3.5021e+06
3.50232e+06
3.50165e+06
3.50143e+06
3.50104e+06
3.50072e+06
3.50065e+06
3.50033e+06
3.50061e+06
3.50051e+06
3.50056e+06
3.50055e+06
3.50052e+06
3.50052e+06
3.50051e+06
3.5005e+06
3.5005e+06
3.50049e+06
3.50049e+06
3.50048e+06
3.50047e+06
3.50045e+06
3.50044e+06
3.50043e+06
3.50041e+06
3.5004e+06
3.50038e+06
3.50037e+06
3.50035e+06
3.50034e+06
3.50033e+06
3.50031e+06
3.5003e+06
3.50028e+06
3.50027e+06
3.50026e+06
3.50025e+06
3.50024e+06
3.50023e+06
3.50022e+06
3.50021e+06
3.50216e+06
3.50241e+06
3.50164e+06
3.50137e+06
3.50099e+06
3.50069e+06
3.50065e+06
3.50035e+06
3.50064e+06
3.50055e+06
3.5006e+06
3.50059e+06
3.50056e+06
3.50055e+06
3.50054e+06
3.50053e+06
3.50053e+06
3.50052e+06
3.50051e+06
3.5005e+06
3.50048e+06
3.50047e+06
3.50046e+06
3.50044e+06
3.50043e+06
3.50041e+06
3.5004e+06
3.50038e+06
3.50036e+06
3.50035e+06
3.50033e+06
3.50032e+06
3.5003e+06
3.50029e+06
3.50028e+06
3.50027e+06
3.50025e+06
3.50024e+06
3.50023e+06
3.50022e+06
3.50021e+06
3.50195e+06
3.5022e+06
3.50147e+06
3.50124e+06
3.50097e+06
3.5007e+06
3.50066e+06
3.50039e+06
3.50068e+06
3.5006e+06
3.50066e+06
3.50065e+06
3.50061e+06
3.50059e+06
3.50058e+06
3.50056e+06
3.50055e+06
3.50054e+06
3.50053e+06
3.50052e+06
3.5005e+06
3.50049e+06
3.50047e+06
3.50046e+06
3.50044e+06
3.50042e+06
3.50041e+06
3.50039e+06
3.50037e+06
3.50036e+06
3.50034e+06
3.50033e+06
3.50031e+06
3.5003e+06
3.50028e+06
3.50027e+06
3.50026e+06
3.50025e+06
3.50024e+06
3.50023e+06
3.50022e+06
3.50204e+06
3.50231e+06
3.50139e+06
3.50108e+06
3.50085e+06
3.50063e+06
3.50066e+06
3.50043e+06
3.50074e+06
3.50067e+06
3.50072e+06
3.5007e+06
3.50066e+06
3.50064e+06
3.50061e+06
3.50059e+06
3.50058e+06
3.50056e+06
3.50055e+06
3.50054e+06
3.50052e+06
3.50051e+06
3.50049e+06
3.50047e+06
3.50045e+06
3.50044e+06
3.50042e+06
3.5004e+06
3.50038e+06
3.50037e+06
3.50035e+06
3.50033e+06
3.50032e+06
3.5003e+06
3.50029e+06
3.50028e+06
3.50026e+06
3.50025e+06
3.50024e+06
3.50023e+06
3.50022e+06
3.50176e+06
3.50193e+06
3.50134e+06
3.50105e+06
3.50076e+06
3.50061e+06
3.50065e+06
3.50047e+06
3.50079e+06
3.50074e+06
3.50078e+06
3.50075e+06
3.5007e+06
3.50067e+06
3.50064e+06
3.50062e+06
3.5006e+06
3.50058e+06
3.50057e+06
3.50055e+06
3.50054e+06
3.50052e+06
3.5005e+06
3.50049e+06
3.50047e+06
3.50045e+06
3.50043e+06
3.50041e+06
3.50039e+06
3.50038e+06
3.50036e+06
3.50034e+06
3.50032e+06
3.50031e+06
3.50029e+06
3.50028e+06
3.50027e+06
3.50025e+06
3.50024e+06
3.50023e+06
3.50022e+06
3.50185e+06
3.50192e+06
3.50098e+06
3.50064e+06
3.50064e+06
3.50068e+06
3.50077e+06
3.50063e+06
3.5009e+06
3.50081e+06
3.50083e+06
3.50078e+06
3.50072e+06
3.50069e+06
3.50066e+06
3.50064e+06
3.50062e+06
3.5006e+06
3.50058e+06
3.50057e+06
3.50055e+06
3.50054e+06
3.50052e+06
3.5005e+06
3.50048e+06
3.50046e+06
3.50044e+06
3.50042e+06
3.5004e+06
3.50038e+06
3.50037e+06
3.50035e+06
3.50033e+06
3.50031e+06
3.5003e+06
3.50028e+06
3.50027e+06
3.50026e+06
3.50025e+06
3.50024e+06
3.50023e+06
3.50071e+06
3.50062e+06
3.50026e+06
3.50035e+06
3.50052e+06
3.50066e+06
3.50074e+06
3.5006e+06
3.50092e+06
3.50084e+06
3.50084e+06
3.50079e+06
3.50075e+06
3.50071e+06
3.50068e+06
3.50066e+06
3.50064e+06
3.50062e+06
3.5006e+06
3.50059e+06
3.50057e+06
3.50055e+06
3.50053e+06
3.50051e+06
3.50049e+06
3.50047e+06
3.50045e+06
3.50043e+06
3.50041e+06
3.50039e+06
3.50037e+06
3.50035e+06
3.50034e+06
3.50032e+06
3.5003e+06
3.50029e+06
3.50027e+06
3.50026e+06
3.50025e+06
3.50024e+06
3.50023e+06
3.50076e+06
3.50081e+06
3.50079e+06
3.50076e+06
3.50073e+06
3.5007e+06
3.50068e+06
3.50067e+06
3.50065e+06
3.50063e+06
3.50062e+06
3.5006e+06
3.50059e+06
3.50057e+06
3.50055e+06
3.50053e+06
3.50051e+06
3.50049e+06
3.50046e+06
3.50044e+06
3.50042e+06
3.5004e+06
3.50038e+06
3.50036e+06
3.50034e+06
3.50033e+06
3.50031e+06
3.50029e+06
3.50028e+06
3.50027e+06
3.50025e+06
3.50024e+06
3.50023e+06
3.50007e+06
3.50007e+06
3.50007e+06
3.50007e+06
3.50008e+06
3.50008e+06
3.50008e+06
3.50008e+06
3.50009e+06
3.50009e+06
3.50009e+06
3.50009e+06
3.50009e+06
3.5001e+06
3.5001e+06
3.5001e+06
3.5001e+06
3.5001e+06
3.5001e+06
3.5001e+06
3.50006e+06
3.50006e+06
3.50007e+06
3.50007e+06
3.50007e+06
3.50008e+06
3.50008e+06
3.50008e+06
3.50008e+06
3.50009e+06
3.50009e+06
3.50009e+06
3.50009e+06
3.5001e+06
3.5001e+06
3.5001e+06
3.5001e+06
3.5001e+06
3.5001e+06
3.5001e+06
3.5001e+06
3.5001e+06
3.49963e+06
3.49958e+06
3.49944e+06
3.49943e+06
3.49967e+06
3.49984e+06
3.49991e+06
3.5e+06
3.5e+06
3.50003e+06
3.50004e+06
3.50004e+06
3.50005e+06
3.50005e+06
3.50005e+06
3.50006e+06
3.50006e+06
3.50007e+06
3.50007e+06
3.50008e+06
3.50008e+06
3.50008e+06
3.50009e+06
3.50009e+06
3.50009e+06
3.50009e+06
3.5001e+06
3.5001e+06
3.5001e+06
3.5001e+06
3.5001e+06
3.5001e+06
3.5001e+06
3.5001e+06
3.50011e+06
3.50011e+06
3.50011e+06
3.49962e+06
3.4997e+06
3.49984e+06
3.49988e+06
3.49994e+06
3.49995e+06
3.49998e+06
3.5e+06
3.50001e+06
3.50002e+06
3.50003e+06
3.50003e+06
3.50003e+06
3.50004e+06
3.50004e+06
3.50005e+06
3.50005e+06
3.50006e+06
3.50006e+06
3.50007e+06
3.50007e+06
3.50008e+06
3.50008e+06
3.50009e+06
3.50009e+06
3.50009e+06
3.50009e+06
3.5001e+06
3.5001e+06
3.5001e+06
3.5001e+06
3.5001e+06
3.50011e+06
3.50011e+06
3.50011e+06
3.50011e+06
3.50011e+06
3.50011e+06
3.50011e+06
3.50001e+06
3.50002e+06
3.49999e+06
3.5e+06
3.49996e+06
3.49997e+06
3.49999e+06
3.5e+06
3.50001e+06
3.50002e+06
3.50002e+06
3.50003e+06
3.50003e+06
3.50004e+06
3.50004e+06
3.50005e+06
3.50005e+06
3.50006e+06
3.50007e+06
3.50007e+06
3.50008e+06
3.50008e+06
3.50009e+06
3.50009e+06
3.50009e+06
3.5001e+06
3.5001e+06
3.5001e+06
3.5001e+06
3.50011e+06
3.50011e+06
3.50011e+06
3.50011e+06
3.50011e+06
3.50011e+06
3.50011e+06
3.50011e+06
3.50011e+06
3.50011e+06
3.50011e+06
3.5e+06
3.50005e+06
3.50003e+06
3.50003e+06
3.49999e+06
3.49999e+06
3.50001e+06
3.50002e+06
3.50002e+06
3.50002e+06
3.50002e+06
3.50003e+06
3.50003e+06
3.50004e+06
3.50004e+06
3.50005e+06
3.50006e+06
3.50006e+06
3.50007e+06
3.50008e+06
3.50008e+06
3.50009e+06
3.50009e+06
3.50009e+06
3.5001e+06
3.5001e+06
3.5001e+06
3.50011e+06
3.50011e+06
3.50011e+06
3.50011e+06
3.50011e+06
3.50011e+06
3.50011e+06
3.50012e+06
3.50012e+06
3.50012e+06
3.50012e+06
3.50012e+06
3.50011e+06
3.50011e+06
3.50013e+06
3.50003e+06
3.50002e+06
3.50001e+06
3.50001e+06
3.50001e+06
3.50002e+06
3.50002e+06
3.50002e+06
3.50003e+06
3.50003e+06
3.50003e+06
3.50004e+06
3.50005e+06
3.50005e+06
3.50006e+06
3.50007e+06
3.50007e+06
3.50008e+06
3.50009e+06
3.50009e+06
3.50009e+06
3.5001e+06
3.5001e+06
3.50011e+06
3.50011e+06
3.50011e+06
3.50011e+06
3.50011e+06
3.50012e+06
3.50012e+06
3.50012e+06
3.50012e+06
3.50012e+06
3.50012e+06
3.50012e+06
3.50012e+06
3.50012e+06
3.50012e+06
3.50012e+06
3.50012e+06
3.50017e+06
3.50006e+06
3.50004e+06
3.50003e+06
3.50002e+06
3.50002e+06
3.50003e+06
3.50003e+06
3.50003e+06
3.50003e+06
3.50003e+06
3.50004e+06
3.50004e+06
3.50005e+06
3.50006e+06
3.50007e+06
3.50007e+06
3.50008e+06
3.50009e+06
3.50009e+06
3.5001e+06
3.5001e+06
3.5001e+06
3.50011e+06
3.50011e+06
3.50011e+06
3.50012e+06
3.50012e+06
3.50012e+06
3.50012e+06
3.50012e+06
3.50012e+06
3.50012e+06
3.50012e+06
3.50012e+06
3.50012e+06
3.50012e+06
3.50012e+06
3.50012e+06
3.50012e+06
3.50009e+06
3.5001e+06
3.50009e+06
3.50006e+06
3.50004e+06
3.50003e+06
3.50003e+06
3.50003e+06
3.50003e+06
3.50003e+06
3.50004e+06
3.50004e+06
3.50004e+06
3.50005e+06
3.50006e+06
3.50006e+06
3.50007e+06
3.50008e+06
3.50009e+06
3.50009e+06
3.5001e+06
3.5001e+06
3.50011e+06
3.50011e+06
3.50011e+06
3.50012e+06
3.50012e+06
3.50012e+06
3.50012e+06
3.50013e+06
3.50013e+06
3.50013e+06
3.50013e+06
3.50013e+06
3.50013e+06
3.50013e+06
3.50013e+06
3.50013e+06
3.50013e+06
3.50012e+06
3.50012e+06
3.50011e+06
3.50014e+06
3.50012e+06
3.50009e+06
3.50006e+06
3.50004e+06
3.50004e+06
3.50004e+06
3.50004e+06
3.50004e+06
3.50004e+06
3.50005e+06
3.50005e+06
3.50006e+06
3.50006e+06
3.50007e+06
3.50008e+06
3.50009e+06
3.50009e+06
3.5001e+06
3.5001e+06
3.50011e+06
3.50011e+06
3.50012e+06
3.50012e+06
3.50012e+06
3.50013e+06
3.50013e+06
3.50013e+06
3.50013e+06
3.50013e+06
3.50013e+06
3.50013e+06
3.50013e+06
3.50013e+06
3.50013e+06
3.50013e+06
3.50013e+06
3.50013e+06
3.50013e+06
3.50013e+06
3.50017e+06
3.50019e+06
3.50009e+06
3.50006e+06
3.50006e+06
3.50005e+06
3.50004e+06
3.50004e+06
3.50004e+06
3.50005e+06
3.50005e+06
3.50005e+06
3.50006e+06
3.50006e+06
3.50007e+06
3.50008e+06
3.50009e+06
3.5001e+06
3.5001e+06
3.50011e+06
3.50011e+06
3.50012e+06
3.50012e+06
3.50012e+06
3.50013e+06
3.50013e+06
3.50013e+06
3.50013e+06
3.50014e+06
3.50014e+06
3.50014e+06
3.50014e+06
3.50014e+06
3.50014e+06
3.50014e+06
3.50014e+06
3.50014e+06
3.50013e+06
3.50013e+06
3.50013e+06
3.50013e+06
3.50019e+06
3.50023e+06
3.50012e+06
3.50009e+06
3.50008e+06
3.50006e+06
3.50005e+06
3.50005e+06
3.50005e+06
3.50005e+06
3.50006e+06
3.50006e+06
3.50007e+06
3.50007e+06
3.50008e+06
3.50009e+06
3.5001e+06
3.50011e+06
3.50011e+06
3.50012e+06
3.50012e+06
3.50013e+06
3.50013e+06
3.50013e+06
3.50014e+06
3.50014e+06
3.50014e+06
3.50014e+06
3.50014e+06
3.50014e+06
3.50014e+06
3.50014e+06
3.50014e+06
3.50014e+06
3.50014e+06
3.50014e+06
3.50014e+06
3.50014e+06
3.50014e+06
3.50013e+06
3.50013e+06
3.50023e+06
3.50024e+06
3.50016e+06
3.50011e+06
3.50009e+06
3.50006e+06
3.50006e+06
3.50006e+06
3.50006e+06
3.50006e+06
3.50007e+06
3.50007e+06
3.50008e+06
3.50009e+06
3.50009e+06
3.5001e+06
3.50011e+06
3.50012e+06
3.50012e+06
3.50013e+06
3.50013e+06
3.50013e+06
3.50014e+06
3.50014e+06
3.50014e+06
3.50015e+06
3.50015e+06
3.50015e+06
3.50015e+06
3.50015e+06
3.50015e+06
3.50015e+06
3.50015e+06
3.50015e+06
3.50015e+06
3.50015e+06
3.50014e+06
3.50014e+06
3.50014e+06
3.50014e+06
3.50014e+06
3.50026e+06
3.50029e+06
3.5002e+06
3.50014e+06
3.50011e+06
3.50009e+06
3.50008e+06
3.50007e+06
3.50007e+06
3.50007e+06
3.50008e+06
3.50008e+06
3.50009e+06
3.5001e+06
3.50011e+06
3.50011e+06
3.50012e+06
3.50013e+06
3.50013e+06
3.50014e+06
3.50014e+06
3.50014e+06
3.50015e+06
3.50015e+06
3.50015e+06
3.50015e+06
3.50016e+06
3.50016e+06
3.50016e+06
3.50016e+06
3.50016e+06
3.50016e+06
3.50015e+06
3.50015e+06
3.50015e+06
3.50015e+06
3.50015e+06
3.50015e+06
3.50014e+06
3.50014e+06
3.50014e+06
3.50031e+06
3.50033e+06
3.50016e+06
3.5001e+06
3.50013e+06
3.5001e+06
3.50009e+06
3.50008e+06
3.50009e+06
3.50009e+06
3.50009e+06
3.5001e+06
3.5001e+06
3.50011e+06
3.50012e+06
3.50013e+06
3.50013e+06
3.50014e+06
3.50014e+06
3.50015e+06
3.50015e+06
3.50015e+06
3.50016e+06
3.50016e+06
3.50016e+06
3.50016e+06
3.50016e+06
3.50016e+06
3.50016e+06
3.50016e+06
3.50016e+06
3.50016e+06
3.50016e+06
3.50016e+06
3.50016e+06
3.50015e+06
3.50015e+06
3.50015e+06
3.50015e+06
3.50015e+06
3.50014e+06
3.50044e+06
3.50052e+06
3.50027e+06
3.50018e+06
3.50018e+06
3.50013e+06
3.50012e+06
3.5001e+06
3.5001e+06
3.5001e+06
3.5001e+06
3.50011e+06
3.50012e+06
3.50013e+06
3.50013e+06
3.50014e+06
3.50015e+06
3.50015e+06
3.50016e+06
3.50016e+06
3.50016e+06
3.50017e+06
3.50017e+06
3.50017e+06
3.50017e+06
3.50017e+06
3.50017e+06
3.50017e+06
3.50017e+06
3.50017e+06
3.50017e+06
3.50017e+06
3.50017e+06
3.50016e+06
3.50016e+06
3.50016e+06
3.50016e+06
3.50015e+06
3.50015e+06
3.50015e+06
3.50015e+06
3.50062e+06
3.49993e+06
3.50063e+06
3.50019e+06
3.50016e+06
3.5001e+06
3.50012e+06
3.50012e+06
3.50012e+06
3.50011e+06
3.50012e+06
3.50013e+06
3.50013e+06
3.50014e+06
3.50015e+06
3.50016e+06
3.50016e+06
3.50017e+06
3.50017e+06
3.50017e+06
3.50018e+06
3.50018e+06
3.50018e+06
3.50018e+06
3.50018e+06
3.50018e+06
3.50018e+06
3.50018e+06
3.50018e+06
3.50018e+06
3.50018e+06
3.50018e+06
3.50017e+06
3.50017e+06
3.50017e+06
3.50016e+06
3.50016e+06
3.50016e+06
3.50016e+06
3.50015e+06
3.50015e+06
3.50083e+06
3.50028e+06
3.50102e+06
3.50047e+06
3.50033e+06
3.50016e+06
3.50016e+06
3.50014e+06
3.50014e+06
3.50014e+06
3.50014e+06
3.50014e+06
3.50015e+06
3.50016e+06
3.50017e+06
3.50017e+06
3.50018e+06
3.50018e+06
3.50018e+06
3.50019e+06
3.50019e+06
3.50019e+06
3.50019e+06
3.50019e+06
3.50019e+06
3.50019e+06
3.50019e+06
3.50019e+06
3.50019e+06
3.50019e+06
3.50018e+06
3.50018e+06
3.50018e+06
3.50018e+06
3.50017e+06
3.50017e+06
3.50017e+06
3.50016e+06
3.50016e+06
3.50016e+06
3.50015e+06
3.50107e+06
3.50094e+06
3.50063e+06
3.49985e+06
3.50026e+06
3.50005e+06
3.50014e+06
3.50014e+06
3.50016e+06
3.50016e+06
3.50016e+06
3.50016e+06
3.50017e+06
3.50018e+06
3.50018e+06
3.50019e+06
3.50019e+06
3.50019e+06
3.5002e+06
3.5002e+06
3.5002e+06
3.5002e+06
3.5002e+06
3.5002e+06
3.5002e+06
3.5002e+06
3.5002e+06
3.5002e+06
3.5002e+06
3.50019e+06
3.50019e+06
3.50019e+06
3.50019e+06
3.50018e+06
3.50018e+06
3.50017e+06
3.50017e+06
3.50017e+06
3.50016e+06
3.50016e+06
3.50016e+06
3.50118e+06
3.50115e+06
3.50095e+06
3.50009e+06
3.50041e+06
3.50011e+06
3.50019e+06
3.50018e+06
3.50019e+06
3.50018e+06
3.50018e+06
3.50018e+06
3.50019e+06
3.50019e+06
3.5002e+06
3.5002e+06
3.50021e+06
3.50021e+06
3.50021e+06
3.50021e+06
3.50021e+06
3.50021e+06
3.50021e+06
3.50021e+06
3.50021e+06
3.50021e+06
3.50021e+06
3.50021e+06
3.50021e+06
3.5002e+06
3.5002e+06
3.5002e+06
3.50019e+06
3.50019e+06
3.50018e+06
3.50018e+06
3.50018e+06
3.50017e+06
3.50017e+06
3.50016e+06
3.50016e+06
3.50131e+06
3.50121e+06
3.50098e+06
3.5001e+06
3.50039e+06
3.50009e+06
3.50021e+06
3.50021e+06
3.50021e+06
3.5002e+06
3.5002e+06
3.50021e+06
3.50021e+06
3.50021e+06
3.50022e+06
3.50022e+06
3.50022e+06
3.50022e+06
3.50023e+06
3.50023e+06
3.50023e+06
3.50023e+06
3.50023e+06
3.50023e+06
3.50023e+06
3.50022e+06
3.50022e+06
3.50022e+06
3.50022e+06
3.50021e+06
3.50021e+06
3.5002e+06
3.5002e+06
3.50019e+06
3.50019e+06
3.50019e+06
3.50018e+06
3.50018e+06
3.50017e+06
3.50017e+06
3.50016e+06
3.50135e+06
3.50127e+06
3.50104e+06
3.50015e+06
3.50045e+06
3.50016e+06
3.50026e+06
3.50025e+06
3.50024e+06
3.50023e+06
3.50023e+06
3.50022e+06
3.50023e+06
3.50023e+06
3.50023e+06
3.50023e+06
3.50024e+06
3.50024e+06
3.50024e+06
3.50024e+06
3.50024e+06
3.50024e+06
3.50024e+06
3.50024e+06
3.50024e+06
3.50023e+06
3.50023e+06
3.50023e+06
3.50022e+06
3.50022e+06
3.50022e+06
3.50021e+06
3.50021e+06
3.5002e+06
3.5002e+06
3.50019e+06
3.50019e+06
3.50018e+06
3.50018e+06
3.50017e+06
3.50017e+06
3.50143e+06
3.50139e+06
3.50095e+06
3.50007e+06
3.50048e+06
3.50018e+06
3.50028e+06
3.50026e+06
3.50026e+06
3.50025e+06
3.50024e+06
3.50024e+06
3.50024e+06
3.50024e+06
3.50025e+06
3.50025e+06
3.50025e+06
3.50025e+06
3.50025e+06
3.50026e+06
3.50026e+06
3.50025e+06
3.50025e+06
3.50025e+06
3.50025e+06
3.50025e+06
3.50024e+06
3.50024e+06
3.50023e+06
3.50023e+06
3.50022e+06
3.50022e+06
3.50021e+06
3.50021e+06
3.5002e+06
3.5002e+06
3.50019e+06
3.50019e+06
3.50018e+06
3.50018e+06
3.50017e+06
3.50147e+06
3.50149e+06
3.50125e+06
3.50053e+06
3.50081e+06
3.50038e+06
3.50041e+06
3.50033e+06
3.50031e+06
3.50026e+06
3.50024e+06
3.50024e+06
3.50025e+06
3.50026e+06
3.50026e+06
3.50026e+06
3.50027e+06
3.50027e+06
3.50027e+06
3.50027e+06
3.50027e+06
3.50027e+06
3.50027e+06
3.50027e+06
3.50026e+06
3.50026e+06
3.50025e+06
3.50025e+06
3.50024e+06
3.50024e+06
3.50023e+06
3.50023e+06
3.50022e+06
3.50021e+06
3.50021e+06
3.5002e+06
3.5002e+06
3.50019e+06
3.50018e+06
3.50018e+06
3.50017e+06
3.50165e+06
3.50168e+06
3.50112e+06
3.50072e+06
3.50063e+06
3.50013e+06
3.5004e+06
3.50026e+06
3.50029e+06
3.50024e+06
3.50024e+06
3.50025e+06
3.50026e+06
3.50027e+06
3.50027e+06
3.50028e+06
3.50028e+06
3.50029e+06
3.50029e+06
3.50029e+06
3.50029e+06
3.50028e+06
3.50028e+06
3.50028e+06
3.50028e+06
3.50027e+06
3.50027e+06
3.50026e+06
3.50025e+06
3.50025e+06
3.50024e+06
3.50023e+06
3.50023e+06
3.50022e+06
3.50021e+06
3.50021e+06
3.5002e+06
3.50019e+06
3.50019e+06
3.50018e+06
3.50018e+06
3.5017e+06
3.5018e+06
3.5015e+06
3.50132e+06
3.50107e+06
3.50046e+06
3.50061e+06
3.50036e+06
3.50034e+06
3.50028e+06
3.50027e+06
3.50027e+06
3.50028e+06
3.50028e+06
3.50029e+06
3.50029e+06
3.5003e+06
3.5003e+06
3.5003e+06
3.5003e+06
3.5003e+06
3.5003e+06
3.5003e+06
3.50029e+06
3.50029e+06
3.50028e+06
3.50028e+06
3.50027e+06
3.50026e+06
3.50026e+06
3.50025e+06
3.50024e+06
3.50023e+06
3.50023e+06
3.50022e+06
3.50021e+06
3.50021e+06
3.5002e+06
3.50019e+06
3.50019e+06
3.50018e+06
3.50186e+06
3.502e+06
3.50137e+06
3.50113e+06
3.50086e+06
3.50046e+06
3.50038e+06
3.50008e+06
3.50038e+06
3.50028e+06
3.50031e+06
3.5003e+06
3.50029e+06
3.50029e+06
3.5003e+06
3.50031e+06
3.50031e+06
3.50032e+06
3.50032e+06
3.50032e+06
3.50032e+06
3.50032e+06
3.50031e+06
3.50031e+06
3.5003e+06
3.5003e+06
3.50029e+06
3.50028e+06
3.50027e+06
3.50027e+06
3.50026e+06
3.50025e+06
3.50024e+06
3.50023e+06
3.50023e+06
3.50022e+06
3.50021e+06
3.5002e+06
3.5002e+06
3.50019e+06
3.50019e+06
3.5019e+06
3.50208e+06
3.50152e+06
3.50134e+06
3.50105e+06
3.50067e+06
3.50053e+06
3.50016e+06
3.50042e+06
3.50031e+06
3.50035e+06
3.50033e+06
3.50031e+06
3.50031e+06
3.50032e+06
3.50032e+06
3.50033e+06
3.50034e+06
3.50034e+06
3.50034e+06
3.50034e+06
3.50033e+06
3.50033e+06
3.50032e+06
3.50032e+06
3.50031e+06
3.5003e+06
3.50029e+06
3.50028e+06
3.50027e+06
3.50027e+06
3.50026e+06
3.50025e+06
3.50024e+06
3.50023e+06
3.50022e+06
3.50022e+06
3.50021e+06
3.5002e+06
3.50019e+06
3.50019e+06
3.50201e+06
3.50219e+06
3.5016e+06
3.5014e+06
3.50101e+06
3.50065e+06
3.50053e+06
3.50016e+06
3.50043e+06
3.50032e+06
3.50037e+06
3.50036e+06
3.50034e+06
3.50034e+06
3.50034e+06
3.50035e+06
3.50035e+06
3.50036e+06
3.50036e+06
3.50036e+06
3.50035e+06
3.50035e+06
3.50034e+06
3.50034e+06
3.50033e+06
3.50032e+06
3.50031e+06
3.5003e+06
3.50029e+06
3.50028e+06
3.50027e+06
3.50027e+06
3.50026e+06
3.50025e+06
3.50024e+06
3.50023e+06
3.50022e+06
3.50021e+06
3.50021e+06
3.5002e+06
3.50019e+06
3.50205e+06
3.50225e+06
3.50164e+06
3.50143e+06
3.50103e+06
3.50068e+06
3.50058e+06
3.50021e+06
3.50047e+06
3.50035e+06
3.5004e+06
3.50039e+06
3.50036e+06
3.50036e+06
3.50037e+06
3.50037e+06
3.50038e+06
3.50038e+06
3.50038e+06
3.50038e+06
3.50037e+06
3.50037e+06
3.50036e+06
3.50035e+06
3.50034e+06
3.50033e+06
3.50032e+06
3.50031e+06
3.5003e+06
3.50029e+06
3.50028e+06
3.50027e+06
3.50026e+06
3.50025e+06
3.50024e+06
3.50023e+06
3.50023e+06
3.50022e+06
3.50021e+06
3.5002e+06
3.5002e+06
3.50208e+06
3.50227e+06
3.50166e+06
3.50144e+06
3.50104e+06
3.5007e+06
3.5006e+06
3.50024e+06
3.5005e+06
3.50039e+06
3.50043e+06
3.50042e+06
3.50039e+06
3.50039e+06
3.50039e+06
3.5004e+06
3.5004e+06
3.5004e+06
3.5004e+06
3.5004e+06
3.50039e+06
3.50038e+06
3.50038e+06
3.50037e+06
3.50036e+06
3.50035e+06
3.50034e+06
3.50032e+06
3.50031e+06
3.5003e+06
3.50029e+06
3.50028e+06
3.50027e+06
3.50026e+06
3.50025e+06
3.50024e+06
3.50023e+06
3.50022e+06
3.50021e+06
3.50021e+06
3.5002e+06
3.50212e+06
3.50233e+06
3.50167e+06
3.50143e+06
3.50104e+06
3.50071e+06
3.50061e+06
3.50026e+06
3.50053e+06
3.50041e+06
3.50046e+06
3.50044e+06
3.50042e+06
3.50042e+06
3.50042e+06
3.50042e+06
3.50043e+06
3.50043e+06
3.50042e+06
3.50042e+06
3.50041e+06
3.5004e+06
3.50039e+06
3.50038e+06
3.50037e+06
3.50036e+06
3.50035e+06
3.50034e+06
3.50032e+06
3.50031e+06
3.5003e+06
3.50029e+06
3.50028e+06
3.50027e+06
3.50026e+06
3.50024e+06
3.50024e+06
3.50023e+06
3.50022e+06
3.50021e+06
3.5002e+06
3.50211e+06
3.50235e+06
3.50162e+06
3.50141e+06
3.50106e+06
3.50073e+06
3.50062e+06
3.50028e+06
3.50055e+06
3.50044e+06
3.50049e+06
3.50048e+06
3.50046e+06
3.50045e+06
3.50045e+06
3.50045e+06
3.50045e+06
3.50045e+06
3.50045e+06
3.50044e+06
3.50043e+06
3.50042e+06
3.50041e+06
3.5004e+06
3.50038e+06
3.50037e+06
3.50036e+06
3.50035e+06
3.50033e+06
3.50032e+06
3.50031e+06
3.5003e+06
3.50028e+06
3.50027e+06
3.50026e+06
3.50025e+06
3.50024e+06
3.50023e+06
3.50022e+06
3.50021e+06
3.50021e+06
3.50216e+06
3.50241e+06
3.50162e+06
3.50138e+06
3.50104e+06
3.50072e+06
3.50063e+06
3.5003e+06
3.50057e+06
3.50047e+06
3.50052e+06
3.50051e+06
3.50049e+06
3.50049e+06
3.50048e+06
3.50048e+06
3.50048e+06
3.50047e+06
3.50047e+06
3.50046e+06
3.50045e+06
3.50044e+06
3.50043e+06
3.50041e+06
3.5004e+06
3.50039e+06
3.50037e+06
3.50036e+06
3.50034e+06
3.50033e+06
3.50032e+06
3.5003e+06
3.50029e+06
3.50028e+06
3.50027e+06
3.50026e+06
3.50024e+06
3.50023e+06
3.50023e+06
3.50022e+06
3.50021e+06
3.5021e+06
3.50232e+06
3.50165e+06
3.50143e+06
3.50104e+06
3.50072e+06
3.50065e+06
3.50033e+06
3.50061e+06
3.50051e+06
3.50056e+06
3.50055e+06
3.50052e+06
3.50052e+06
3.50051e+06
3.5005e+06
3.5005e+06
3.50049e+06
3.50049e+06
3.50048e+06
3.50047e+06
3.50045e+06
3.50044e+06
3.50043e+06
3.50041e+06
3.5004e+06
3.50038e+06
3.50037e+06
3.50035e+06
3.50034e+06
3.50033e+06
3.50031e+06
3.5003e+06
3.50028e+06
3.50027e+06
3.50026e+06
3.50025e+06
3.50024e+06
3.50023e+06
3.50022e+06
3.50021e+06
3.50216e+06
3.50241e+06
3.50164e+06
3.50137e+06
3.50099e+06
3.50069e+06
3.50064e+06
3.50035e+06
3.50064e+06
3.50055e+06
3.5006e+06
3.50059e+06
3.50056e+06
3.50055e+06
3.50054e+06
3.50053e+06
3.50053e+06
3.50052e+06
3.50051e+06
3.5005e+06
3.50048e+06
3.50047e+06
3.50046e+06
3.50044e+06
3.50043e+06
3.50041e+06
3.5004e+06
3.50038e+06
3.50036e+06
3.50035e+06
3.50033e+06
3.50032e+06
3.5003e+06
3.50029e+06
3.50028e+06
3.50027e+06
3.50025e+06
3.50024e+06
3.50023e+06
3.50022e+06
3.50021e+06
3.50195e+06
3.5022e+06
3.50147e+06
3.50124e+06
3.50097e+06
3.5007e+06
3.50066e+06
3.50039e+06
3.50068e+06
3.5006e+06
3.50066e+06
3.50065e+06
3.50061e+06
3.50059e+06
3.50058e+06
3.50056e+06
3.50055e+06
3.50054e+06
3.50053e+06
3.50052e+06
3.5005e+06
3.50049e+06
3.50047e+06
3.50046e+06
3.50044e+06
3.50042e+06
3.50041e+06
3.50039e+06
3.50037e+06
3.50036e+06
3.50034e+06
3.50033e+06
3.50031e+06
3.5003e+06
3.50028e+06
3.50027e+06
3.50026e+06
3.50025e+06
3.50024e+06
3.50023e+06
3.50022e+06
3.50204e+06
3.50231e+06
3.50139e+06
3.50108e+06
3.50085e+06
3.50063e+06
3.50066e+06
3.50043e+06
3.50074e+06
3.50067e+06
3.50072e+06
3.5007e+06
3.50066e+06
3.50064e+06
3.50061e+06
3.50059e+06
3.50058e+06
3.50056e+06
3.50055e+06
3.50054e+06
3.50052e+06
3.50051e+06
3.50049e+06
3.50047e+06
3.50045e+06
3.50044e+06
3.50042e+06
3.5004e+06
3.50038e+06
3.50037e+06
3.50035e+06
3.50033e+06
3.50032e+06
3.5003e+06
3.50029e+06
3.50028e+06
3.50026e+06
3.50025e+06
3.50024e+06
3.50023e+06
3.50022e+06
3.50176e+06
3.50193e+06
3.50134e+06
3.50105e+06
3.50076e+06
3.50061e+06
3.50065e+06
3.50047e+06
3.50079e+06
3.50074e+06
3.50078e+06
3.50075e+06
3.5007e+06
3.50067e+06
3.50064e+06
3.50062e+06
3.5006e+06
3.50058e+06
3.50057e+06
3.50055e+06
3.50054e+06
3.50052e+06
3.5005e+06
3.50049e+06
3.50047e+06
3.50045e+06
3.50043e+06
3.50041e+06
3.50039e+06
3.50038e+06
3.50036e+06
3.50034e+06
3.50032e+06
3.50031e+06
3.50029e+06
3.50028e+06
3.50027e+06
3.50025e+06
3.50024e+06
3.50023e+06
3.50022e+06
3.50185e+06
3.50192e+06
3.50098e+06
3.50064e+06
3.50064e+06
3.50068e+06
3.50077e+06
3.50063e+06
3.5009e+06
3.50081e+06
3.50083e+06
3.50078e+06
3.50072e+06
3.50069e+06
3.50066e+06
3.50064e+06
3.50062e+06
3.5006e+06
3.50058e+06
3.50057e+06
3.50055e+06
3.50054e+06
3.50052e+06
3.5005e+06
3.50048e+06
3.50046e+06
3.50044e+06
3.50042e+06
3.5004e+06
3.50038e+06
3.50037e+06
3.50035e+06
3.50033e+06
3.50031e+06
3.5003e+06
3.50028e+06
3.50027e+06
3.50026e+06
3.50025e+06
3.50024e+06
3.50023e+06
3.50071e+06
3.50062e+06
3.50026e+06
3.50035e+06
3.50052e+06
3.50066e+06
3.50074e+06
3.50061e+06
3.50091e+06
3.50084e+06
3.50084e+06
3.50079e+06
3.50075e+06
3.50071e+06
3.50068e+06
3.50066e+06
3.50064e+06
3.50062e+06
3.5006e+06
3.50059e+06
3.50057e+06
3.50055e+06
3.50053e+06
3.50051e+06
3.50049e+06
3.50047e+06
3.50045e+06
3.50043e+06
3.50041e+06
3.50039e+06
3.50037e+06
3.50035e+06
3.50034e+06
3.50032e+06
3.5003e+06
3.50029e+06
3.50027e+06
3.50026e+06
3.50025e+06
3.50024e+06
3.50023e+06
3.50076e+06
3.50081e+06
3.50079e+06
3.50076e+06
3.50073e+06
3.5007e+06
3.50068e+06
3.50067e+06
3.50065e+06
3.50063e+06
3.50062e+06
3.5006e+06
3.50059e+06
3.50057e+06
3.50055e+06
3.50053e+06
3.50051e+06
3.50049e+06
3.50046e+06
3.50044e+06
3.50042e+06
3.5004e+06
3.50038e+06
3.50036e+06
3.50034e+06
3.50033e+06
3.50031e+06
3.50029e+06
3.50028e+06
3.50027e+06
3.50025e+06
3.50024e+06
3.50023e+06
)
;

boundaryField
{
    inlet
    {
        type            calculated;
        value           nonuniform List<scalar> 0();
    }
    outlet
    {
        type            calculated;
        value           nonuniform List<scalar> 0();
    }
    walls
    {
        type            calculated;
        value           nonuniform List<scalar> 0();
    }
    side1
    {
        type            cyclic;
    }
    side2
    {
        type            cyclic;
    }
    procBoundary4to0
    {
        type            processor;
        value           nonuniform List<scalar> 
52
(
3.50068e+06
3.50067e+06
3.50065e+06
3.50064e+06
3.50062e+06
3.50061e+06
3.50059e+06
3.50057e+06
3.50055e+06
3.50052e+06
3.5005e+06
3.50048e+06
3.50045e+06
3.50043e+06
3.50041e+06
3.50039e+06
3.50037e+06
3.50035e+06
3.50033e+06
3.50031e+06
3.5003e+06
3.50028e+06
3.50027e+06
3.50026e+06
3.50024e+06
3.50023e+06
3.50068e+06
3.50067e+06
3.50065e+06
3.50064e+06
3.50062e+06
3.50061e+06
3.50059e+06
3.50057e+06
3.50055e+06
3.50052e+06
3.5005e+06
3.50048e+06
3.50045e+06
3.50043e+06
3.50041e+06
3.50039e+06
3.50037e+06
3.50035e+06
3.50033e+06
3.50031e+06
3.5003e+06
3.50028e+06
3.50027e+06
3.50026e+06
3.50024e+06
3.50023e+06
)
;
    }
    procBoundary4to1
    {
        type            processor;
        value           nonuniform List<scalar> 
32
(
3.50016e+06
3.50034e+06
3.50102e+06
3.50124e+06
3.50102e+06
3.5008e+06
3.50076e+06
3.50083e+06
3.50083e+06
3.50075e+06
3.50076e+06
3.50079e+06
3.50075e+06
3.50074e+06
3.5007e+06
3.50069e+06
3.50016e+06
3.50034e+06
3.50102e+06
3.50124e+06
3.50102e+06
3.5008e+06
3.50076e+06
3.50083e+06
3.50083e+06
3.50075e+06
3.50076e+06
3.50079e+06
3.50075e+06
3.50074e+06
3.5007e+06
3.50069e+06
)
;
    }
    procBoundary4to3
    {
        type            processor;
        value           nonuniform List<scalar> 
88
(
3.5001e+06
3.5001e+06
3.50011e+06
3.50011e+06
3.50011e+06
3.50011e+06
3.50011e+06
3.50011e+06
3.50012e+06
3.50012e+06
3.50012e+06
3.50013e+06
3.50013e+06
3.50013e+06
3.50013e+06
3.50014e+06
3.50014e+06
3.50014e+06
3.50015e+06
3.50015e+06
3.50015e+06
3.50016e+06
3.50016e+06
3.50016e+06
3.50017e+06
3.50017e+06
3.50017e+06
3.50018e+06
3.50018e+06
3.50018e+06
3.50019e+06
3.50019e+06
3.50019e+06
3.5002e+06
3.5002e+06
3.5002e+06
3.5002e+06
3.50021e+06
3.50021e+06
3.50021e+06
3.50021e+06
3.50022e+06
3.50022e+06
3.50022e+06
3.5001e+06
3.5001e+06
3.50011e+06
3.50011e+06
3.50011e+06
3.50011e+06
3.50011e+06
3.50011e+06
3.50012e+06
3.50012e+06
3.50012e+06
3.50013e+06
3.50013e+06
3.50013e+06
3.50013e+06
3.50014e+06
3.50014e+06
3.50014e+06
3.50015e+06
3.50015e+06
3.50015e+06
3.50016e+06
3.50016e+06
3.50016e+06
3.50017e+06
3.50017e+06
3.50017e+06
3.50018e+06
3.50018e+06
3.50018e+06
3.50019e+06
3.50019e+06
3.50019e+06
3.5002e+06
3.5002e+06
3.5002e+06
3.5002e+06
3.50021e+06
3.50021e+06
3.50021e+06
3.50021e+06
3.50022e+06
3.50022e+06
3.50022e+06
)
;
    }
    procBoundary4to5
    {
        type            processor;
        value           nonuniform List<scalar> 
86
(
3.50007e+06
3.50007e+06
3.50007e+06
3.50007e+06
3.50007e+06
3.50008e+06
3.50008e+06
3.50008e+06
3.50008e+06
3.50009e+06
3.50009e+06
3.50009e+06
3.50009e+06
3.50009e+06
3.50009e+06
3.50009e+06
3.5001e+06
3.5001e+06
3.5001e+06
3.5001e+06
3.50006e+06
3.50006e+06
3.50006e+06
3.49961e+06
3.4998e+06
3.49996e+06
3.49986e+06
3.49999e+06
3.50002e+06
3.50007e+06
3.50004e+06
3.50005e+06
3.50004e+06
3.50005e+06
3.50005e+06
3.50005e+06
3.50005e+06
3.50006e+06
3.50006e+06
3.50003e+06
3.50003e+06
3.50004e+06
3.50004e+06
3.50007e+06
3.50007e+06
3.50007e+06
3.50007e+06
3.50007e+06
3.50008e+06
3.50008e+06
3.50008e+06
3.50008e+06
3.50009e+06
3.50009e+06
3.50009e+06
3.50009e+06
3.50009e+06
3.50009e+06
3.50009e+06
3.5001e+06
3.5001e+06
3.5001e+06
3.5001e+06
3.50006e+06
3.50006e+06
3.50006e+06
3.49961e+06
3.4998e+06
3.49996e+06
3.49986e+06
3.49999e+06
3.50002e+06
3.50007e+06
3.50004e+06
3.50005e+06
3.50004e+06
3.50004e+06
3.50005e+06
3.50005e+06
3.50005e+06
3.50006e+06
3.50006e+06
3.50003e+06
3.50003e+06
3.50004e+06
3.50004e+06
)
;
    }
}


// ************************************************************************* //
